1
30 30
010011111001100001011110110110
000001111111011011111000010101
111111111000101000101001111101
010010101001111011101010001111
010111111011100011100101101010
101111100001010011001011100001
011110000000001010111010101101
101010100100001100011110110000
010101111100100001000110101111
111101110000011101001000010111
100000111111101011111011001110
000100111101001100001000110000
000111110101001101101000001101
111101010100000110001001011100
011101010001001111111010011101
100000101011111000100101101001
110100110111001011001010000100
010000001111011110101000001111
101101111100000101011110100010
000100011001000000001110100011
010000001000110110110011100101
100100110011000101111000110101
011000011100000010110010001101
001111111001001101100101111001
000111010111001010100100011101
101111010011111110101111110110
000011111110011001011101010101
111010101011010010101011100011
100101101100011011001100000001
110100000111110111011101101001
