1
100 100
1111111111111111011111111111111111011111111111111110111111111111111111011111111011011111011101111111
0111111111111101111111111111111110111110111111111110111111111111111111111111111101111010110011111111
1011111111111011110110011110111111110111111111111101101111011111111111111111110110111111111110111111
1110001111111111111111111111100111101111111011111011101111101111111111110111111011111011111111110111
1111111111111101110011111111011111111111111111111110111110111111101111111111110111110111111111111111
1011101111011111111111011111111111111111111111111111111101111111110111011111111111011111111111111111
1111011111111111111111111111111111111111110111011111101111111111110111111111111101111111111111111111
1111110111110111100111111111011111101111011011111111111111111111111111111111111111111111111111111111
1101110111111111111111111111111011111111111101111111111111111110011101110100011111110111111111111001
1111111111111111111111111111101111111111111111111111111111111111111110111111111111111111111111101110
1111111111111111101111111111111110101111111111111111111111101111011101111111111111101011111111111111
1111111111100101111110011111011011110111111110011111101111111111110101110111111011011111110111111111
0111111111111111111110111111110111111111110111111111011111111111101101111001101111111110111111111111
1101101111111111111101111111111111111111111111111111111110110111111111101011111111110111111111111101
1111111111110110111111111111110001110111111111111111111111111101111111111111110011111111011111111111
1101111111111111111111111110111111111111111110111111011111100011111111001111111111111111011011110111
1111111111111111111111111111111111111111111111111111110111111110111111111111111111111111110111111110
1110111011111010111111111111101111111111111111111111111111111111111111111110111111111111111101111111
1111111111111111001111111111011111010111111101101101111111111101101111111111111111111111111111111111
1111111111101111111111111011101111111101101111111111111110101111111011111111111011111111111111111101
0111111111111011111111110111111110111111110111010111111111111101111111111111111111111111110111110111
0111101101111111111111110110111011110111101111101111111111111111111111111111111111110011101111111111
0111111101011111111111111111111111111111111010101111011111111111111111111101101101111111111110111111
1111111011111111111111111111111111111111111111111111101111111101111111111101111111111111110111110111
1110111010111111111111111111111111111111111101111110111111111101111111111111111111111101111011111111
1111111111111111101110111111101101101111111011111111111100111111111111111111111011111111111111011111
1111111111111111110111111110111111111011010111111101111111111111111111111111111110111111111111111111
1111011101111111110101110111111111011111111111111110111111111111111111111111011010111101101011111111
1111101111111111111110111111111111011111111111111011011111101111110111111110111111111110111111111101
1111101111111001111111111111111011111111111111111111111111100111111111111011111111111111001110111011
1011011111111111011011111111111111011111111101101111111111111111111101111110101111110111110111111110
1111011111101111111111111111111111111111111111111111111101011111111111101111111111110011111111111111
1010111111111101110111111111101011101111111111111111111110111111111111111111111111111111111111110010
1111111111111101111111011111111111111111111110110111111111111111111011111111111111101111111111111111
1111111111001111111110111111111111011111111011111111110111111111111111010111110111011010101111111111
1111111111111111111111110001111011111111111111111111111111111110111111111011110111111111111111111111
0111111111111111111111101111111111111111010111111011111111111111110111111111101110111011111011111111
1111110111111111111110110111111110111111100111110111111111111110111111111111111111111111111111111110
1110111110111111111110111111111001110111011111111011111111111011111111110111111011011111101111111111
1111111111111110111111110111111111111111111011001110111111111110111111111111000111111011111111111101
0111111111111111011101111111111111111111111100101111101111111111111011110110111110111111111111110111
1101111111111111111111111111111111111111111101110111101011111111011101101100011111111111111111111101
1111111111111111111111111110111111111011110111110011110111110111111111111101111001111111111111100111
1111111111111111011111111111111111111111110111111111010111111110111111011111110111110111110111111111
1111111011111101111111011101111111111111110111011111110111111111111111100111110111110111111111101111
1111111110101111111111111111111111110111111111111111111111111111111111111111011001111111011111111111
0111111101111011111101111011111111111111110111111111111111111111110111101111111001111111111110011011
1110111111111111111111111111111111111111111111111111111111011101111111111010101111111111111111011111
1101110010111011110111111111111111100101111111011111111111101111111111111111111111011111111111110111
1111111111011111111011111111011111111111111111111111111111111111111111111111110111111111111101111110
1111011111111101111111011111010111111111111011111111111111111111111111111111011111111011111111111111
1111101111111111111101111101111110111111111111011111111111111110111111111101101111111111111111101110
0111111111111011111111111111111110111111011010101100101101111111111111111111111101111111010111101111
1110111111111111111101111011111111111101111111011111111110111111111011111111011011111110111011111111
1011111111111110111100111111111101111110111011011111111111111111111111101111111101111111111111111011
1111111111111111111011111001011111111101111111111111111111111111111101111111111011111101111111111111
1111111111110111101111111111111111111111110110111111110111111111111111111111111111111111011111111111
1111111111111111111111110111111111001111101111111111111111111111111110110110111111111111111111110111
1111110111111011111111011101111110111111100111110111111111111111101111111111111111101111111111100111
1101111111101001001111111111111110111111011111111111101111111111111110111101111111111111111110111111
0111111011111111111111111111011001110111111111111011111111111111111111111111110111011111111111111111
1111111111111111111111111111111111111111101111111011111011111111101111111111101101111111101111111111
1111101101111101111111111101111110111111111111111111101111111111111111111111111111111111011111111111
1111111111111111111110111111111111101111111101111011100111111111111101111110111111111111101110111111
1011111010111111111111111111111111111101101111111111111111011110110111111111111111111111111101111111
0111111111111111111111111111111110111011110101111111111111011111111111101111111111111111111111111111
1111111111111111011111101110111111111111111111111111111111111110101111111111111111111011111111111111
1111110101111111111111111110101111111111111111111011111111111111111111111111101101111111111111011011
1111111111110011111111011111111101111110111111111101111111111111111111101111111101111111101111101111
1111111111111111111111111011011111110111111101110111111011111111111011111111111111111101111111011111
1111111111111111011111110111111111111101111111111110011011111110111110011110111111111111111111110111
1101111111111111110101111111101111101111111111111111111111101111110111111011101100111111110111111101
1111101111111110110110111111111110110111111111111111111111111111011111111101111111100111111110111111
1111111011111111111101111111011111111111111111111111101111111111111101111111111111111111111111111111
1010111111111111101111111111111111111111101111111111111001111111101100101101101111111111101111011111
1111111111110111110111101111111111111111111111111110011110111111111011111111111111111111101011110111
1110111101111111111111110110111110011011111110111110111111111111111011111111111111111101111111011111
1111111111111111110111001011111101101011111111010111111011111011111111111111010010111111111111111111
1111111111111110111111111111101111111000111111111111111111111110111111111111111111111111110111111111
0111101111111111111111111111111111111111110111111011111111011111111111111111101101111111111111111111
0111111111111011101110111111111111111101111111101111111111111111111111011111111111111111111111111111
1111111111111011111111111111100111111110011111111111111011111111111111111111111111111010111011111111
1111111101001111111111101111011111111111110101111111111111111111101111111111110111111101111111011111
1011111111111111111111111111111111110111101010111111111111111011111111111011011011111111111111111111
0010111111111011111011111111101111111111111111110111111111111011111111111111111111111111111111111111
1111110011111110111111111111111111111111110111111111101101111111011010101111111111111011111101001111
1111111101110111111011111111111111011111111111011111111111010111111111011111111111111111110011111111
0111111110011011011111111111111000111111111011111111111111111011111111111111111111111111111001111111
1111111110111110111111111111111111111111110101011111111111011111110111111111110111111111111111111111
1111111111111111111111111111111111111011110111111011111111111111101100111111111111111111010111111111
1110111111111101111101111011011111111111111101111111111111111101111111111101011111111101111111111111
1111111111111111101111011111111100111101110110111111111111111111111111111111101011111111111111111111
1111111111111111011101111001100111111111111111011111111111111110111111111111111011111111111111011111
1111111111111101111111110111111111011101111111111111111011111111111111111111111111111111111101111111
1111111111101111011111101110111111111101111111111111111101111111111111111111111011111111111111111111
1111111010011110011011111111110011101101111111101110111011111110110111111111111111101111111111111111
1111111111111011111111111111111110011111100111101111111101111111111111111111111111101111110111111111
1111101111111111111101011111111111111111110111011111111111111111011111111101001111111111111011111110
0111011111111110111111111111111101111111111111110111111111111101111011111101111111111011111111111011
1110111111111111111111101111101111111111111111110111101111111111111111110110111111111111111111101011
