1
300 300
111111111111111111111111111111111101111111111111111111111111111111111111111111111111111111111111111111111111111111011111111111111111111111111111111111111111111111111111111111111111111111111111111111111111111111111111111111111111111111111111111111111101111111111111111111111111111111111111111111111111
111001111111111111111111111111011111111111111111111111111110111111111111111111111111111111111111111111111111111111111111111111111111111111111111111111111111101111111111111111111111111101111111111111111111111111111111111111011111111111111111111111111111111111111111111111111111111111111111111111111111
111111111111111111111111111111111111111111111111111110111111111111111111111111111111111111111111111111111111111111111011111111111111111011111111111111111111111111111111111111111111111111111111111111111111110111111111111111111111111111111111111111111111111111111111111111111111111111111111111111111101
111111111111111111111111111111111111111111111111111111111111111111111111111111111111111111111111111111111111111111111011111111111111111111111111111111111111111111110111111111111111111111111111111111111111111111101111111110111111111111111111111111111111111111111111110111111111111111111111111111111111
111111111111111111111111111111111111111111111111111111111111111111110111111111111111111111111111111111111111111111111111111111111111111111111111111111111111111111111111111111111111111111111111111111111111111111111111111111111111111101111111111111111111111111111111111111111111111011111111111111111111
111111111111111111111111111011111111111111111011111101111111111111111101111111111111111111111111111111111111111111111111111111111111111111111111111111111101111111111111111111111111111111111111111111111110111111111111111111111111111111111111111111111111111111111111111111111111111111111111111111111111
111111111111111111111111111101111111111111111111111111111111111111111111111111111111111111111111111111111111111111111111111111111111111111011011111111111111111111111111111111111111111111111111111111111111111111111111111111111111111110111111111111111111111111111111111111111111111111111111111111111111
111111111111111111111111111011111111111111111111111111111111111111111111111111111111111111111111111111111111111111111111111111111111111111111111111111110111111111111111111111111111111111111111111111111111111011111111111111111111111111111111111111111111111111111101111111111111111111111111111111111111
111111111111111111111111111111111111111111110111111111111111110111111111111111111111111111111111111111111111111111111111111111111111111111111111111111111111111111111111111111111111111111111111110111111111111111111111111111111110111111111011011111111111111111111111111111111111111111111111111111111111
111111111111111111011111111111111111111111111111111011111111111111111111111111111111111111111111111111111111111111111111111111111111111111111111111111111111111111111101111111111111111111101111111111111111101111111111111111111111111111111111111111111111111111111111111111111111111111111111111110111111
111111111111111111111111111111111111111111110111111111111111111111111111111111111111111111111111111111111111111111111111111111111111111111111111111111111111111111111111111111111111111101111111111111111111111111111111111111111111111111111111111111111111111111111111111111111111111111111111111111111111
111111111111111111111111111111111111111111111011111111111111111111111111111111111111111111111111111111111111111111111111101111111111111111111110111111111111111111111111111101111111111111111111111111111111111111111111111111111101111111111111111111111111111111111111111111111011111111111111111111111111
111111111111111111111111111111111111111111111111111111111111111111111111111110111011101111101111111111111111111111111111111111111111111111111101111111111111111111111111111111111111111111111111111111111110111111111111111110111111111101111111011111111111111111111111111111111111111111111111111111111111
111111111111111111111111111111111111111111101110111011111111111111111111111111111111101111111111111101111111111111111111011111111111111111111111111111111111111111111111111111101111111111111111111111111111111111111111111111111111111111111111111101111111111111111111011101101111111111111111111111111101
111111111111111111111111111111111111101111011111101111111111111111111111111111110111111111111111111111111111111111111111111111111111111111111101111111111111111111111111111111111111111111111111111111111111111111111111111111011101111111111111111111111111111111111111111111111111111111111111111111111111
111111111110111111111111111111111111011111111111111111111111111111111111111111111111111111111111111111111111111111111111111111111111111111111111111111111111111111111111111111111110011111111111111111111111111111111111111111111111111111111111111111111111111111111111111111111111111111111111111111111111
111111111111111111111111111111111111111111111111111111111111111111111111111111111101111111111111111111111111111111111111111111111111111111111111111111111111111111111111111111111111111111111111111111111111111111111111111111111111111111111111111111111111111111111111111111111111111111111111111111111111
111111111111111111111111110111111011111111111111111111111111111011111111111111111111111111111111111011111111111110111111111111111111101111111110101111111111111111111111111111111111111111111101111111111111111111111111111111111111111111111111111111011111111111111111111111111111111111111111111111111111
111111111111111011111111111111111111111111111111111111111111111111111111111111110111111111111111101111111111111111111111111111111111111111011111111111111111111111111111111111111110111111111111111111111111111111111111111111111111111111111111111111111111111111111111111111111111111111111111111111111111
111111111111111111111111011111111111111111111111111111111111111111111011111111111111111111111111111111111101111111111111111111011111101111111111111111111111111111111111111111111111111111111111111111111111111111101011111111111111111111111111111111111111111111111111111111111111111111111111111110111111
111111101111111111111111111101111111011111111111111111111111111111111111111111111111111111111111111111111111111111111111111111111111111111111111111111111111111111111111111111111111011111111011111111111111101111111111111111111111111110111111111111111111111111111111111111111111111111111111111111111111
111111111111111111111111111111111111111111111111111111111111111111111111111111111111111111111111111111111111111111111111111111111111111111111111111111111111111111101101111111111111111111111111111111111111111111111111111111111111111111111111111111111111111111111111111111111111111111111111111111111111
111111111111111111111111111111111111111111111111111111111111111011111111111111111111111111111111111111111101111111111111111111111111111111111111111111111111111111111111111111111111011111111111111110111111111111110111111111011111111101111110111111111101111111111111111111111111111111111111101111111111
111111111111111111111111111111111111111111111111111111111111111111111111111111111111110111111111111111111111111111111111111111111111111111111111111111111111111111111111111111101111111111111111111111111111111111111111111111111111111111101111111111111111111111111111111111111111111100111111111111111101
111111111111111111111111111111111011111111111111111111111111111111111111111111111111111111111111111111111111111111111111111111110111111111111111111111111111111111111111111111111111111111111111111111111110111111111111101111111111111111111111111111111111111101111111111111111101111111111111111111111111
111111111111111111111111111111111111111111111111111111111111111111111111111111111111111111111111111111111111111111111111111101111111111111111111111111111111111111111111111111111111111111111111111111111111111111111111110111111111111111101011111111111111111111111111111111111111011111111111111111111111
111111111111111111111111111111111111101111111111111111111111111111111111111111111111111111111111111101111011111111111111111111111111111111111111111111111111111111111111111111111111111111111111111111110111111111111111111111111111111111111111111111101111111111111111111111011111111111111111111111111111
111111111111111111111111111111111111111111111111111111111111111111111111111111111111101111111111111111111111011111111111111011111111111111111111111111111111111111111111111111111101111111011111111111111111111111111111111111111111111111111111101111111111111111111011111111111111111111111111111111111111
101111111111111111111111111110111111111111111111111111111111111111111111111111111111111111111111111111111101111111111111111111111111111111111111111111111111011111111111111111111111111110111111111111111111111111110111111111111111111111011111111111111111111111111111111111111111111111111111111111111111
011111111101101101111111111111111111111111111111111111111111101111111111111111111111111111111111111111111111111111111111111111111111111111111111111111111111111111111111111111111111111111111111111111111111111111111111111111111111111111111011111111111111111111111111111111111111111111111111111111111111
111111111111111111111111111111111111111111111111111111111111111111111111110111111111111111111111111111111111111111111011111111111111111111111111111111111111111111111111111111111111111111111111111111111111111111111111111111111011111111111111111111011111111111111111111111111111111111111111111111111111
111111111111111111111111111111111111111111111111111111111111111111111111111111111111111111111111111111111111111111110111111111111111111111011111111111111111011111111111111111111110111111111111111111111111111011011111111111111111110111111111111111111111111011111111111111111111111111101111111111111111
111111111111111111111111111111111011111111111111111111111111111111111111111111111110111111011111111111111011111111111111011111111111111111111111111111111111111111111111111111111111111111111110111111111111111111111111111111111111111111111111111111110111111111111111111011111111111111111111111111111111
111111111111111111111111111111111111111111111111111111111111111111111111111111111111111111111111111111111111111111111111111111111111111111111111111111111111111111111111111111111111111111111111111111111111111111111111111011111111111111111111111111111111111111111111111111111111111111111111111111111111
110111111111111111111111111111111111111111111111111111111111111111111111111111111111111111111111111111111111111111111111111111111111101011111111111011111111111111111111111110111111111111111111111111111111111111111111111111111111111111111111111101111101111111111111111111011111111111111111111111111111
111111111111111111111111111111111111111111111111111111111111111111111111111111111111111111111111111111111111110011111111111111111111111111111110111111111111111111111111111111111111111111111111111111111111111111011111111110111111111111111111111111110111111111111111111111111110111111111111111111111111
111111111111111111111101111111111111111111111111111111111111111111111111111111111111111111111111101111111111111111111111111111111111111111111111111111111111111111111111111111111111111111111111111111111111110111111111111111111111111111111111111111111111111101111111111111111111111111111111111111111111
111111011111111111111111101111111011111111111111111111110111111111111111111111111111011011111111111111111111111111111111111111111111111111111101101111111111111101111111111111111111111111111111111111111111111111111111111111111111111111111111111111111111110111111111111111111111111111111111111111111111
111111111111111101111111110111111111111111111111111111111111111111111111111111111111111111101111111111111111111011111111111111111111111111111111111111111101111111111111111111111111111011111111111111111111111111111111111111111111111111111111111111111111111111111101111111111111111111110111111111111111
111101111111111111111111111111111111111111111111111111111111111111111101111111111111111111111011111111111111111111111111111111111111111111111011111111111111111111111111111111111111111111111111101111111111111111111111111111111111111111111111111111111111111111111111111111111111111111111111111111111111
111011111111111011110111111111111110111111111111111111111011111111111111110111111111111111111111111111111111111111111111111111111111111111011111111111111111011111111111111111111111111111111111111111111111111111111111111111111111111111111111111111111011111111011111111111111111111111111111111111111111
111111111111110111111111111111111111111111111111111110111111111111111011111111111111111111111111111111111111111111111111111111111111111111111111111111111111111101111111111111111111111101111111111111111111111111111111111111111111111111111111111111111111111111111111111111111111111111111111111111111111
111111111111011111111111101111111111111111111111110111111111111111111111111111111111111111111111111111111111111111111111111111111111111111111111111111111111111111111111111111111111111111111111111111111111111111111110111111111111111111111111111111111111111111111111111111111111111111111111111111111111
111111111111111111111111111111011111111111111111111111111111111111111111111111111111111111111111111111111101111111111111111111111111111111111111111111111111111111111111011111111111111111111111111111111111111111111111111111111111111111111111111111111111111111111111111111111111111111111111111111111101
111011111111111111111111111111111111111111111111111111111111111111111111111111111111111111111111111111111111111111111101111111111111111111111111111111111111111111111111111111111111111111111111111111111111111111111111111111111111111111111111111111111111111111111111110111111111011111111111111111111111
111111111111011111111111111111111111101111111111111111111011111111111111111111111111111111111111011111111111111111111111111111111111111111111111111111111111111111111110111111111111111111111111111101111111111011111111111111011111111111111111111111111111111111111111111111111111111111111111111111111111
111111111111111101110111111111111111111111111111111111111111111111111111111111111111111111111111111111111111111111111111111111111111111111111110111111111111111111111111111111111111111111111111111111111111111111111111111111111111111111111111111111110111111011111111111111111111111111111111111111111111
111111111111111111111111111111111111111111111111111111111111111111111111111110111111111111111111111111111111111111111111111111111111111111111111111111111111110111111111111111111111111111111111111111111111111111110110111111111111111111111111111111111111111111110111111111111111111111111111111111111111
111111111111111111111111111111111111111111111111111111111111111111111111111111111111111111111111111111111111111111111111111111111110111111111111111111111111110111111111111111111111111111111111110111111111011111111111111111111111111111111111111110111111111111111111111111111111111111111111111111111111
111111011111111111111111111111111111111111111111111111111111111111101111111111111111111111111111111111111111111111111111111111101111111111111111111111111111111111111111111111111111111111111111111111111111111111111111111111111111111111111110111111111111111111111111111111111111111111111111111111110111
111111111111101111111111111111111111111111111111111111110111111111111111111111111011111111111111111111111111101111111111111111111111111111111111111111111111111111111011111111111111111111111111111111111111111111111111111111111111111111111111111111111111111111111111111111111111111111111111111111111111
111111111111111111111111111111111111111111111111111111111111111111111111111111111011111011111111111111111110111111111111111111101111111111111111111111101111111111111111111111111111111111111111111111111111111111111111111111111101111111111111111111111111111111111111111111111111111111111111111111111111
111111111111111111111111111110111111111111111111111110111111111111111111111111111111111111111110111111111111111011111111111111111111111111111111111111111111011111011111111111111111111111111111111111111101111111111111111111111111111111111111011111111011111111111111111111111111111111111111111111111111
111111101111111111111111111111111111111111111111111111111111111111111111111111111111111111111111111111111111111111111111111111111111111111111111111111111111111111111111111111111111111111111111111111111111110111111111111111111111111111111111111011111111111111111111111111111111111111111111111111111111
111111111111111111111110111111111111110111111111111111111111111111111111111111011111111111111011111111111111111111111111111111111111111111111111111011111111111011111111111111111111111111111111111111111111111111111110111111111111011111111111111111111111111111110111101111111111111111111111111111111111
111111111111111111111111111111111111110111111111111111111111111111111111111111111111111111111110111110111111111111111111111111111111111111111111111111111111111111111111111111111111111111111111111111111111111111111111111111111111111111111111111111111111111111111111111111111111111111111111110111111111
111110111111111111111111111111111111111111111111011111111111111011111111111111111111111111111111111111111111110111111111111111111101111111111111011111111111111111111111111111111111111111111111111111111111111111111111111111111111111111111111011111111101111011111111111111111111111111111111111111111111
111111111111111111111111111111111101111111111111111111111111111111111111111111111111111101111111111111111111111111111111111111111111111111111111111111111111011111111111111111111111111111111111111111111111101111111111111111111111111111111111111111111111011110111111111111111101111111111111111110111111
111111111111111111111111111111111111111111111111011101111111111111111111111111111111111111111111111111111011011111111111111111111111111111111111111111111111111111111111111111111111111111111111111111111111111111111111111111011111111111111111111111111101111111111011111111111111111111111111111111111111
111101111111111111111111111111111111111111111111111111111111111111111111111111111111111111111111111111111111111111111111111111111111011111111111111111111111111111111111111111111111111111111111111111111111111111111111111111111111111111111111111111111111111111111101111111111111111111111111111111111111
110111111111111111111111111111111111011111111111111111111111111111111111111111111011111111111111111111111111111111111111011111101111111111111111111111111111111111011111111101111111111111111111111111111110111111111111111111111111111111111111111111111111111111111111111111111111111111111111111111111110
111111111111111111111111101111111111111111111111111111111111111111111111111111111111111111111111111111111111111111111111111111101110111111111111111111111111111111111111101111111111111111111111111111111111111111111111111101111011111111111111111111111111111111111111111111110111111111111111111111111111
111111111111111111111111110111111111011111111110111111111111011111111111111111111111111101100111111111111111111111111111111111101111111111111111111111111111111111011111111111111111110111111111111111111111111101111111111111111111111111111111111111111111111111111111111111111111111111111111111111111111
111111111111111111111101110111111111111111111111111111111111111111111110111111111111111111111111111111111111111111111111111111111111111111111111111111111111111111111111111111111111111111101111111111111111111111111111111111111111111111111111111011111111111111111111111111111111111111111111111111111111
111111101111111111111111111111111111111111111111111111111111111111111111111111111111111111011111111111111111111111111111111111111111111111111111111111111111111111011111111111111111111111111111111111111111111111111111111111111111111111111111111110111111111111111111111111111111111111111111111111111111
111111111111111111111111111111111111111111111111111111111111111111111111111111111111110111111111111111111111111111111111111111111111111110101111111111111111111111111111111111111111110111111111111111111111111111111111111111111111111111111111111111111111111111111111111111111111111111111111111111101111
111111111111111101111111111111111101111111111110111111111111111111111111111111101111111111111111111111111111111111111111111111111111111111111110111111111111111111111111111101111111111111111111111111111111110111111111111111111111111111111111111111111111111111111111111101111111111111111111111111111111
111111111111110111111111111111111111111111111111111111111111111111111111111111111111111111101111111111111101111111111111111111111111110111111111111111111111111111111111111111111111111111111111111111111111111111111111111111110111111111111111111111111111110111111111110111111111111111111111111111111111
111111111111111111111111111111111111111111111111111111111111111111111111111011111111111111111111111111111111111101101111111111111111111111111011111111111111111111111111111111111111111111111111111111111111111111111111111111111111111111111111011111111111111111111111111111111111110111111111111111111111
111111111111111111111111111111111111111101111111111111111111111111111111111111111111111111111111111111111111111111111111011111111111111111111111111111110111111111111111110111111111111111111111111111111111111111111111111101111111111111111111111111111111111111111111101111111111111111111111111111111111
111111111111111111111111101111111111111111111111111111111111111111111111111111111111111011111011111111101111111110111111111111111111111111111111111111111111111111111111111111111111111111111011111101011111111111111111111111111111111111111111111111111111111111111111111111111111111111111111111111110111
111111111111111111111111111111111111111111111111111111101111111111111111111111111111111111111111111111111111111111011111111111111111011111111111111111111111111111111111111111111111111111111111111111111111111111111111111111111111111111101111111111111111111111111101111111111111111111111101111111111111
111111110111111111111101111101111111111111111111111111111111111111111101111111111111111111111111101111111111111111111111111111111111111111111111111111110111111110111101111110111111111111111111111111111111111111111111110111111111111111111111111111111111111111111111111111111111111111111111111111110111
111111111111111111111111111111111111111111111111111111111111111111111111111111111111111111111111111111111111111111111111111111111111111111111111111111111111111111111111111111111111111101111100110111111111111111111111111111111111111111111111111111111111111111111011111111111111111111111111111111111111
111111111111111111111111111111111111111111111111111011111111111111111111111111111111111111111111111111111111111111111111111111111111111111111111111111110111111111111111011111111111111111111111111111110111111111111111111111111111111111111111111111111111111111111110111111111111111111111111111110111111
111111111111111111111111111111111111111111111111111111111111111111111111111111111111111111111111111111111111111111111111111111111111111111111111111111111111111111011111111111111111111110111111111111111111111111111111111111111111111111111111111111111111111111111111111111111111111111111111111111111111
111111111111111111111111111111111111111111111111111111111111111111111111111111111111111111111111111111111111111111111111111111111111111111111111111111111111111111111111111111111111111111111111110111111111111111111111111111111111111111111111111111111111111111111111111111111111111111111111111111111111
111111111111110111111111111111111111111111111111111111111111111111111111111111111111111111111111111111111111111111111111111111111111111111111111111111111111111111111111111111111111111110111111110111111111011111111111111111110111111111111111111111111111101111111111111111111111111111111111111111111111
111111111111111111111111111111111111111111111111111111111111111111111111101111111111111111111111111111111111111111111111111111111111111111111111111111111111111111111111111111111111111111111111111111111111111111111111111111111111111111111111111111111111111111111111111111111111111111111111111011111111
111111111111111111111111111111111111111111111111111111111111111111111111111111111111111111111111111111111111111111111111111111111111111111111110111111111011111111111111111111111111111111111111111111111111111111111111111111111111111101111111111111111111110111111001111111111111111111111111111111111111
111111111111111111111111111111111111111111111111111111111111111011111111111111111111111111111111111111111111111111111111111111111111111111111111111111110111111111111111111111111111111111111111111111111111111111111111111111111101111111101111111111111111111111111111111111111111111111111011111111111111
111111111111111111111111111111111111111111111111111111111111110111111111111111111111111111111111111111111111110111111111111111111111111111111111111111111111111111111111111111111111111111111111111111111111111111111111111111111111110111111111111111111111111111111111111111110111111111111111111111111111
111111111111111111111111111111111111111111111111111011111111111111111111111111111111111111111111101111111101110111010101111111111111111111111111111111111111111111111111111111111111111111111111111110111111111111111111111111111111111111111111111111111111111111111111111011111111111111111111111111111111
111111111111111111111111111111111111111111101111111111111111111111111111111111111111011111111111111111111111111111111111111111111111111111111011111111111111111111111111111111111111111111111111111111111011111111111111111111111111111111111110111111101111111111111110111111111111111010111111111111111111
111111111111111111111111111111111111111111111111111111111111111111111111111111111111111111111111111111111111111111111111111111111110111111111111110101111111111111111111011111111111111111111111111110111111111111111111111111111111111111111111111111111111111111111111111111111111111111111111111110111111
111111111111111111110111111111110111111111111111111111111110111111111111111111111111111111111111111111111111111101111111111111111111111111111111111111111111111111111111111111111111111111111111111111111111111101111111111111111111111111111111111101111111111111111111111111111111111111111111111111111111
111111111111111111111111111111111111111111111111111111111111111111111111111111111111111111111111111111111111111111111111111111111111111111111101111111111111111111111111111111111111111111111111111111111111101111111111111111111111111111111111111111111111111111111111111111111111111111111111111111111111
111111111111111111111111111111111111111111111111111111111111111111111111111111111111111111111110111111111111111111111111111111111111111111111110111111111111110111111111110101111101111111111111111111111111111111111111111111111111111111111111111111111111111111111111111111111111011111111111111111111111
111111111111111111111111111111111111111111111111111111111111111111111111111111111111111111111111111111111111111011111111111111111111111111111111111111111111111110111111111111111111111111111111111111111111111111111111111011111111111111111111111111111111111111111111111111111111111111111111111111111111
111111111111111111111111111111110111111111111111111111111111111111111111111111111111111111111111101111110111111111111111111111111111111111111111011111111111111111111111111111111111111111111111111111111111111110111111111111111111111111111111111111111111111111111111111111111111111111111111111111111110
111111111111011111111111111111110111011111111101110111111111111111111011111111111111111111111111111111111111111111111111011111111111111111111111111111111111111111011111111111111111101111111111111111111111111111111111111111111111111111111111110111111111111111111111111111111111111111111111111111111111
111111111011111111111111111011111111111111111111111111111111111111111111111111111111111111111111101111111111111111111111111111111111011111111111111111111111111111111111111111111111111111111111111111111111111111111111011111111111111111111111111111111111111111111111111111111111111111111111111111111111
111111111111101111111111111111111111011111111111111111111111111111111111111111111111111111111111111111111111111111111111111101111111111111111111111111111111111111111111111111111111111111111111111111111111111111111111111111111111111111111111111111111111111111111111111101111111111111111111111111111111
101111111111111111110111111111111111111111111111111111111111111111111111111111111111111111111111111111111111111111111111111111111111111111111111111111111111111111111111111111110101111111111111111111111111111111111111111111111111111111111111111111111111111111101111111111111111111111111111111111111111
111111111111111111111111111111111111111111111111111111111111111111111111111111111111111101111111111111111111111111111111111111111111111011101111111111111111111110111111111111111111111011111111111111111111111111111111111111111111111111111111111111111111111111111111111111111111111111111111111111111111
111111111111110111011111111111111111111111111111111111111111110111111111111111111111111111111101111111111111111111111111101111111111111111111111111111111111111111111111111111111111111111111111111111111111111111111111111111111111111111111111110111111111111111111111111111111111111111111111111111111111
111111111111111111111111111111111111011111111111111111111111111111110111111111111111111111111111111111111111111111111111111111111111111111111111111111111111111011111111111111101111111111111101111111111111111101111111111101111111111111111111111111111111111111111111111111111111111111111111111111011111
111111111111111111111111111111111111111111010111111111111111111011111111111111111111111111111111111111111111111111111111111111111111111111111111111111111111111111011111111111111111111111111111111111111111111110111111111111111111111111111111111111111110111111111111111110111111111111111111111111111111
111111111111111111111111111111111111111111111111111111111111011111111111111111111111111111111111111111111111111111111111111111111111111111111111111111111111111111111111111111111111111111111111111111111111111111111111111111111111111111111111100111111111111111101111111111111111111111111111111111111111
111111111111111111111111111111111111111111111111011111111111111111111111111111111111111110111111111111111111111111111111111111111111111111111111111111111111111111111101111111111111011111111111111111111111111111111111111111101111111111111111111111111111111111111111111111111111110111111111111111111111
111111111111111111111111111111111111111111111111111111111111111111111110011111111111111011111111111111111111111111111111111111111111111111111110111111111111111111111111111111111111111101111111111111111111111111111111111111011111111111111110111111111111111111111111111111111111111111111111111111111011
111111111111111111111111111111111111101111111111111111111111111111111111111111111111111111111111111111111111111111111111111111111111111111111111111111111111111111111111111111111111111111111111111111111111001111111111111111111111111111111111111111111111111111111111111111111111111111111111111111111111
111111111111111111111111011111111111111111111111111111111011111111111111111111111111111011011111110111111111111111111111111111111111111111111111111111111111111111111111101111111111111111111111111111111111111111111111111111111111111111111111111111111111111111111111111111111110111111111111111111111011
111111111111111111111111111111111111111111111111111111111111111111111111111111111111111111111111111110111111111111111111111111111111111111111111101110111111111111111111111111111111011111111111111111111110111111111111111111111111111111111111111111111111111111111111111111111111111111111111111111111111
011111111111111111111111111111111111111111111111111111111111111111111111111111111111111111111111111111111111110111101110111111111111111111111111011111111111111111111101111111111111111111111111111111110111111111111111111111111111111110111111111111111111111111111111111111111111111111111111111111111111
111111111110111111111111111111111011111111111111111111111111111111111110111111111111111111111111111111111111111111111111111111111111011111111111111111111111111111111111111111111111101111111111111111111111111111111111111111111111011111111111111111111111111111111111111111111111111111111111111111111111
111111111111111111111111111111111111111111011111111111111111111111111111111110111111111111111111111111111111111111111111111111111111111110111111111111111111111111111111111111111111111111111111111111111111111111111111111111110110111111111111111111111111111111111111011111111111111111111011111111111111
111111111111111111111110111111111111111110111111111111111111111110111111111111111111111111111111111111111111111111111111111111111111111111111111111111111111111111111111111111110111111111111111111111111111111111111111111111111111111111111101111111111111111111111111111111111111111111111111111111111111
111111111011111111011111111111111111111111110111111111111111111111111111111111111111111111111111111111111111111111111111111111111111111111111111111111111111111111111111111111101111111111101111111111111111111011111111111111111111111111111111111111010111111111111111111111011111111111111111111111111111
111111111111111111111111111111111111111111111111111111111111111111111011111111110111111111111111111111111111111111111111111111111111111111111111101101011111111111111111111111111111111111111111011111111111111110111111111111111111111111111111111111111111110111111111111111111111111111111111111111111111
111111111111111111111111111111111111111111111111111111111111111111111111111111111111111111111111111111111001111110011111111111111111111111111111111111111111111111111111111111111111111111110011111111110111111111111111111111110111111111110111111111111111111111111111111111111111111111111111111111111111
110111111111111111111111111111111011111111111111111111111111111111111111111111111111111111111011111111111111111111111111111111111111111110111111111111111011111111111111111111111111011111111111111111111111111111111111101111111111111111111111111111111111101111111111111111111111111111111111111111111101
111111111111111111111111111111111111111111111111011111111111111111111111111111111111111111111111111110111111111111111111111111111111111111111111111111111111111111111111111111111111111111111111111111111111111111111111111111111111111111111111111111111111111111111111111111111111111111111111111111111111
011111111111111111111111101111111111111111111111111111111111111111111111111111111111111111111111111111111111111111111011111111111111111111111111111111111111111111111111111111111111111111111111110111111101111111111111111111111111111011111111111110111111111111111111111111111111111111111111111111111111
111111111111111111111101111111111111111111111110111111111111111111111111111111111101111111111111111111111111111111111111111111111111111111111111111111111111111101111111111111111111111111111111111111111111111111111111111111111111111111111111111111111111111101111111111111111111111111111111111111111111
111111111111111111111111111111111011111111111111111111111111111111111101111111111111111111111111111111111111111111111111111111111110111111111111111111111111111111111111111111111111111111111011110111110111111111111111011111111111111111111111111110111111111111111111111111111111111111111111111111111111
111101111101101111111111111111111111111111111111111111111111111110110111111111111111111111111111111111111111111111111111110111111111111111111111111111111111111111110101111111111111111111111111111111111111111011111101111111011111111111111111111111111111111101111101111111111111101111111111111111111111
111111111110111111111111111111111111111111111111111111111111111111111111011111111111111111111111111111111111111111111111111111111111111111111111111111111111111111111111111111111111111111011111111111111111111111111111111111111111111111011111111111111111111111111111111111101111111111111111111111111111
111111111111111111111111111111111111111111111111111111111111111011111111111111111111111111111111111111111111111111111111111111111111111111111111111101011111111111111111111111111111111011111111110101111111111111111111111111111111111111111111111111111111111111111111111111011111111111111111111111111111
111111111011111111111111111111111111111111111011111111101111111111111111111111111111111111111111111111111111111111111111111111111111111111111111111111111111111011111111111111111111111111111111111111111111111111111111111111111111111111111111111111111111111111111111111111111111111101111111111111111111
111111111111111111111111111111111111111111111111111111111111111111111111111111111111111111111111111111111011111111111111111111111111110111111111101111111111111111111111111111111111111111111111111111111011111111111111101111111111111111111111111111111111111111111111111111111111111111111111111111111011
111111111111111111111111111111111111111111111111111111111111111111111111111111111111110111111111101111111111111111111111111111111111111111111111111111111111111111111111111111111111111111111111111111111111111111111111111111111111111111111111111111111111111111111111111111111111111101111011111111111101
111111111111111111111111111111111111111111111111111111111111111111111111111111111111111111111111111111111111111111111111111111111111111111101111111111111111111111111111111111111111111111111111111111111111111111111111111111101111111111111111111111111111111111111111110111111111111111111111111111111111
111111111011111111111111111111111011111111111111111111111111110111111111111111111111111111111111111111111111111111111111111111111111111111111111111111111111111111111111111111111111111111111111111111111111111111111111111111111111111111111111111110111111111101111111111111111111111111111111111111111111
111111111111111111111111111111111111111111111111111111011111111111111111111111111111111111111111111111111111111111111111111111111111111111111111111111111111111111111111111111111111111111111111111111111111111111111111111111111110111111111111111110111111111111111111111111111111111111111111111111111111
111111111111111111111111111111111111111111111111111111111111111111111011111111111111111111111111101111111111111111111101111111111111111111111111111111111111111111111111111111111111111111111111111111111111111111111111110111111111111111111111111111111111111111111111111111111111111111111111111111111111
111111111111111111111111111111111111111111111111111111111111111111111111111111111111111111111111111111111111111111111111111111111111111111111111111111101111111111111111111111111111111101111111111111111111111111111111110111111111111111111111111111111111111111111111111111111111111111111111111111111111
111111101111011111111111111111111111111011111111111111111111111111111111111111111111111111111111011111111111111111111111111111111111111111111111111111111111111111111111111111110111111111111111111111111111111111111111111111111111001111111111111111011111111111111111111111111111111111111111111111111111
111111111111111111111111111111111111111111111111111111111111111111011111111111111111111111111111111111111111111111111111111111111111111111111111111111111111111111111111111111111111101111111111111111111111111111111011111111111111111111111111111111111111011111111111011111111111111111111111111111111101
111110111111111111111111111111111111111111111111111111111111111111111111111111111111111111111111111111111111111111011111111111111111111111111111111111111111111111101111111111110111111111111111111111111111111111101111111111111111111111111111111111111111111111111111110111111111111111111111111111111111
111111111111111111111111111101111111111111111111111111111111111111111111111111111111111111111111111111111111111011111111111111111111111110011111111111111111111111111111111111111111111111111111111111111111111111111111111111111111111111101111111111111111111111111111111111111111111111111111111111111111
111111111111111111111111111111111111111111111111111111111111111111111111111111111111111111111111111111111111111110111101111111111111111111111111111111111111111111111111111111111111111111111111111111111111111111111111111111111111111111111111111111111111111111111111111111111111111111111111011111111111
111111111111101111111111111111111111111111111111111111111111111111111110111111111111111111111111111111111111111111111111111111111111111111111111111111111111111111111111111111111111111111111110111111111011111111111111111111111101111111111111111111111111111111111111111111111101111111111111111111111111
111111111111111111111111111111111111111111111111111111111111111111111111111111111111111111011111110111111111111111111111111111011111111111111111110111111111101111111111111111111111111111111111111111111111111111111111111111101111111111111111111110011111111111111111111111111111111111101111101111111111
111111111111111111111111111111111111111111111111111111111111111110111111111111111111111111111111111110111111111111111111110111011111011011111101111111111111111111111111111111111111111111111111111111111111111111111111111111111111111111111111111111111111111111111111111111111111111111111111111111111111
111111111101111111111111111111111111111111111111111111111111111111111111111111111111111111111111111111111111111111111111111111111111111111111111111111111111111111111111111111111111111111111111111111111111111111111111111111111111111111111111111111111111111111111111111111111111111111111111111111111111
111111011111111111111111111111111111111111111101111111111111111111111111111111111111011111111111111111111111111111111111111111111111111011111111111111111111111111111111011111111111111111111001111111111111111111111111111111111111111111111111111101111111111111111101111111111111111111111111111111111111
111001111111111111111111111111111111111101111111111111111111111111111111111111111111111111111111011111111111111111111111111011111111111111111111111111111111111111111111111111111111111111111111111111111111111111111111111111111111111111111111111111111111111111111111101111111111111111111111111111111111
111111111111111111111111111111111111111111111111111111111111111111111111111111111111111111111111111111111101111111111111111111111101111111111111111111111111111111111111111111111111111111111111111111111111111111111111111111111111111111111111111111111111111111111111111111111111111111111111111111111111
111111111111111111111111111011111111111111111111111011111110111111111111011111111101111111111111111111111111111111111111111111111111111111111111111111101111101111011111111111111111111111111111111111111111111111111111101111111111111111111111111111111111111111111111111111111111111111101101111111111111
111111111111111111111111111111111111111111111111111111111111111111111111111111111111111111111111111111111111110111111111111111111111111111111111111111111111111111111111111111111111111111111111111111111111111111111111111111111111101111111111111111111111111111110111111111111111111111111111111111111111
111111110111111111111111111111111111111111111111111111111111111111111111111101111111111111111111111111011111111111111111111111111101101111111111111111111110111111111111111111111111111111111111111111111111111111111111111111111111111111111111111111110111111111111111111111111111111111111111111111111111
111111111111111111111111111111111111111111111111111111111111111111111111111111111111111111111111111111111111111111111111111111111111111111111111111111111111111111111111111111111111111111111111111111111111111111111111111011111111111111111111111111111101111111111111111111111111111111111111111111111111
111111111111111111111111111111111111111111111111111111111111111111111111111111111111111111111111111111111111111111111111111111111111111111111111111111111111111111111111111111111111111111111111111111111111111111111111111111111111111111101111111111111111111111111111111111111111111111111111111111111111
111111111111111111111111111111111111111111111111111111111111111111111111111111111111111111111111111111111111111111111111111111110111111111111111111111111111111111111111111111111111111111111111111111111111111111111111111111111111111111111111111111111111111111111111111111111111111111111111111111111111
111111111111111111111111111111111111111111111111111111111111111111111111111111011110111111101111111111111111111111111111110111111111111111111011101111111111111111111111111111111111111111111111111111111111111111111111111111111111111111111111111111101111111111111111111111111111111111111111111111111111
111111111010111111111111111111111111111111111011111110111011111111111111111111111111111111111111111111111111111111111111111111111111111111111111111111111111111111111111111110111111111111111111111111111111111111111111111111111111111111111111111111111111110111111111111111111110111111111111011111111111
111111111111111101101111111111111110111111111111111111111111111111111111111111111111111111111111111111111111111111111111111111111111111111111111111111111111110111011111111111111111111111111111111111111111101111111111111111111111111111111111111111111111111111111111111111111111111111111111111111111111
101111111111011111111111111111111111111111111111111111111111111110111111111111111111111011111111111111111111111111111111111111111111111110111111111111111111111111111111111111111111111111110111011111111111111111111111111101111101111111111111111111111111111111111111111011111111111111111111111111111111
111111111111111111101111111111111111111111111111111110111111111111111111111111111011011111111111111111111111111111111111011111111111111111111101111011111111111111111111111111111111111111111110111111111111110111111111111111111111111111101111111111111111111111111111111111111111111111111111111111111111
111111111111111111111111111111111111111111111111111111111111101111111111111011111111111111111110111111111111111111111111111111111111111111111111111111111111111111111111111111111111111110111111111111111111111111111111111111111111111111111111111111111111111101111011111111111111111111111111111111101111
111111111111111111111111111111111111111111111111111111111111110111111111111111111111111111111111111111111111111111111111111111111111111101111111111111111111111111111111111111101101111111111110111111111111111111111111111111111110111111111111111111111111011111111111111111111111111111111111111111111111
111111111111111111111111111111111111111111111111111111111111111111111111111111111111111111111111111111111111111111111111111111111111111111111111111111111111111111111111111111111111111111111111111111111111111011111111111111111111111011111111111111111111110111111111111111111111110111111111101110111111
111111111111111111111111111111111011110111111111111111111111111111110111111111111111111111111111111111111111111111111111111111111111111111111111111111111111111111111111111111111111111111111111111111111111111111111111111111111111111111101111111101111111111111111111101111011111111111111111111110111111
111111111111111111111111111111111111111111111111111111111111111111111111111111111111111111111111111111111111111111111111111111111111110111111111111111111111111111111111111111111111111111111111111111111111111111111111111111111111111111111111011111110111111111111111111111111111111111111111111111111111
111111111111111111111111111111111111111011111111111111111111111111111111111111111111111111111111111111111111111111111111111111111111110111111111011111111111111101111111111111111111111111111111111111111111111111111111111111111111111101111111111111111111111111111011111111111111101111111111111111111111
111111111111111111111111111111111111111111111111111111111110101111111111111111111111111111111111111111111111111111111111111111111111111111111111110111111111111111111011111111111111111111111111111111111111111111111111111111111011111111111011111111111111111111111011111111111111111111111111111111111111
111111110111111111111111111110111111111111111111111111111111111111111111111111111011111111111111111111111111111111111111101111111111111111111111111111111111111111111111111111111111001111111111111111111111111111111111111111111111011111111111111111111111111111111101111111111111111111011111101111111111
111111111111111111111111111111111111111111111111111111111111111110111111111111111111111111111101111111111111111111111111111111111111111111111111111111111111111111111111111111111111111111111111111111110111111111111111111111111111111111101111111011111111111111111111111111111111111111111111111111111111
111111111111011111111111111111111111111111111111111111111111111111111111110111111111111111111111111111111111111111111111111111101111111111111111111111111111111111111111111111111111111111111111101111111111111111111111111111111111111111111111111111111111111111111111111111111111111111111111111111111111
111111111101111111101111111101111111111111111111111111011111111111111111111011111111111111111111110111111111111111111111111111101111101111111111111111111101011111111111111111111111111111111111111111011111111111111111111111111111111111111111111111111111111111111111111111111111111111111101111111110111
111111111111111111111111111111111111111111111111111111111111111111111111111111111111111111111111111111111111111111111111111111111111111111111111111111111111111111111111111111111111111111111111111111111111111111111111111111111111111111111011111111111111111111111111111111111111111111111111111111111111
111111111111111111111111111111111111111111111111111111111111111111111111111111111111011111111111111111111110111111111111111111111111111111111111111111111111111111111111111111111111111111111111111111111111111111111111111111111111111111111111111111111111111110111111111111111111111111111111111111111111
111111111011111111111111111111111111111111111111111111111111111111101111110111111111111111111111011111111111111111111111111111011111111111111111111111111111111111111111111111111111111111111111111111111111111111111111111111111111111011111111111111111111111111111111111111111111111111111111111111111111
111111111111111111111111111011111111111111111111111111111111111111111111111111110110111111111111111111111111111111111111111111111111111111111110111111111101111111111111111111111110111111111111111111111111111111111111111111111111111111111111111111111111111111111111111111111111111111111111111111111111
111101111111111111111111111111111111111111111111111111111111111111111111111111111111111111111111111111111111111111111111111111111111111111111111111111111111111111111111111111111111111111111111111111111111111111111111111111111111111111111111111111111101111111111111111111111111111111111111111111111111
111101111111111111111011111111111111111111111011111110111111111111111111111111111111111111111111111111111111111111111111111111111111111111111110111111111101111111111111111111111111101111111111111111111111111111111111011111111111111111111111111111111111111111010111111111111111011111111111111111111111
111111111111111111111111111111111111011111111111111111111111111111111111111111111111111111111111111111111111111101111111111111111111111111111111111111111111111111111111111111111110111111111111111111111111111101111111111111111111111111111111111111111111111111111111111111111111111111101111111111111111
111111111111111111111111111111111111111111111111111111111110111111111111111111111111111101111111111111111111111111111111111111111111111111111111111111111111111111111101111111111110111111111111111111111111111111111111111111111111111111111111111111111101111111111111111111111111111111111111111111111110
111111111111111111111111111101111111111111111111111111111111111111111111111111111111111111111111111111111111111111011111111111111111111111111111111111111111111111111111111111111111111111111111111011111111111111111111111101111111101111111111111111111111111111111111111111111111111111111111111111111101
111111111111111111111111111111111111111111111111111111111111111111101111111111111111111111111111111111111110111111111111111111111111111111111111111111111111111111111111111111111111111111111111111111111111111111111111111111111111111111111111111111111110111111111111111111111111111111111111111111111111
111111111111111111111111011111111111111110111111111111111111111111111111111111110111111111111110111111111111111111111111111011011111111111111111111111111111111111111111111111111111111111111111111111111111111111111111111111111111111111111111111111111111111111111111111111111111111111011111111111111111
111111111111111111111111111111111111111111111101111111111111111111111111111111111011111111111111111111111111111111111111111111111011111111111111111111111111111111111101111111111111111111111111111111111111111111111111111111111111111111111111111111111110111111111111111101111111111111111111111111111111
111111111111111111111111111111111111111111111111111111111111111111111111111111111111111111111111111111111111111111111111111111111111111111111111111111111111111011111111111111111111111111111111111111111111111111111101111111111111111111011111111111111111111111111111111011101111111111111111111111111111
111111111111111111111111111111111111111111111111110111111111111111111111011111111111111111111111111111111111111111111111111111111111111111110111111111111111111111111111111111111111111110111111111111111111111111111111111111111011111111111111111111111111111111111111111111111111111111111111111111111111
111111111111111111111111111111111111111111111111111111111111111111011111111101111111111111111111111111111111111111111111111111111110111111111111111111111111111111111111111111111111111111011111111111111110111111111111111111111111111111111111111111111111111111111111111111111111110111111111111111111111
111111111111111111111111111111111111111111011111111111111111111111111111111111111111111111111111111111111111111111111101111111111111111111111111111111111111111111111111111111111111111111111111111111111011111111111111111111111111111111111111111111111111111111111111111111110111111111111111111111111111
111111111111111111111111111111111111111111111111111111111111111111011111111111111110111111111111111011111111111111111111111111111110111111111111111111011111111111111111111111111111111111111110111111111111111111110111111111111111111111111111111111111111111111111111111100111111111111111111111111111111
111110111011111111111111111111111111111111111111110111111111111111111111111111111110111111111111110111111111111111101111111111111111111111111111111111111111111111111111111001111111111111111111111111111111111111111111111111111111111111111111111011111111111111111111111111111111111111111110111111111111
111111111111111111110111110111101111111111111111111111111111111111111111111111111111111111111111111111111111111111011111111111111101111111111111111111011111111111111111111111011111111111111111111111111111111111111111111111111111111111111111111110111111111101111111111111111111111110111111111111111111
111111111111011111111111111111111111111111111111111111111111111111111111111111111111111111111111111111111111111111111111111111111111111111111111111111111111101110111111111111111111111111111111111111111111111111111111111111111111111111111111101111111111111011111111111011111111111111111111111111111111
101111111111111111110111111111111111111111111111111111111111111101111111111111111111111111111011111111110111111111111111111111111111111111111111111111111111111111111111111111111111111111111111111111111111111111111111111111111111111111110111111111111101111111111111111111111111111111111111111111111101
111111111111111111111111111011111111111111101111111111111111101111111111111111111111111111111111111111111111111111111111111111111111111111111111111111111111111111111111111111111111101111111111111111110011111111111111111111111111111111111111111111111111111101111111111111111111111111111111111111111101
111111111111111111111111111111111111111111111111111111111111111111111111111111111111111111111111111111111111111111111111111111111111111111110111011111011101111111111011111111111111111111111111111111111111111111111111111111111111011011111111111111111111111111111111111111111111111111110111111111111111
111111111111111111111111111111011111111111111111111011101111111111111111011111111111111111111111111111111111111111111111111111111110111111111111111111111111111111111111011111111110111111111111111111111111111111111111111111111111111111111111111111111111111111111111101111111111111110111111111111111111
111111111101111111111111111111111111111111111111111111111111111111111111111111111111111111111111111111111111111111111011111111111111111111111111111111111111101111111111111111011111111111111111111111111111111011111111111111111111101111111111111111111111111111111111111111111111111111111111111111110111
111111111111111111111111111111111101011111111111111111111111111111111111111111111111111111111111111111111111111111111111111111111111111111111111111111111111111111111111111111111111111111111111111110111111111111111111111111111111111111111111111111111111111111110111111111111111111111111111111111111111
110111111111111111111111111111111111111111111111111111111111111111110111111111111110111111111111111111111101111111111111111111111111111111111111111110111111111110111111111111111111111111111111111111101111111111111111111111111111111111111111111111111111111111111111111111111111111111111111111111111111
111111111111111111111111111111111011111111111111111111111111111111111111111111111111111110111111111101111111111111110111111111111111111111110110111111111111111111111111111111111111111111111111111111111111111111111111011111111111111111111111110111111111111111111111111111111111111111111111111111111111
111111111111111111111111111111111111111111111111111111111110111111111111111111111111111111111111111111111111111111111111111111111111111111111111111111111111111111111111111111110111111111111111111111111111111111111111111111111111111111111111111111111111111111111111111111111111111111111111111111111111
111111111111111111111111111111111111111111111111111111111111111111111110111110111111111111111111111111111110111111111111111111101111111111111111011101111011111111111111111111111111111111111111111111011111111111111111111101111111111111110111111111111111111111111111111110111111111111101111111111111111
111111111111111111111111111111111111111111111111111111110111111111111111111111111111111111111111111111111111111111111111111011111111111111111111111111111111111111111111111111111111111111111111111111111111111111111111111110111111111111111111111111111111111111111111111111111111111111111111111111111111
111111111110111111111111111111111111111111111111111111111111111111111111011111111111111111111111111111111111111101111011111111111111111111011111111111111111101111111111111111111111111111111111111111111111111111111111111111111111111111111111111111111111111111011111111111111111111111111111111111111111
111111111111111111111111111111111111111111111111111111111111111111111111111111111111111111111111111111111111111111111111111111111111111111111111111111111111111111111110111111111111111111111111111111111111111111111111111111111111111111111111111111111111111111111111111111111101111111111111111111111111
111111111111111111111111111111111101111111111111011111111111111111011111111111111111111111111111111111111111111011111111111111111111111111111111111111111111111111111111111111111111111111111111111111111111111111111111111111111111111111111111111111111111111111111111011111111111111111111111111111111111
111001111111111111111111111111111111111111111111111111111111111110111111111111011111111111111111111111111111111111111111111111111111111111111111111111111111111111111111111101111111111111111110110111111111111111111111111111111111111111111111111111111111111111111111111111111111111111011111111110111111
111111111110111111111111111111111111111111111111111111111111111111111111111111111111111111111111111111111111111111111101111111110111111111111111111111111111111111111111111111111111111111111111111111111111111110111111111111011111111111111111111111111111111111111111111111111111111111111111111111111111
111111111111111111111111111111111111111111111111111111111111111111111111111111111111111111111111111111111111111111111111111111111111111111111111111111111111111111111111111111111111111111111111111111111111111111111111111111111111111111111111111111111111111111111111111111111111111101111111111111111111
111101111111111111111111111111111011111011111111011111111111110111111111111111110111111111011111111111110111111111111111111111111111111111111111111111111111111111111111111111111111111111111111111111111111111111111111111111111111111111111111111111111111111111111111111111111111111111111111111111111111
111111110111111111111111111111111111111111111111011111111101111111111111111011111111111111111111111111111111111111111111111111111111111111111111111111111111111111111111111111111111111111111111111111110111101111111111111111111111111111111111111111111111111111111111111111111111111111111111111111111111
111111111111111111111111111111111111111011111111111111111111111111111111111111111111111111111111111111101111111111111111111111111111111111111111111111111111111111111110111111111111111111111111111111110111111111111111111111111111111111111111111111111111111111111111111111111111111111111111111111111111
111111111111111111111111011111010111111011111111111111111111111111110111111111111111111111111111111111111111111111111111111111111111111111110111111111111111111111111111111111110111111111111111111111111111111111111111111111111111111111111111111111111111110111111111111111111111101111111111111111111111
111111111111111111111111111111111111111111111111111111111111111111111111111111111111111111111111111111111111111111111111111111111111111111111111111111111111111111111111111111111111110111111111111111111111111111111111111111111111111111111111111111111111111111111111111111111111111111111111111111111111
111111011111111111111101111111111111111111111111111110111111111111111111111111111111111111111111111111111111111111111111111101111110111111111111111111111111111111111111111111111111111111111110111101111111111111101111111111111111111111111111111111111111111111111111111111111111111111111111111111111111
111111011111111111111111111111111111111111111111111101111111111111111111111111111111111111111111111111111111111111111111111111111111111111011111111111101111111111111111111111111111111111111111111111111111111111011111111111111110111111111111111111111111111111111111111111111111111111111111111111111111
111111111111111111110111111111111111111111111111111110111011111111111111111111111111111111111111111111111111111111111111111111111111111111111111111111011111111111101111111111111111111111111111111111111111111111111111111111111111111111111111011011111111111111111111111111101001111111111111111111111111
111111111111111111111111110111111111111111111111011111111111111111111111111111111111111111111111111110111101011111111111101111111111111101101111111111111111111111111111111111111111111111111111011111111111111111111111111111111111101011111111111111110111111111101101111111111111101111111111111111111111
111111111111111111111111111111111111110111111111111111111111111111111111111111111110111111111111111111111111111111111111111111111111111111111111111011111111011111111111111111001101111111111111111111111110110111111111111111111111111111101111111111111111111111111111111111111111111111111111111111011111
111111111111111111111110111111111111111111111111111111111111111111111111111111111111111111111111111111111111111111111111111111111111111111111101111111111111111111111111111111111111111111111011111111011111111111111111111111111111111111011111111111111111111111111111111111111111111111111111111111111111
111111111111111110111111111111111111111111111111111111111111111111111111111111111111111111111111111111011111111111111111111111111111111111111111111111111111111111111111111111111111111111111111111111011111111111111111111111111111111111111111111111111111111101111111111111111111111111111111111111111111
111111111111111111111110111111111111011111111111111111111111111111111111111111111111111111110111111111111111111101111111111111111111111111111111111111111111111111111111111111111111111111111111111111111111111111111111111111111111111111111111111111111111111111111111111111110111111111111111111111111111
111111111111111111111111111111111111111101111111111111111111111111111111111111111111111111111111111111111111111111111111111111111111111111111111111011111111111111111111111111111111111111111111111111111111111111111111111111111111101111111111111111111111111111111111111111111111111111111111111111111111
111111110111111111111111111111111111111111111111111111111111111111111111111111111111111111111111111111111111111111111111111111111111111111111111111111111111111111111111111111111111111111111111011111111111111111111111111111111110111111111111111111111111111111111111111111111111111111111111111111111111
111111111111111111111111111111111111111111111111111111111111111111111111111111111111111111111111111111111111111111111111111111111111111111111111111111111111111111111111101111111111111111111111111111111111111111111111111111111111111111111111111111111111111111111111111111111111111111111110111111111111
111111111111111111111111011111111111111111111111111111111111101111111111111111111111111111111111111011111111111111111101111111111111111111111111111111111111111111111111111111111111110111111111111111111111111111111111111111111111111111111111111111111111111111111111111111111111111111111111111111111111
111111111101111111111111111111111111111111111111111111111111111111111111111111111111111111111111111111111111111111111111111111111111111110111111111111111111101111111111111111111111111111111111111111111111111111111110111111101111111111111111111111111011111111111110111111111111111111111111111111101111
111111111111110111111111111110111111111111111111111111111101111111111111111111111111111111111111111111111111111111101111111111111111111011111111111111111111110111111111111111111111111111111111111111111111111111011111111111111111111111111111111111111111111111111111111111111111111111111111111111111111
111111111111111111111111111111111111111111111101111111111111111111111111111111111111111111111111111111111111111111111111111111111111110101111111111111111111111111111101111111111111111111111111111111111111111111111111111111111111111111111111111111111111111111111110111111111111111111111111111111111111
111111111111111111111111111111111111111111111111111111111111111111111111111111111111111111111111111111111111111010111111111111111111111111111111111111111111111111111111111111111111111111111111111111111011111111111111111111111111111111111111111110111111111110111111111111111111011111111111111111111111
111111111111111111111111111111111111111111111111111111111111111111111111111110111111111111111111111111111111111111111111111111110111101111111111110111111111111111111111111111111111111111111101111111111111111111111111111111111110111111111111011111111111111111111111111111111111110111111111111111111111
111111111111111111111111111111111111011111111111111111111111111111111111111111111111111111111111111111111111111111111111111111111111111111111111111111111011111111111110111111111111111111111111111111110101111110111111111111111111011011101111111111111111111111111111111111111111111111111111111111110111
111111111111111111111111111111111111111111111111111111111111111111111111111111111111111101111111111111111111111111111111111111111111111110111110111111111111111111111111111111111111111111111111111111111111111111111111111111111111111111111111111111111111111111111111111111111111011111111111111111111111
111111111111111101111111111111111111111111111111111111111111111111111111111111111111111111111111111111111111111111111111111111111111111011111111111111111101111111111111111111111111111111011100111111111111111111011111111111111111111111111011111111111101111111111111111111111110111111111111111111101111
111111111111111111111111111111111111111111111111110111111111111111111111111111111111111111111111111111111101111111111111111111111111111111111111111111111111111111111111111111111111111111111111111111111111111111111111111111111111111111111111111111111111111111111011111111111111111111111111111111111111
111110111111101111111111111111111111111111111111111111111111111111111110101111111111011111111111111111111111111111111111111111111111101110111111111111111111111111111111111111111111111111111111111111111111111111111111111111011111111111111111111111111111111111111111111111111111111111111111111111111111
111111111111011111111111111111111111111111111111111111111111111111111111011111111111111111111111111111111111111111111111111111111111110111111111111111111111111111111111111111111111111111111111111111111111111111111111111111111111111111111111111111111111111111111111111111111111111111111111111111011111
111111111111111111111111111111111111111111111111111111111111111111111111111111111111111111111111111111111111111111111111111101111111111111111111111111111111111111111111111111111111111111111111111111111111111111111111111111111111111111111111111111111111111111111111111111111111111111111111111111111101
111111111111110111111111101111111111111111111111111111111111111111111111111111111111111111111111111111111111111111111111111111111111111101111111101111111111111111111111111111111110111111111111111111111111111111111111111111111111111111111110111111111111111111111111111111111111111111111111111111111111
111111111110111111111111011111111111110111111111111111111111111111111111111111111111111111111111111111111111111110111111111111111111111111111111111111111111111111111111111011111111101111111111111111111111111111111111110111111111111111111111111111111111111111111111111111111111111111111111111111111111
111111011111111111111111111111011111011111111111111111111111111111011111111111111111101110111111111111110111111111110111111111111111111111111111111111111111111111111011111111111011111111111111111111111111111111110111111111101111111111111111111111111111111111111111111111111111110111111111111111111111
111111111111111111110111111111111111111111111111111111111111111111111111111111111111111111111111111111111111111111111111111111111111111111111111111111111111111111110111111111111111111111111111111111111111111111111111111111110111111111111111111101111111111111111111011111111111111111111111111111111111
111111011111111111111111111111111111111111111111111111111111111111111111011111111111111111111111111111111110111111111111111111111111111111111111111110111111111111111111111111111111110111011111111111111111111111111111111111111111111111111111111111111111111111111111111111111111111111111111111111111111
111111111111111111111111111111111111111101111111111111111111111111111111111111111111111111111111111101111111111111111111111111111111111111111111110111111111111111111111111111111111111011111111110111111111111111111111111111111111111111111111111111111111111111111111111111111111111111111111111111111111
111111111111111111111111111111111111111111111011111111011111111111111111111101111111111011111111111111111111111111111111111111111111111111111111111111111111111111111111111111111011110111111111111111111111111111111111111111111111111111111111111111111111111111111111111101110111111111111111111111101111
111111111111111101111111111111111111111111111101111111111111111111111101011111111111111111111111111111111111111111111111111101111111111111111111111111111111111111111111111111111111111111111111111111111111111111111111111111111111111111111111111111111111110111110111111111111111111111111111111111111111
111111111111111111111111101111111111111011111111111111111111111111111111111110111111110111111111111111111111111111111111111111111111111111111111111111111111111111111111111111011111111111111111111111111111111111111111011111111111111111111111111111111111111111111111111111111111110111111111111111111111
111111111111111111111101111111111111111111111111111111111111111111111110111111111111111111111111111111111111111111111111111111111111111111101111111111111111011110111111111111111111111111011111111111111111111111111111111111111111111111111111111111111111111111111111111111111111111111111111111111111111
110111111111111111111111111111111111101111111111111111101111111111111111111111111111111111111111111111111111111111111111111111111111111111111111111111111111111111111111111111111111111111111111111111111111111111111111101111111111111111111111111111111111111111101111111111111111111111111111111111111111
111111111111111111011111111111111111111111111111111111111111111111111111111111111111111111111111111110111111111111111111111111111111111111111111111111111111111111111111111111111111111111111111111111111111111111111111110111111111111111111111111111111111111111111111111111111111111111111111111111111111
111111111111111111111111110111111111111111111111111111111111111111111111111111111111111111111111111111111111111111111111111111111111111111111111111111111111111111111111111111111111111111111111111111111111111111111111111011111111111111111101111111111111111111111111111111111111111111111111111111111111
111111011111111111111111111111111111111111111111111111111111111111111111111111111111111111111111111111111110111111111111111111111111111111111111111111111111111111111111111111111111111111111111111111111111111111111111111111111111111111111111111111111110111111111111111111111111111111111111111111111111
111110111111111111111111111111111111111111011111111111111110111111111111111111111110111111111111111111111111111111111111111111111111111111111111111111111111111111111111111111111111111111111111111111111111111111111111111111111111111111111111111111110111111111111111111111111111111111111111111101111111
111111111111111111111111111111111111111111111111111111011110111111110111111111111111111111111111111111111111111111111111111111111111111111111111111111111111111111101111111111111111111111110111111111111111111111111111111111111110101111101111111111111111111111111111111111111111111111111011111111111111
111110111111111111111111111111111111111110111111111111110111111111111101111111111111111111111111111111111111111111111111111111111111111111111111111111111111111111111111111111111111111111111111111111111111111111011111111011111111101111111111111111111111111111111011111111111111111011100111111111111111
111111111111111111111111111101111110111111111111111111111111111111111111111111111111111111101111111111111111111111111111111111111111111111111111111111111111111111111101111111111111111111111111111111111111110111111111111111111111111111111111111111111111111111111111111111111111111111111111111111111111
111111011111110111111111111111111111111111111111111111111111111111111111111111111111111111111111111111111111111111111111111111011111111111111111111111111111111111111111111111111111111111111111111111111111111111111110111111110111111111111111111111111111111111111111111111111111111111111111111111111111
111111111111111111111111111111111111111111111101111111111111111111111111111111111111111111111111111111111111111111011111111110111111111111101111111001111111111111111111111111111111111111111111111111111111111111111111111111111111111111111111111111111101111110111111111111111111111111111111111111111111
011011110111111111111111111111111111111111111111111111111111111111111111111111111111111111110111111111111111111111111110111111111111111111111111111111111111111011111111111110111111111111111111111111111111111111111111111111111111111111111111101111111111111111111111111111111111111111111111111111111111
111111111111111111111111111111111011111111111111111111111111111111111111111111111111111111111111111111111111111111111111011111111111111111111111111111111111111111111111111111111111111111111111111111111111111111111111111111111111111111111111111111111111111111111111111111111110111111111111111111111111
111111110111111111111111110111111111111111111111111111111111111111111111111111111111111111111111111111111111111111111111111110111111111111111111111111111111111111111111101111110111111111111111111111111111111111111111111111111111111111111110111111111111111111111111111111111111111111111111110111111111
111111111111111111111111111111111111111111111111111111111111111111111111111111111111111111111111111111111111111111111111111111111111101111101111111111111111111111111111111111111101111111111111111111111111111111111111111111111111111111111111111111111111110111111111101111111111111111111111111111111111
111111111111111111111111111111111111111111111111111111111111111111111111111111111111111111111111111111111111111111111111111111111111111111111111110111111111111111111111111111111111110111110111111111111111111111111111111111111111111111111111111111111111111111111111111111111111111111111111111111111111
111111111111111111111111111111111011111111111111101111111111111111111111111111111111111110111111111111110111111111111111111111111111111111111111111111111111111111111111111111111011111111111111111111111111111111111111111111111111011111111101101111111111111110111111111111111111111111111111111111111111
111111111111111111111111111111111111111111111111111111111111111111111111111111111111111111111111111111111111111111111111111111111111111101111111111111111111111111111111111111111111111111111111111111111111111111111111111111111111111111111111111111111111111111111111111111111111111111111111111111111111
111111111111111111111111101111111111111111111111111111111111111111111111111111111111111111111111111111111111111111111111111111111111111111111111111111111111111111111111111111111111111111111111111111111111111111111111111111111111111111111111111111111111111111111111111111101111111111111111111111111111
111111111111111111011111111111111111111111111111111111111111111111111111111110111110111111111111111111111111111111111111111111101111111111111111111111111111111111111111111111111111111111111111111111111111111111111111111111111111111111111111111111111111111111111111111111111111111111111111111111111111
111111111111111111111111111111111111111111111111111111111101110111111111111111111111111111111111111111111111111111111111111111111111111111111111111111111111111111111111111111111111111111111111111111111111111111111111111111111011111111111111111111111111111111111111111111111111111111111111111111111111
111111111111111111111111111111111111111111111111111111111111111111111111111110111111111111111111111111111111101111111111110111111111111111111111111111111111111111111111111111111111111110111111110111011111111111111111111111110111111111111111111111111111111111111111111111111111111111111111111011111111
111111111111111111111111111111101111111111111111111111011111111111111111111111111101101111111111111111111111111111111111111111111111111111111111101111111111111111111111111111110111111111111111111111111111111111111111111111111111011111111111111111111111101111111111111111111111111111111111111111111111
111111111111111111111111111111111111111111111111111111111111111111111111111111111111111111111111111111111111111111111111111111111111111111111111111111111111111111111111111111111111111111111111111111111111111111111111111111111111111111111111111111111111111111111111111111111111111111111111011111111111
111111111111011111111111111111111111111111111111111111111111110111111011111111111111111111111111111111111110111111111111111111111111111111111111111101111111111111111111111111111111111111111111111111111111110111111111111111111111111111111111111111111111111111111111111111101111111011110111111111111111
111111111111111111111111111111111111111111111101111111111111101111111111111111111011111111111110111111111111111111111111111111111111111111111111111111111111111111111111111111111111111111111111111111111111111111111111111111111111111111111111111011011111111111111111111111111111111011111111111111011111
111111111111110111111111101111111111111111111111111111111111111111111111111111111111111111110111111111111111111111111111111111111111111111111111111111111111111111111111111111111111111111111111111111111111111111111111111111111111111111111111111111111111111111111011111111111111111111101111111111111111
111111111111111111111111111111111111111111111111111111111111111111111111111111111111111111111111111111111111111111111111111111111111111101111111111111111111111111111111111111111111111111111111111111111111111110111111111110111111111111111111111111111111111111111111111111111111111111111111111111111111
111111111111111111011111111111111111111011111111111111011111111111111111111111111111111111111111111111111111111111110111111111111110111111111111111111111111111111111111110111111110101111111111111110111111111111111111111111111111111111111111111111111111101111111111111111111111111111111111111111111111
111111111111111111111111111111111111111110111111111111111111111111111110111111111111011111111111111111111111111111011111111111111111111101111111111111111111111111111111111111111111111111111111111111111111111111111111111111111111111111111111111111111111111111111111111111111111111111111111111111111111
111111111111111111011111111111111111111111111111111111111111111111111111111111111111111111111111111111111110111011111111111111111111111011011111111111110111111111111111111111111111111111111111111111111111111111111111111111111111111111111111111111111111111111111111111111111111111111111111111111111111
111111111111110111111111111111111111111111111111111111111111111110101111111111111111111111111111111111111111111111111111111111111111111011111111101111111111111111111111111111111011111111111111111111111111110111111111111111111111111111111110111111111111111111111111111111111011111111111011111111111111
111111111111111111111111111111111111111111111111111111111111111111111111111111111111111111111111111111111111111111111111111111101111111111111111111111111111111111111111111111111111101111110111111111111011111111111111101111111111111011111111111111111111111111111111111111111111111111111111111111111111
111111111111110111111111111111111111111111111111111111111111111111111111111111111111111111111111111111111111111111111111111111111111111111111111111111111111111111111111101111111111111111111111111111111111111111111111111111111111111111111111111111111111111111011111111111111111111101111111111111111111
111111111111111011111111111111111111111111111111111111111111111111111111111111111111111111111111111111111011111111111111111111111111111111111111111111111111110111111110111111111111111111111111111111111111111111011111111111111111111111111111111111111111111111011111111111111111101011111111111111111111
111111111111111111111111111111111111111101111111111111111111111111111111111111111111111111111111111110111111111111111111111111111111111111101111111101111111111111110111111111111111111111111111111111111111111111111111110011111111111111101111111111111111111111111111111111111111111111111111111111111111
111111111111111111111111111111111111111111111111111111111011111111111111111111111111111111111111111111111111111111111111111111111111111111111111111111111111111111111111111111111111111111111111111111111111111111111111111111111111111111111110111111111111111111111111001111111111111101111111111111111111
111111111111111111111111111111111111111111111111111111111111111111111111111111111111111111111111111111111111011111111111111111010111111111111111111111110111111111111111111111111111111111111111111111111111111111111111111111111111111111110111101111111110111110111111111111111110111111111111111111111111
111111111111111111111111111111111111111011110111111111111111111111111111111111111111111111111111111111111111111111111111111111111111111111111111111111111111111111111111111111111111111111111111111111111111111111111111111101111111111111111111111111111111111111111111111111111111111111111111111111111111
111111111011111111110111111111111111111111111111111111111011110111111111111111101111111111111111111111111111111011101111111111111111111111111111111111111111110111111111111111111111111111111101111111111111111111111111111111111111111111111111111111111111111111111111111111111101111111111111111111111111
111111111111111111111111111111111111110111111111111111111111111111111111111111111111111111111111111111111111111111111111111111111111111111110111111111111011111111111111111111111111111111011111101111111111111111111111111111111111111111111111101111111111101011111111111111111111111111110111111111111111
111111111101101111111111111111111111111111111111111111111111111111111111111111111110111111111111111111111111111111111111111111111111111111111111111111111111111111111111111111111111111111111111111111111111111111111111111111111011111111111111111111111111111111111111111111111111111111111111111111101111
111111101111111111111111111111111111111111111111111111111111111111111111111111111111111111111111111111111111111111111111111111111111111111111111111111111111111111111111111111111111111111111111111111111111111111111111111111111111111111111111111111111111111101111111111111111111111111111111111111111111
111111111111111111111111111110111111111011111111111111111111111111111111111111111111111111111111111111111111111111111111111111111111111111111111111111111111111111111111111111101111111111111111111111111111111111111111111111111111011111111111111111111111111111111111111111111110111111111111111111111111
111111111111111111111111111111101111111111111111111111111011011111111111111111111111111111111111111111111111111111111111111111111111111111111111111111111011111111111111111111111111111111111111111111111111011111111111111111111111111111111111111111101111111111111111111111111111111111111111111111111011
111111111110111111111111111111111111111111111111111111111111111111111111111111111111111111111111111111111111111111111111111111111011111111111111111111111111111011111111111111011111111111111111111111111111111111111111111111111111111111111111111111111111111111111111111111111111111111111101111111111111
110111111111110111111111111101111111111111101111111111111111111111111111111111111111111111111111111111111111111111111111111111101111111111111111011111111111111011111111111111111111111111111111111111111111011111111111111111111111111111111111111111111110111111111101111111111111111111111111111111111111
111111111011111111111111111111111111111111111111111111111111111111111111111111111111111111111111111111111111111111111111111111111111111111111111111111111111111111111111111111111111111111111111111111111111111111111101111111111111111111111111111111111111111111111111111111111111111111111111111111111101
111111111111111111111111111111111111111111111111111111111111111111111111111110111111011111111111111111111111111111111111111111111011111111111111111111011111111111111111111110111111111111111111111111111111111110111111111111110111101111111111111111111111111111111111111111111111111111111111111111111111
111111111111111111111111111111111111111110111111111111111111111111111111111111111111011111111111111111111111111111111111111111111011111111111111111111111111111111111111111111111111111111111111111111111111111111111111111111111111111111111111111111111111111111111111111111111111111111111111111111111111
111111111111111111111111111111111111111111111111111111111111111111111111111111111111111111111111111110111111111111111111111111111111111111111111111111111111111111111111111111111111111111111111111111111111111111111111111111111111111111111111111111111111111111111111111111111111111111111111111111111111
111101111111111111111111111111111011111111111111111111111111111111111111111111111111111111111111111111111111111111111111111111111111111011111111111111111111111111111101111111111111111111110111111111111111111111111111111111111111111111111111101111111111111111111111111111111111111111111011111111111111
111111111111111111111111111111111111111111111111111111111111111111011111111111111111111111111111111111111111111111111111111111111111111111111111111111111111111111111111111111111111111111111111111111111111111111111111110111110111111111111111111111111111111111111111111111111111111111111111111111011111
111111111111111111111111111111111111111111111111111111111111111111011111111111111111111111111111111111111111111111111111111111111111111111111111111111111100111111111111111011111111111111111011111111111111111111111111111111111111111111111111111111111111111111111111111111111111111111111111111111111111
111111111111111101111110111111111111111111111111111111111111111111111111111111110111111111111111111101111111111111111111111111111111111111111111111111101111111111111111111111111110110111111011111111111111111111111111111111111111111111111111111111111111111111111111111111111111111111111111111111111111
111011111111111111111111111111111111111111111111111111111111111111111111111111111111111111111111111111111111111111111111111110111111110111111111111111111111111111111111111111111111111111111111111111111011111111111111111111111111111111111111111111111111111111111111111111111111111111111111111111111111
111111111111111111111111111110111111111110111111111111111111111111111111111111111111111111111111110011111111111111111111111111111111111111111111111111111111111111111111111111111111111111011111011111111011111111111111110111111111111111111111111111111111111111111111111111111111111111111111111111111111
111111111111111111111111111111111111111111111111111111011111111110111111111111111111111111111111111111101111111111111111111110111111111111111111111101111111111111111111111111111111111111111111111111111111111111111111111111111111111111111111111111111111111111111111111111111111111111111111111011111111
111111111111111111111111111101111111111111111111111111111111111111111111111111111111111111111111111111111111111111111111111111111111111111111111111011111111110111111111111111111111111111111111111111111111111111111111111111011111111111111111111111111111111101111111111111111111111111111111111111111111
101111111111111111111111111111111111111111111111111111111111111111110111111111111101111111111111111111111111111111111111111111111111111111111111111111111111111111111111111101111111111111111111111110111101111111111101111111111111111111111111111111111111111111111111111111111111111111111111111111111111
111111111111111111111111111111111111111111111111101101111111111111111111111111111111111111011111111111111111111111111111111111111111111111111111111111011111111111011111111111101111111111111111111111111111111111111111111111111111111111111111111111111111111101111111111111111101111111111111111111111111
111111111111111111111111111111111111111111111111111111101111111111111111111111111111111111111111111111110111111111111111111101111111101111111111111111111111111111111111111111111111111111111111111111111111111111111111111111111111111111111111111111111111111100111111111111111111111111111011111111111111
111111111111111111111111111111111111111111111111111111111111111111111111111111111111111111111111111111111111111111111111111111111111111111111111111111111111111111111111111111111111111111111111111111111111111111111111111111111111111111111111111111111111111111111111111111111111111111011111111111111111
111111111111111111111111111111111111111111111111111111111111111111111111111111111011111111111111111111111111111111111111111110111111111111111111111111111111111111111111111111111111111111111101111111111111111111111111111111111111111101111111111111111111111111111111111111111111111111111111011111111111
