100 1000
55
17
39
9
47
5
55
66
5
85
88
16
14
93
23
17
33
55
38
28
60
26
99
58
39
46
86
63
6
68
81
86
16
27
92
59
82
58
46
39
2
69
18
11
96
61
7
35
31
95
82
33
69
19
56
40
80
28
16
97
97
95
16
1
22
39
2
91
90
37
95
6
72
3
32
66
35
9
34
32
43
46
56
85
30
56
54
92
89
92
28
79
47
48
5
90
61
20
63
83
80
32
24
70
54
5
80
8
87
77
79
56
55
74
55
65
52
31
18
20
1
59
74
38
18
67
23
14
18
38
77
19
61
34
55
35
78
89
11
64
17
7
13
65
52
47
82
48
43
35
71
24
48
41
1
2
70
94
40
22
75
56
38
69
45
37
11
8
83
73
71
67
81
40
8
11
19
29
29
15
21
59
35
13
68
56
56
98
62
70
31
70
20
43
46
20
40
30
15
86
4
74
7
43
43
20
37
50
40
87
97
42
87
94
34
85
97
21
86
60
57
37
68
12
40
64
98
48
57
6
88
79
73
7
68
22
60
83
74
33
1
88
83
13
58
33
88
51
67
51
40
14
13
34
23
1
16
87
92
30
6
53
55
91
29
89
2
34
92
75
91
16
88
99
84
4
40
64
23
9
18
64
65
88
89
7
70
90
35
77
26
47
99
66
38
24
5
36
55
5
3
37
60
51
86
85
98
93
46
81
58
64
78
75
9
13
47
92
80
36
82
3
95
79
46
36
57
79
37
65
76
64
48
9
54
95
79
15
24
59
83
76
18
23
88
2
19
17
47
35
26
90
42
26
98
2
54
55
38
63
59
92
11
44
91
32
46
98
53
52
56
84
65
39
25
86
81
59
42
29
48
74
82
9
2
19
37
96
35
12
4
82
8
34
10
69
92
49
10
19
92
64
95
45
98
63
3
60
93
64
28
77
12
53
20
43
44
43
5
41
1
98
73
38
17
8
21
72
9
99
14
6
83
19
39
18
97
38
73
47
60
34
25
90
96
13
11
48
55
67
97
15
58
8
73
34
22
28
88
80
3
28
35
17
11
80
84
85
68
54
57
53
15
84
76
99
64
94
30
78
19
57
17
97
20
30
25
74
58
12
62
23
34
73
46
5
58
16
27
27
23
6
80
78
92
33
34
31
74
38
49
87
23
80
59
67
96
57
50
62
62
77
88
26
63
76
16
23
15
91
68
20
71
81
64
30
30
93
43
15
87
86
39
28
51
3
22
2
95
81
70
2
68
39
18
23
50
79
20
25
62
75
3
41
25
75
31
10
61
85
52
82
64
81
75
56
88
88
3
80
28
91
13
98
10
13
94
40
54
26
31
66
85
31
28
73
91
75
3
24
23
22
10
58
61
63
29
24
20
8
98
83
7
82
95
55
24
18
69
6
36
54
20
1
71
29
44
91
81
77
3
75
48
20
61
71
43
74
73
85
33
24
9
89
38
42
44
76
45
65
87
51
57
7
62
79
5
32
48
78
8
70
54
66
73
98
56
55
66
55
80
95
10
6
30
77
34
64
79
64
10
78
95
4
74
28
27
59
72
8
37
11
77
45
79
4
36
73
43
35
95
48
22
9
35
17
60
24
7
40
25
26
50
68
45
93
52
54
89
92
55
21
8
69
3
94
2
88
65
60
66
41
87
92
73
76
96
24
97
12
61
61
5
61
5
54
80
48
48
28
22
35
40
40
59
30
91
9
42
27
1
74
76
1
2
34
5
56
77
98
39
17
14
17
37
78
6
53
52
96
24
93
97
39
14
33
87
74
57
79
24
22
77
34
20
44
2
10
90
98
65
99
79
20
69
1
50
77
89
78
6
67
37
91
86
58
60
63
93
78
6
97
70
76
30
54
46
1
45
62
3
57
42
99
22
96
39
2
61
63
92
47
90
91
50
61
63
46
65
96
70
26
52
57
5
95
91
52
99
99
91
34
13
88
95
61
61
30
37
15
96
41
48
77
50
95
22
45
1
59
13
5
22
89
4
46
48
83
98
43
31
67
5
66
95
45
10
53
94
96
69
29
79
15
93
84
36
11
14
84
71
49
90
46
38
54
70
58
25
44
89
46
84
34
40
99
22
81
71
39
20
75
47
37
29
87
61
86
96
64
84
21
47
71
80
92
22
94
62
83
54
79
94
74
10
31
60
75
64
52
62
88
36
48
81
27
71
63
87
96
76
83
94
96
1
76
69
12
68
91
89
14
62
96
52
47
56
83
27
35
97
9
70
65
40
89
81
95
27
46
