1000 10000
676
656
795
360
407
275
604
966
599
742
403
574
536
885
311
530
825
28
515
964
177
998
837
292
786
334
149
90
312
887
729
932
925
819
803
743
946
94
298
426
119
510
468
380
87
160
961
890
166
131
10
528
159
811
659
373
62
316
952
97
871
698
880
469
292
831
452
514
828
811
518
141
648
957
41
462
359
864
367
698
259
910
767
103
489
794
873
182
836
92
775
538
767
381
743
216
547
362
963
623
521
68
213
115
747
455
404
674
879
140
700
380
163
551
649
245
151
904
828
722
469
950
101
227
324
553
968
518
513
2
680
586
169
142
856
233
771
728
641
712
575
484
931
758
493
965
316
948
691
980
917
159
75
860
10
416
790
715
328
400
3
938
182
78
360
631
200
98
317
388
152
868
333
796
791
659
307
542
470
285
219
743
53
814
329
515
821
962
251
484
553
763
155
961
253
650
400
777
474
635
382
47
178
637
79
857
973
104
301
348
52
132
798
472
583
733
871
678
662
159
912
361
176
75
265
658
233
219
156
177
70
169
640
547
401
274
339
686
569
159
10
214
803
202
697
843
502
681
256
600
130
698
904
565
887
838
628
861
902
57
294
710
820
541
11
224
623
151
2
219
829
7
853
9
588
688
22
298
563
900
999
451
785
556
629
394
898
477
944
716
845
560
81
975
317
438
527
882
325
842
192
757
645
672
725
562
944
705
478
594
913
316
861
120
513
706
776
866
62
135
307
894
761
961
64
54
309
223
910
254
310
964
597
81
468
419
763
582
816
248
533
373
468
851
673
776
235
242
191
242
548
837
15
503
314
614
747
541
713
819
194
785
218
89
982
5
631
431
584
178
704
669
254
111
457
590
675
707
150
938
759
821
649
486
803
613
244
393
521
120
76
73
854
529
730
591
236
472
784
613
245
739
311
405
746
729
552
258
903
244
460
689
930
62
578
547
530
772
491
293
289
746
190
425
368
611
129
324
45
180
221
69
2
55
975
288
916
704
784
497
195
673
808
468
987
742
344
723
289
211
799
546
598
701
289
322
13
1
736
422
732
109
989
782
110
152
642
391
32
837
66
314
105
606
76
810
739
643
201
879
820
516
629
349
398
183
961
848
706
867
314
500
430
676
865
617
346
502
171
630
959
168
989
510
110
51
583
247
911
902
598
879
617
638
482
733
231
111
203
566
242
662
781
890
819
22
178
518
888
334
104
839
845
612
64
210
606
417
412
915
312
500
309
388
339
687
940
695
365
243
241
641
779
831
342
689
671
286
938
70
872
516
183
851
115
813
283
739
871
193
844
829
865
774
822
947
520
889
345
467
28
820
868
476
712
67
877
391
828
125
400
534
436
877
469
982
118
327
399
222
662
508
802
400
340
864
353
744
659
836
917
443
484
280
518
316
600
855
348
447
819
81
173
298
953
488
143
64
36
113
120
741
255
11
727
845
700
389
910
760
51
357
360
899
362
303
980
643
837
965
357
393
372
250
629
583
923
176
309
771
899
412
81
579
46
152
380
496
714
289
548
581
352
159
534
347
88
46
448
64
541
249
545
283
11
973
180
455
801
170
865
578
653
540
592
823
711
379
403
728
149
660
76
909
341
152
699
861
88
31
511
62
788
392
513
651
223
909
557
137
604
939
116
960
885
139
164
835
209
222
516
194
969
524
946
850
672
6
160
678
628
214
41
520
455
207
782
309
534
397
13
413
148
913
842
948
262
567
870
261
973
209
4
910
704
61
770
308
842
908
336
989
536
476
550
843
537
899
358
276
474
336
637
147
770
402
663
20
48
223
942
463
842
70
785
170
758
766
999
665
749
9
889
389
438
415
950
275
233
519
717
481
883
64
923
364
447
153
444
447
312
826
808
886
894
252
703
145
459
62
444
867
330
738
121
312
561
272
952
900
938
398
423
181
734
241
522
487
515
276
124
305
799
696
824
653
244
7
279
972
811
205
958
178
239
682
295
192
370
924
429
563
570
581
797
509
193
207
325
941
310
599
805
26
778
271
939
92
206
943
193
184
545
696
752
261
415
233
310
24
294
371
331
906
363
921
801
479
23
858
224
949
369
793
29
126
313
229
466
881
539
469
768
916
823
954
679
621
512
417
749
201
956
811
929
15
835
545
798
505
471
696
110
377
269
47
58
238
71
290
594
709
760
434
46
940
375
678
748
961
269
187
153
795
27
765
377
333
825
222
148
722
346
60
235
607
546
867
113
397
998
95
278
537
385
605
587
713
45
287
772
468
781
767
742
566
90
590
504
64
405
321
691
983
294
647
690
464
817
686
375
715
164
401
108
572
131
635
34
887
321
238
642
881
745
551
263
783
12
966
704
92
895
94
512
223
481
758
368
610
499
131
146
229
32
407
994
416
554
769
907
317
609
434
131
468
219
764
92
162
461
493
206
901
729
385
10
896
912
492
159
75
648
472
728
51
668
275
90
72
89
380
890
775
37
289
727
933
377
718
972
855
224
849
563
497
147
246
67
695
37
787
475
476
360
336
222
17
462
440
586
946
616
156
862
997
209
308
365
897
438
681
885
579
765
592
646
761
141
47
525
714
219
901
888
760
213
554
11
157
999
782
594
283
89
63
147
159
454
905
616
908
576
842
613
207
713
683
8
540
671
313
386
648
348
457
209
711
542
434
155
589
984
781
706
405
984
912
625
511
577
940
171
947
210
389
297
292
893
202
519
77
54
658
131
192
187
190
171
435
283
367
993
946
327
357
674
796
102
594
336
708
865
716
561
600
514
713
519
309
373
304
291
613
962
90
560
438
145
760
23
194
615
420
833
502
930
986
648
982
873
636
885
765
125
48
319
451
148
403
901
13
179
152
994
278
477
255
797
881
228
988
699
851
715
582
851
571
265
751
980
804
99
168
672
778
523
237
615
681
885
245
303
915
338
422
823
991
74
644
4
975
82
252
768
192
235
844
872
307
393
888
983
70
256
318
617
917
625
100
541
837
704
512
346
533
474
116
407
159
428
387
300
255
675
410
605
41
636
872
876
104
225
358
726
780
936
176
604
239
159
498
231
146
181
711
215
98
256
510
897
264
375
452
49
772
52
802
259
661
373
659
764
317
25
758
444
942
141
469
594
438
371
130
213
344
372
72
89
285
511
607
968
712
634
168
331
424
620
288
63
636
63
751
638
457
899
449
765
916
344
370
189
526
707
613
619
781
54
583
310
449
223
643
329
65
81
25
387
543
386
404
186
31
41
698
841
2
197
909
444
549
302
125
707
918
815
608
23
720
203
273
618
23
342
417
332
848
791
270
100
583
357
94
402
30
246
649
514
224
462
778
787
245
733
104
675
229
979
215
674
106
877
292
638
441
171
50
208
228
163
954
831
238
338
612
362
537
971
874
916
358
124
533
593
408
395
835
371
793
249
290
227
80
810
670
311
498
299
898
510
324
591
565
702
563
976
299
957
495
78
441
791
875
964
735
210
400
161
967
278
343
549
615
648
428
862
593
815
987
591
843
947
143
874
993
515
131
438
655
440
609
618
219
681
613
734
384
587
865
189
553
676
213
445
527
194
175
366
53
895
183
635
284
794
767
527
128
309
956
371
378
142
623
251
397
886
126
101
37
80
771
355
957
288
818
67
645
954
862
382
637
731
679
377
99
360
643
746
335
969
215
623
249
73
43
792
445
909
206
766
292
837
358
257
632
395
971
817
470
61
677
284
416
705
629
125
447
597
613
729
227
894
277
276
443
207
848
700
631
290
126
760
111
252
33
330
24
919
288
225
221
644
960
648
656
359
949
222
846
777
762
832
972
527
720
100
982
912
906
68
984
492
363
29
332
435
916
212
104
501
660
97
995
836
579
534
670
515
752
218
457
772
893
812
499
949
197
181
926
764
601
474
335
535
589
438
274
139
536
99
160
422
145
958
372
369
197
316
964
472
551
258
399
973
491
905
57
961
42
605
13
612
796
615
351
882
441
494
575
154
174
827
521
885
912
217
332
574
516
371
210
54
702
408
31
611
440
187
94
46
308
739
900
348
835
308
462
35
429
865
596
473
115
874
477
52
661
559
212
783
402
76
154
602
238
495
389
39
304
136
499
803
890
30
768
383
503
48
336
534
390
256
734
127
363
554
637
123
401
790
754
927
78
287
27
896
193
587
556
686
607
29
804
118
683
484
278
889
263
453
604
521
995
735
709
987
82
386
9
300
789
877
174
340
527
380
175
81
120
709
371
386
753
938
376
387
380
107
324
518
100
419
533
857
683
606
201
366
834
525
202
144
479
388
573
549
936
572
472
935
694
888
391
331
266
386
584
336
634
865
249
961
876
83
313
486
963
100
728
614
149
689
307
538
83
248
129
449
647
641
463
242
310
950
294
870
350
925
197
684
822
488
352
830
538
221
94
146
872
599
331
84
505
993
850
322
16
105
422
850
885
602
140
583
161
963
322
717
249
795
784
835
515
260
370
297
868
409
783
940
285
292
125
964
387
556
123
59
174
402
990
5
353
33
130
858
721
554
154
582
447
709
956
668
129
907
963
172
731
944
570
173
673
164
712
371
721
931
535
389
8
390
415
84
318
548
982
130
305
746
507
897
190
266
440
946
477
317
831
628
712
406
805
781
271
204
531
694
391
598
93
434
294
354
431
419
521
166
766
661
467
769
341
294
878
820
604
31
854
415
152
995
873
126
797
868
594
756
100
443
361
951
767
318
285
938
140
742
546
63
391
752
879
129
175
764
39
571
860
843
753
729
585
727
159
282
494
218
475
528
619
452
833
629
885
839
76
673
442
145
498
415
726
424
99
130
328
899
475
114
935
943
309
345
670
794
713
773
244
448
550
147
126
391
814
27
819
800
439
723
395
198
281
678
521
379
996
561
600
371
69
606
39
856
936
791
465
487
322
854
678
104
970
758
700
651
305
978
776
44
73
815
578
635
200
989
203
478
128
969
228
649
469
202
101
981
8
391
550
299
367
142
385
763
932
429
264
626
273
927
366
251
186
155
928
385
837
407
962
983
568
779
453
489
915
259
529
959
138
633
743
960
113
851
873
890
908
185
850
427
400
944
876
701
795
71
269
940
537
266
147
357
230
499
314
399
853
615
293
235
860
802
65
84
224
722
972
386
574
415
344
563
52
748
36
760
995
767
495
673
766
662
28
859
107
514
809
410
368
187
363
845
30
908
692
400
645
969
272
830
202
743
900
309
190
615
137
226
598
772
30
914
226
94
392
833
835
252
617
157
103
767
307
676
821
555
246
520
79
210
919
888
27
77
320
534
60
980
784
901
261
93
568
556
540
616
790
660
766
378
897
428
661
957
653
926
407
949
384
776
311
538
106
937
763
882
163
631
507
243
832
546
394
415
890
970
256
406
11
240
776
121
610
777
567
911
851
439
762
898
646
460
804
174
58
643
845
667
825
910
214
479
6
406
654
343
337
288
552
680
921
794
218
344
274
875
425
786
791
295
940
209
532
65
742
332
446
944
346
97
469
205
705
243
593
239
853
646
525
601
618
257
75
108
965
636
207
315
319
179
721
496
676
328
99
158
591
149
140
744
699
519
331
186
903
13
847
407
130
491
557
280
236
109
256
318
14
105
769
125
893
646
930
722
383
659
327
595
333
642
726
183
620
559
92
883
455
984
934
194
172
203
7
17
748
16
656
210
797
94
438
859
153
582
668
578
36
772
275
305
633
427
917
122
144
324
271
412
522
596
466
518
157
989
258
624
22
394
344
763
268
72
855
549
819
148
863
184
647
314
883
62
114
760
740
784
382
681
345
919
949
283
927
184
818
976
647
711
717
258
230
279
542
105
218
184
739
975
725
260
153
489
249
874
402
340
225
190
929
936
196
402
702
43
451
791
491
171
515
92
702
986
182
621
732
59
366
998
714
105
383
568
845
104
673
716
519
582
399
322
700
995
501
367
822
510
964
383
348
258
279
458
518
794
707
248
313
680
577
982
631
50
645
73
579
606
692
757
291
941
334
441
889
926
899
208
315
283
797
479
283
527
639
179
152
500
476
264
878
675
853
327
532
530
641
650
90
362
367
811
140
995
296
169
90
195
591
35
945
278
239
123
271
982
374
148
344
679
79
730
702
34
430
865
502
698
779
708
69
619
278
208
931
723
116
887
856
508
934
81
515
610
457
832
447
511
463
976
920
707
863
68
899
858
909
29
344
354
190
564
933
742
41
560
449
498
982
577
303
772
689
617
870
557
342
933
102
400
846
674
26
243
459
176
144
698
608
727
343
93
681
420
254
578
78
238
358
817
85
381
663
654
692
435
333
157
422
266
653
256
261
15
282
421
894
519
827
698
887
473
342
432
822
878
687
734
564
414
639
458
492
799
210
19
306
527
231
404
787
751
792
5
286
169
596
459
721
997
228
365
424
178
386
166
583
261
128
818
963
340
760
118
192
535
61
615
287
404
443
496
4
311
255
653
702
868
430
213
764
635
656
87
180
353
959
94
691
369
227
273
811
67
344
611
177
369
805
228
275
657
898
149
365
747
814
528
848
365
88
221
375
530
29
969
670
911
67
811
596
4
960
269
369
526
613
77
272
881
163
86
189
359
637
319
638
460
366
395
262
710
236
696
582
506
857
318
97
883
430
235
987
885
741
211
854
329
154
248
548
776
803
132
669
779
27
44
71
93
722
223
963
716
934
219
176
905
57
920
499
701
774
560
316
219
546
943
247
808
469
65
875
194
322
596
672
192
348
519
474
367
936
375
211
592
51
684
184
348
183
483
515
156
105
185
67
883
546
678
965
855
542
701
41
555
632
224
360
626
487
422
456
282
427
22
904
632
888
347
754
495
109
592
185
239
183
466
291
840
716
817
987
121
198
655
954
164
410
2
210
115
368
749
865
42
842
726
62
766
350
506
518
608
945
914
304
582
695
557
718
213
113
969
616
98
861
184
406
759
928
756
61
770
472
177
113
287
440
17
745
127
261
537
823
631
53
436
756
976
286
59
956
2
865
140
947
635
37
902
503
163
420
832
33
183
927
222
206
579
74
898
50
285
524
857
940
702
499
865
98
255
796
926
736
886
791
777
640
308
425
708
36
439
162
61
843
465
416
798
593
279
916
701
555
933
245
802
217
247
802
388
289
168
473
554
225
472
705
246
515
684
133
817
113
765
825
783
853
685
662
308
245
390
702
629
403
43
207
70
482
604
315
668
48
746
440
501
433
839
538
193
591
898
784
46
484
967
445
30
301
800
749
542
891
752
367
967
410
65
392
356
46
274
911
896
454
24
219
603
130
588
307
385
605
600
403
692
298
663
935
944
985
997
602
780
419
728
842
965
678
170
827
557
615
761
945
176
746
750
376
497
800
800
824
709
858
122
971
412
502
277
332
356
187
631
664
20
957
519
64
907
223
730
617
568
901
926
52
495
365
797
716
139
339
120
823
892
690
715
955
421
847
669
107
410
582
12
941
853
438
646
406
842
904
239
424
688
414
191
64
760
67
917
521
525
73
545
800
20
557
671
620
176
282
182
735
533
532
569
237
202
346
630
201
614
782
585
711
453
579
896
216
877
213
941
995
773
129
559
208
857
1
842
348
374
756
674
808
671
434
377
113
378
454
595
984
311
357
423
145
319
749
464
62
634
561
101
465
359
719
404
740
855
959
959
122
951
218
731
525
851
207
27
415
262
249
140
891
219
444
722
267
223
830
555
76
535
751
749
691
120
212
680
573
377
891
833
688
925
776
55
635
21
733
110
747
448
701
627
13
745
506
176
103
780
94
872
852
329
622
714
400
370
175
711
638
870
896
637
391
791
221
182
696
605
529
736
673
53
258
940
605
816
200
353
157
9
247
835
384
2
453
791
395
349
20
456
791
540
754
142
451
887
902
937
299
992
394
660
638
354
531
957
281
798
25
947
492
725
361
948
707
379
162
209
760
571
193
996
165
355
323
359
538
189
925
582
720
327
88
470
645
907
968
364
896
857
401
570
573
107
982
911
215
888
509
361
539
874
624
176
214
241
501
619
470
872
482
898
472
638
889
721
457
670
696
477
502
361
187
592
504
327
941
307
580
195
853
79
776
975
363
874
272
84
230
736
236
434
680
907
350
908
437
363
921
278
648
382
717
36
442
345
548
805
988
474
358
527
474
512
157
110
699
855
754
970
605
718
935
13
112
270
66
48
50
707
199
927
391
358
591
526
264
361
970
796
390
79
582
551
129
135
84
994
880
838
474
269
928
861
316
263
883
329
697
203
7
944
335
935
373
329
898
522
873
173
76
599
657
137
887
252
379
256
441
226
356
827
964
623
98
653
81
600
543
185
475
798
188
427
893
20
564
574
416
228
129
309
726
708
58
554
427
539
501
988
912
160
16
59
83
841
54
787
773
685
442
978
316
301
112
948
679
655
54
177
876
729
488
663
428
220
982
591
116
557
497
85
63
635
947
380
759
569
892
873
697
10
728
573
970
499
578
18
934
79
211
456
973
916
53
246
802
872
378
909
867
211
43
935
814
768
441
471
210
295
916
727
838
313
592
191
37
978
145
188
225
88
284
456
880
432
641
909
954
521
275
810
196
91
500
970
215
312
347
890
608
983
263
75
460
771
300
650
705
684
51
449
555
518
84
497
734
725
509
865
390
63
702
915
214
700
985
824
505
107
512
4
409
962
789
332
945
561
842
136
893
485
257
712
367
606
57
302
105
82
321
765
172
635
809
766
639
187
860
249
930
707
627
370
105
237
479
866
200
338
370
908
993
46
520
972
586
549
374
510
450
907
971
380
324
891
982
305
22
258
43
671
934
32
978
432
791
455
947
455
326
560
829
948
319
873
241
419
337
782
124
46
822
170
881
42
190
412
57
352
757
340
851
888
2
754
378
670
721
862
375
105
470
283
132
278
903
275
858
483
902
544
834
827
235
994
910
883
436
972
15
649
921
59
87
368
774
353
793
727
830
746
620
349
972
764
905
159
464
317
850
876
725
470
237
499
343
788
118
394
124
388
409
141
507
241
586
624
461
265
594
963
810
74
662
797
141
59
977
173
432
106
497
591
613
117
858
423
1
319
800
346
559
916
747
44
506
712
550
526
621
645
149
583
118
330
720
625
917
144
419
741
882
668
916
938
408
999
390
957
221
72
938
830
363
413
700
63
596
142
455
27
381
492
668
664
486
401
614
441
8
356
660
726
49
190
308
591
34
438
598
346
698
294
272
659
283
56
735
658
488
794
943
398
463
81
838
131
968
854
722
977
993
914
967
827
846
460
671
498
534
786
374
190
209
271
219
686
741
900
842
692
99
217
13
150
514
927
711
823
659
738
863
485
300
670
172
829
508
421
646
854
315
761
45
851
204
252
280
480
44
444
10
225
181
755
702
396
176
910
15
383
452
815
457
658
393
285
700
591
948
943
270
608
19
641
701
730
138
361
431
932
451
782
28
201
966
157
649
87
733
465
557
652
841
776
281
945
94
372
823
654
920
330
263
73
171
859
513
631
507
725
14
817
872
613
125
959
695
288
137
54
990
109
228
673
122
986
37
80
148
990
611
563
621
11
743
440
215
375
407
952
842
751
446
865
766
712
408
641
356
374
720
49
430
77
118
686
587
651
422
471
898
234
250
576
2
771
550
859
912
865
74
217
40
765
388
166
960
256
190
111
944
923
81
943
299
446
314
133
691
377
295
295
532
482
451
36
457
237
564
127
352
364
601
547
154
975
498
692
638
462
777
68
775
43
456
488
598
94
426
16
807
612
476
558
869
669
403
884
900
316
700
150
254
870
799
23
997
906
76
175
982
505
41
293
321
318
645
555
694
536
383
96
312
921
344
954
297
374
973
663
728
233
602
480
264
419
317
486
825
726
298
467
538
4
528
730
697
455
489
658
350
409
593
94
217
194
717
375
517
849
474
193
692
776
788
870
546
207
365
940
690
1
746
21
130
373
228
839
657
401
266
705
449
192
986
892
896
153
655
713
275
995
453
97
387
531
734
354
584
152
907
943
768
696
919
684
460
590
970
442
476
102
772
411
636
157
812
573
526
87
458
418
914
28
177
435
327
86
523
959
102
928
239
102
392
579
636
833
593
72
946
241
947
225
651
844
356
625
601
338
517
521
863
23
939
5
918
350
947
466
631
559
903
95
765
653
736
977
835
117
436
154
341
136
264
438
739
558
892
589
520
626
646
345
171
336
654
137
544
701
161
536
339
425
833
566
58
519
854
138
56
986
649
933
345
151
62
365
237
225
248
568
696
122
967
520
639
494
483
527
644
913
920
447
566
789
496
301
2
743
201
304
717
694
139
547
348
345
932
393
422
595
707
237
981
425
574
698
488
145
9
629
528
407
620
861
548
123
654
174
329
287
829
325
677
770
688
52
220
421
911
272
692
700
356
674
105
218
519
444
895
622
297
61
583
961
418
847
608
457
913
343
609
591
356
326
397
350
480
144
626
241
435
902
572
331
196
513
633
902
338
443
282
934
570
876
480
441
745
113
784
663
317
723
930
776
591
115
974
841
941
559
879
666
693
196
375
121
114
514
139
760
284
622
306
218
854
934
88
68
634
321
993
814
828
593
381
926
232
576
229
457
974
954
728
956
83
777
382
820
711
472
828
791
133
469
265
920
572
692
434
219
962
181
518
380
94
988
732
520
532
160
219
10
842
867
960
775
678
113
431
941
473
104
431
919
257
150
701
775
508
923
908
719
2
958
674
954
874
745
470
882
823
150
804
390
811
552
765
824
32
790
964
755
284
644
358
64
431
111
910
751
5
608
661
631
827
202
63
246
776
420
367
91
482
553
244
968
784
348
14
324
377
874
218
774
348
811
735
389
468
918
553
465
770
119
81
95
312
535
841
249
642
489
468
989
641
896
595
996
425
949
411
816
349
393
433
307
907
443
774
852
983
819
250
923
904
916
636
651
251
66
891
313
997
350
985
380
996
986
360
887
400
856
831
883
502
14
566
269
489
853
404
979
510
180
777
621
192
814
316
563
837
21
50
989
125
279
170
863
560
749
316
932
449
360
378
466
351
720
978
970
455
481
72
490
904
887
556
406
739
351
229
572
187
826
994
32
390
633
345
2
27
991
643
903
119
562
324
546
449
980
588
921
370
40
227
986
897
907
845
214
849
661
405
459
491
229
688
31
795
487
284
796
370
601
837
91
635
556
617
905
29
822
515
196
757
570
400
149
105
248
142
254
625
282
314
445
745
16
927
898
347
640
273
647
484
423
322
627
377
239
928
524
48
710
317
144
183
144
200
779
499
314
147
298
891
431
942
913
865
212
872
425
846
127
804
358
145
984
234
443
494
108
962
506
257
432
74
37
168
841
913
1
498
751
640
557
912
404
402
723
443
126
561
722
898
144
284
489
85
453
311
670
366
499
793
471
691
94
824
746
119
978
233
492
671
970
238
765
233
379
280
858
592
463
74
183
349
610
923
484
836
554
735
240
379
470
767
202
345
243
408
465
1
550
6
499
237
175
163
972
116
650
686
380
589
890
888
917
321
397
931
302
536
493
244
924
757
956
274
639
292
185
624
665
653
514
560
899
365
531
789
868
784
834
769
667
865
433
565
158
59
666
196
545
717
797
455
816
564
215
342
523
47
746
510
614
364
109
67
496
33
326
940
707
745
231
521
985
497
719
661
376
964
974
87
775
355
235
630
246
304
382
561
319
522
355
347
469
17
767
694
929
852
87
35
820
301
213
46
315
996
736
378
403
45
394
212
833
181
611
627
304
441
114
520
886
634
995
333
297
974
48
650
843
799
540
649
219
156
719
695
275
718
190
353
950
461
444
22
83
492
53
745
245
439
588
448
47
536
816
467
12
3
146
66
159
687
771
245
73
892
125
418
890
258
945
866
11
500
881
325
363
499
126
962
877
43
221
893
740
701
364
868
564
623
780
508
795
49
508
999
355
377
728
364
779
168
149
156
454
685
661
130
997
859
997
60
373
35
547
87
391
684
344
455
985
3
466
588
476
380
278
134
237
193
345
82
366
43
431
21
753
59
22
486
227
785
834
734
65
559
66
975
499
319
901
589
669
742
560
474
204
933
565
823
772
44
870
279
671
795
334
821
739
586
758
204
411
770
4
765
682
282
474
589
486
840
587
426
645
688
658
894
657
445
896
91
448
714
722
787
876
982
886
156
682
553
148
131
194
989
790
574
361
266
505
159
495
440
942
448
666
525
718
659
639
966
718
196
479
228
957
473
642
676
394
183
296
440
746
235
937
937
82
59
29
176
19
829
305
155
878
210
761
695
735
297
673
393
281
114
677
169
992
368
393
311
364
303
332
773
672
768
40
826
165
995
19
554
908
394
60
978
739
636
524
204
508
616
477
59
787
985
214
241
723
699
548
120
462
514
300
277
839
737
626
312
6
328
663
427
474
319
181
503
73
82
625
773
351
788
814
777
764
951
177
30
766
936
449
460
197
575
673
954
207
33
857
408
171
431
892
456
490
316
168
845
225
68
617
410
62
620
249
124
139
908
902
597
819
309
397
681
233
325
482
650
850
742
732
609
667
48
237
348
333
452
444
676
861
353
891
396
436
401
898
311
79
357
839
329
857
685
176
581
78
842
958
968
725
37
416
487
181
993
190
606
581
477
350
552
50
215
679
536
831
739
325
115
388
995
682
928
577
695
45
471
596
249
815
832
550
804
748
339
118
329
961
812
928
178
467
946
617
214
812
197
643
806
213
307
635
164
519
899
37
967
388
388
98
981
42
168
640
332
651
176
247
913
406
554
473
387
938
613
349
909
441
857
230
409
801
903
947
360
163
546
492
610
824
244
446
559
352
57
751
872
46
413
493
446
693
453
472
492
985
66
552
420
839
325
906
438
533
517
10
843
585
293
559
573
935
434
750
663
175
584
762
592
734
945
863
905
754
813
901
282
508
821
13
265
316
763
949
741
49
42
348
193
399
804
95
607
625
270
716
729
983
315
28
301
917
387
83
431
722
500
576
344
369
749
199
602
545
495
676
249
990
612
691
668
333
623
754
498
32
589
568
918
809
890
265
89
797
990
120
801
687
377
876
312
988
607
535
952
916
88
524
369
399
483
284
249
840
15
396
717
620
944
415
429
765
638
191
124
377
371
980
395
621
109
815
729
111
507
889
434
462
901
169
431
158
747
333
152
413
442
237
852
570
208
763
20
601
240
962
854
15
584
151
113
455
437
811
30
953
365
9
605
934
63
644
244
825
99
446
358
144
289
13
853
583
97
120
132
467
861
853
91
914
280
678
332
321
790
640
839
583
693
237
187
204
294
670
536
767
234
629
726
480
781
59
470
562
43
349
882
558
504
424
441
877
36
848
74
112
628
478
269
296
964
764
336
624
640
723
317
102
244
529
794
516
980
873
209
807
481
119
951
823
175
987
556
504
783
110
634
997
896
742
986
718
177
15
374
623
786
919
517
551
184
311
63
544
474
112
102
900
565
97
377
375
517
65
243
397
739
106
196
710
20
50
941
589
363
855
777
595
334
15
984
119
29
64
870
415
763
72
177
703
649
68
878
605
253
8
472
318
516
885
495
582
660
457
362
529
474
673
587
570
770
206
7
483
151
711
436
100
353
89
501
798
887
420
776
464
629
695
971
267
128
574
311
863
964
220
998
603
627
175
441
741
337
689
795
49
125
104
578
130
827
142
706
205
715
498
468
704
247
684
471
848
908
978
584
206
156
35
161
470
177
347
980
699
79
581
118
495
48
843
716
118
250
764
462
906
5
130
713
277
713
689
859
861
793
26
493
661
737
878
516
73
355
456
402
636
839
520
384
825
169
539
870
75
566
493
394
804
789
102
150
176
31
30
505
269
716
283
176
401
134
808
933
750
756
927
544
423
504
621
843
320
743
638
418
132
558
507
134
239
146
360
499
109
403
220
260
111
848
75
253
318
288
720
164
727
455
748
689
370
675
120
623
980
388
147
939
500
892
301
749
514
587
331
358
630
635
457
89
550
847
849
583
383
266
470
633
504
765
467
34
193
678
534
973
928
235
788
332
753
910
732
512
329
505
842
967
130
890
378
323
588
366
492
424
886
731
236
533
503
603
987
417
438
876
261
144
526
299
293
338
262
918
217
407
26
617
958
844
120
213
739
491
186
459
11
636
243
348
274
892
704
478
298
478
901
636
496
63
655
633
428
613
836
538
212
348
347
796
590
789
233
407
657
843
226
498
132
80
261
59
719
60
770
948
64
417
812
78
395
939
556
492
996
98
809
756
412
120
554
236
839
442
539
278
688
387
988
420
660
852
951
649
990
664
602
685
513
512
761
367
917
263
471
410
8
292
992
235
198
834
787
889
534
121
830
387
310
213
757
398
126
731
808
822
903
854
502
604
112
603
942
867
297
123
602
81
507
492
198
600
62
278
748
752
262
823
459
380
77
209
650
724
291
659
202
123
433
659
251
819
207
888
226
145
612
8
69
318
661
241
314
33
223
921
821
338
609
910
816
862
307
544
752
936
125
12
825
535
998
669
632
85
743
846
325
521
297
486
477
896
916
794
595
640
376
634
663
281
362
260
372
155
358
507
144
6
794
331
849
802
15
912
983
913
868
637
148
122
152
368
664
71
640
693
14
963
339
605
620
695
906
552
800
584
64
229
147
667
224
194
923
389
819
338
250
741
329
740
768
591
488
462
32
573
79
75
939
749
768
542
592
174
191
225
572
74
264
78
802
54
62
181
903
161
68
615
52
960
991
994
338
12
748
17
744
819
278
800
984
860
481
437
920
632
638
598
438
268
192
901
73
901
194
789
797
18
137
413
970
87
882
78
967
748
444
322
721
982
805
49
680
882
211
196
465
904
280
351
389
89
205
470
597
744
229
999
858
787
484
80
508
193
710
509
689
966
574
266
885
637
825
396
198
357
139
208
10
503
618
602
419
63
221
673
299
954
49
232
896
774
804
45
286
234
418
409
695
627
336
899
237
996
69
905
790
749
117
743
56
423
683
791
998
473
836
239
61
228
944
742
524
279
955
259
885
882
474
417
216
417
645
709
418
116
858
553
987
403
805
871
105
420
258
37
718
243
847
97
363
177
760
392
993
568
755
828
9
892
946
929
842
979
577
946
910
49
641
759
961
64
298
980
497
445
732
177
531
617
650
415
326
217
303
879
756
705
376
625
876
340
419
946
209
797
369
140
516
689
27
142
325
913
533
580
735
893
731
932
627
161
203
404
194
841
140
184
622
994
200
356
830
180
760
389
463
476
140
656
317
771
218
83
448
137
687
300
161
120
520
340
519
797
138
112
167
864
237
604
6
860
679
850
452
722
635
814
80
940
563
468
912
949
23
238
103
440
936
967
435
637
249
761
398
329
457
947
806
500
961
400
355
644
351
738
524
284
991
342
810
751
835
581
386
716
887
547
301
405
936
454
540
522
781
836
576
961
674
121
873
44
40
668
125
174
74
367
387
738
975
331
883
436
155
527
577
567
340
711
374
15
345
145
975
6
543
240
244
300
865
481
51
266
677
392
125
791
183
969
822
240
174
620
494
998
878
313
91
996
505
227
934
375
658
392
48
403
723
55
913
745
628
597
659
904
802
705
126
82
575
330
413
902
613
490
430
361
999
270
406
498
710
795
551
470
455
144
492
349
947
597
617
346
40
556
941
891
579
990
662
188
506
641
459
839
520
536
768
888
279
206
724
565
402
794
997
405
227
710
973
677
923
948
465
422
16
529
857
163
217
388
303
974
555
329
462
167
760
801
655
863
231
848
967
452
787
43
886
280
155
679
714
900
315
548
210
859
911
405
209
649
201
873
541
305
976
505
844
356
760
722
485
973
971
10
100
134
312
720
588
2
813
559
533
654
830
311
603
581
47
712
999
128
977
987
908
485
226
79
266
802
987
341
928
19
338
216
838
982
502
686
632
355
340
342
614
253
537
522
435
232
295
182
628
292
992
508
494
777
881
157
631
341
30
292
296
486
767
918
307
375
644
478
113
43
628
932
418
889
740
57
977
417
853
700
418
714
335
178
752
846
560
9
399
923
950
978
303
659
857
205
708
163
707
756
681
9
699
324
526
877
147
592
104
538
801
197
691
771
530
410
454
196
878
945
73
466
139
436
298
101
720
325
163
481
976
899
189
757
289
583
960
853
224
812
85
600
732
641
86
475
504
269
889
250
11
275
234
922
540
947
472
536
357
367
751
944
537
9
805
234
730
180
382
527
196
674
710
209
843
924
327
520
823
571
831
393
177
864
222
926
302
549
858
807
802
980
316
85
956
539
945
780
164
901
973
497
293
735
534
926
811
132
976
361
55
496
731
769
351
826
460
271
289
761
48
762
333
495
138
439
922
633
698
63
602
859
914
716
658
357
507
397
434
834
194
132
805
343
680
363
709
667
691
32
490
182
231
401
985
879
220
420
80
787
317
63
706
882
149
977
41
18
580
984
107
362
940
806
202
91
811
197
551
858
653
521
850
332
82
290
676
901
3
760
76
742
971
327
90
958
735
795
145
835
746
576
505
762
939
318
170
959
854
776
170
347
571
16
717
88
910
552
683
133
328
316
517
399
475
876
849
36
260
764
439
969
76
691
986
246
631
801
555
605
541
965
225
921
385
947
156
251
828
552
240
980
477
621
330
611
518
779
202
665
979
837
789
460
399
177
469
100
938
391
207
491
564
826
450
413
237
510
194
657
507
454
266
972
652
769
681
563
994
57
405
157
397
11
702
666
471
597
108
813
541
20
610
873
932
865
345
851
388
501
697
391
898
382
37
323
933
973
218
71
750
892
514
737
536
396
684
186
601
793
339
758
123
463
851
12
302
545
443
941
258
191
453
886
114
140
389
354
524
449
266
195
723
992
786
636
416
787
201
179
380
932
200
622
3
255
937
565
440
131
163
316
152
934
568
906
985
11
997
480
506
129
791
73
362
940
638
523
778
981
321
402
361
458
526
732
66
88
555
993
481
566
480
403
570
566
989
525
304
241
782
267
438
269
641
325
318
160
965
867
567
490
789
938
296
692
317
219
630
938
550
955
156
635
253
791
295
320
62
787
342
71
775
46
525
43
383
611
722
34
385
817
881
507
233
105
334
960
446
972
139
178
809
909
354
282
974
30
864
589
693
128
410
150
499
425
846
982
463
309
29
908
196
762
464
588
199
259
29
988
630
399
313
861
979
515
690
730
985
988
944
810
70
348
579
557
386
972
524
144
246
197
127
286
970
211
575
327
472
44
171
977
429
711
634
603
589
431
974
523
339
175
153
575
98
284
3
899
872
660
800
700
180
135
910
472
8
912
997
836
281
15
274
933
155
915
384
99
760
116
856
486
974
60
434
478
484
219
352
899
557
854
915
267
712
703
27
249
923
457
393
112
372
132
885
299
87
461
86
161
64
631
632
124
586
32
568
793
615
350
535
122
795
725
472
176
209
920
971
322
416
313
742
946
929
835
1
639
461
159
258
401
744
434
390
858
432
239
498
716
997
515
509
891
704
442
592
44
834
4
475
236
101
510
107
614
383
882
570
559
873
616
305
718
649
383
502
276
648
110
884
639
218
995
542
451
759
173
436
842
518
933
509
253
73
514
429
232
277
75
545
460
121
484
626
82
822
538
301
160
331
877
907
995
942
707
106
405
278
287
685
27
785
928
884
158
70
558
250
388
440
728
836
788
120
568
26
990
794
958
235
453
977
645
550
823
599
214
554
38
857
594
224
931
84
409
332
56
668
909
31
802
416
284
479
68
29
680
661
96
330
703
200
780
483
327
36
871
213
270
955
433
13
424
9
170
976
192
706
929
246
558
754
904
634
142
179
980
480
869
738
371
954
631
166
247
346
589
622
817
12
317
903
595
222
784
566
916
994
858
936
3
698
411
481
772
839
659
292
692
75
703
56
710
716
201
142
75
662
142
973
654
59
233
389
249
561
763
895
943
382
666
993
501
201
101
353
916
658
794
966
8
686
272
657
729
701
830
623
648
567
533
592
976
985
418
363
516
465
54
198
68
906
754
331
928
693
693
512
334
637
987
199
290
313
544
862
83
756
902
620
753
678
353
297
417
415
111
139
562
253
941
36
542
253
983
799
787
389
379
657
497
205
158
336
23
791
968
473
381
926
513
743
733
612
631
831
251
16
150
666
992
360
435
931
420
350
331
531
582
106
225
95
121
106
145
92
929
715
355
532
82
220
243
446
411
746
515
375
751
174
534
578
330
144
467
205
597
922
57
17
898
499
702
162
637
166
507
57
456
165
153
200
836
644
109
337
690
496
834
32
874
795
344
384
698
558
442
857
805
219
499
467
240
509
840
562
723
334
84
183
606
337
728
639
502
723
571
870
438
878
179
900
572
67
817
38
61
762
333
573
260
802
957
616
109
29
508
38
211
676
954
222
184
823
934
731
290
225
51
657
196
429
137
805
678
773
953
610
183
633
506
351
135
204
132
514
291
875
93
688
217
657
157
925
951
66
819
555
856
716
924
308
509
6
297
648
350
504
591
613
29
605
492
674
685
706
919
651
450
545
906
815
771
345
691
244
796
738
989
395
15
163
292
556
400
784
688
288
697
725
611
197
561
556
540
502
803
998
261
321
570
17
375
364
750
326
955
929
39
597
616
414
18
890
531
291
15
382
701
148
677
423
170
993
66
403
578
639
185
46
254
15
954
265
130
872
29
986
229
816
525
919
947
10
519
709
24
845
536
774
284
810
522
544
988
955
546
141
376
565
281
695
199
384
908
346
238
402
200
473
231
332
621
903
434
546
335
183
506
392
388
179
305
814
626
554
625
753
565
528
502
1
428
954
794
759
615
517
889
496
56
13
82
750
765
384
724
664
319
397
359
20
235
971
316
104
824
639
359
940
648
600
567
591
122
227
20
512
538
636
235
896
753
352
979
544
527
956
346
925
524
242
121
702
23
10
942
899
311
348
389
745
160
634
658
974
213
83
493
856
265
358
420
903
847
916
283
700
389
899
189
331
565
720
571
890
571
430
95
742
119
626
195
203
861
305
865
353
638
846
754
3
55
539
957
418
529
493
590
774
634
369
422
84
336
760
48
35
949
446
922
15
284
540
775
62
81
133
238
450
849
205
501
839
295
156
874
183
114
71
62
317
545
441
335
543
612
409
331
349
97
878
56
257
198
476
968
995
219
110
823
224
542
85
716
422
687
347
599
299
395
392
337
679
890
753
696
154
45
672
561
843
1
102
42
493
56
581
415
755
161
555
393
160
610
373
574
480
178
927
562
309
927
886
375
853
910
861
195
675
490
477
113
968
645
533
150
622
691
1
153
931
711
904
474
496
146
796
138
68
271
153
73
114
906
938
532
509
572
243
761
667
402
629
889
779
651
788
89
667
339
4
181
196
553
117
277
317
646
280
582
472
748
682
159
854
643
338
12
322
716
733
483
215
393
656
349
283
286
205
129
529
993
413
220
542
571
185
569
182
4
711
730
389
35
530
850
593
174
628
809
159
69
729
929
40
718
405
390
94
612
838
778
671
49
499
587
120
769
826
82
814
472
458
758
68
756
554
735
911
611
676
685
15
355
867
349
379
434
678
750
264
973
506
986
591
819
489
642
959
433
321
821
215
585
524
927
601
376
849
404
870
951
949
678
40
855
744
352
800
151
609
252
642
395
944
782
714
776
204
504
338
4
701
760
623
399
159
815
78
835
635
165
253
705
395
109
785
458
437
228
300
883
440
391
802
580
370
276
500
37
435
92
160
487
86
705
884
844
925
42
353
481
165
126
278
709
438
175
762
85
502
305
841
767
776
948
36
194
439
374
251
353
727
566
660
806
309
945
877
379
75
385
797
658
217
319
210
877
386
675
605
219
814
871
67
136
788
544
952
899
888
787
868
200
827
2
272
407
892
290
207
735
251
904
941
669
967
11
628
3
745
210
23
385
174
655
737
722
840
235
167
801
935
584
934
332
801
642
583
132
466
508
910
926
141
380
596
58
394
830
156
599
182
96
207
509
454
590
96
303
19
639
127
4
395
675
948
222
278
325
230
585
111
809
272
328
909
431
375
88
351
449
254
742
4
414
72
833
13
641
461
528
611
499
447
289
45
768
615
465
162
250
159
691
743
523
732
153
846
634
609
585
297
852
23
65
636
443
604
123
327
659
277
216
503
192
777
243
860
531
794
856
399
694
405
813
597
856
53
376
77
650
310
371
287
393
647
242
665
62
520
819
990
212
104
698
62
856
529
648
540
75
107
827
458
617
198
958
751
101
197
211
685
658
647
273
540
578
785
745
920
590
409
849
244
189
25
908
654
73
397
451
538
548
457
214
763
340
90
406
682
944
124
591
2
637
395
552
349
356
180
53
465
868
423
178
483
959
78
383
86
937
309
714
593
140
703
569
823
820
753
324
706
635
115
173
951
685
923
395
933
957
333
394
646
610
753
206
780
573
588
454
245
114
157
102
641
997
948
208
584
976
939
474
818
64
415
88
819
903
485
64
989
212
786
488
91
660
671
99
897
399
716
657
535
299
355
877
99
233
973
244
909
568
78
821
777
677
422
151
935
588
971
343
53
545
281
923
147
975
969
302
548
524
423
164
86
830
551
785
101
994
561
150
72
276
962
130
579
567
419
577
782
121
193
896
739
70
79
619
440
754
39
417
449
760
711
311
941
887
360
411
347
229
692
681
252
897
864
84
180
621
289
538
330
280
122
949
547
373
319
247
915
717
830
650
518
914
622
592
951
492
33
297
731
767
110
953
759
710
853
726
776
289
550
610
421
324
569
924
812
924
706
841
1
381
417
765
711
597
676
778
800
899
578
708
791
639
794
78
141
716
244
943
484
19
607
607
269
591
907
407
352
953
621
515
44
787
69
45
504
816
915
49
293
332
851
108
384
193
86
370
501
554
826
937
382
340
141
702
32
783
907
100
821
329
326
823
510
416
58
573
894
463
502
253
760
328
222
960
405
698
407
544
468
261
790
792
504
702
351
310
401
836
542
388
78
279
320
161
25
781
417
76
918
903
278
248
245
664
222
809
991
222
860
114
269
477
331
153
169
913
120
764
902
571
21
495
137
74
387
921
976
127
375
835
771
748
803
45
596
682
183
679
599
874
67
193
169
400
876
661
651
145
651
520
823
647
477
245
698
342
188
218
590
210
846
576
373
646
240
700
857
160
197
235
365
805
368
695
514
113
422
7
390
402
864
109
970
602
561
102
414
954
265
246
974
30
862
24
198
206
430
69
718
398
434
180
546
4
543
935
852
210
395
787
739
178
483
787
267
495
964
650
664
297
957
158
593
705
851
820
2
877
375
920
664
252
427
18
119
98
978
29
130
773
350
91
857
519
905
489
243
107
580
594
184
479
928
949
796
356
728
691
702
471
637
635
302
984
707
973
300
277
14
527
893
2
157
799
499
953
376
67
623
495
858
437
391
691
760
93
367
221
883
360
57
152
416
501
557
413
966
351
825
132
187
466
49
732
727
478
862
694
934
816
297
998
691
924
898
244
913
264
94
178
270
509
539
13
515
457
398
76
17
413
193
448
765
438
144
965
375
292
345
867
305
831
386
677
411
797
567
923
770
377
3
747
995
626
267
860
296
273
30
795
667
464
937
417
406
718
324
821
50
3
500
922
405
205
581
469
387
962
932
40
392
584
401
968
655
472
239
505
997
47
339
586
172
568
476
868
772
421
296
857
782
695
727
908
959
591
248
115
433
564
530
342
119
881
354
400
800
294
930
755
584
431
334
551
782
191
785
549
925
300
87
993
766
814
741
276
169
565
591
273
320
304
656
420
454
220
608
240
381
412
98
861
258
999
378
186
509
36
923
331
969
29
882
148
791
3
780
592
755
540
659
481
579
328
328
382
339
798
752
408
790
353
577
830
217
445
442
473
763
965
983
920
761
523
789
241
849
147
999
26
839
651
498
880
861
380
683
576
674
527
570
625
97
559
205
831
626
583
648
509
358
846
706
187
925
535
596
30
614
928
556
707
783
111
594
888
141
163
497
353
203
561
930
927
535
796
818
396
525
229
805
713
24
379
944
41
4
740
965
36
435
72
446
685
948
935
715
484
945
982
226
62
26
534
658
595
815
748
614
51
635
115
241
226
252
231
637
630
376
251
527
856
544
382
586
250
815
696
546
968
889
462
925
450
244
961
901
349
131
699
429
286
40
574
519
666
415
265
281
985
784
822
508
132
133
384
654
608
188
368
574
638
783
427
655
827
399
835
724
225
631
771
299
670
500
103
648
252
602
984
729
414
252
569
772
259
793
839
125
771
986
807
965
594
960
58
669
225
633
912
237
144
669
410
860
852
177
355
714
82
589
454
163
226
118
963
108
919
555
114
276
66
772
106
967
374
629
821
26
508
607
943
303
386
755
61
510
842
112
942
124
456
105
338
955
928
126
121
621
270
454
130
743
23
666
517
346
38
723
341
499
69
663
128
590
267
122
445
884
248
467
82
843
713
400
140
166
794
897
796
458
473
397
294
244
130
831
17
788
363
893
83
469
216
744
172
444
389
840
408
740
520
2
866
839
273
729
923
968
330
530
102
766
684
298
488
455
39
989
20
21
212
672
586
869
177
149
317
53
869
342
395
834
906
402
909
639
634
940
994
101
244
452
712
93
304
908
117
811
993
100
257
528
321
311
959
