6
22 9394
382 8418
170 4483
783 7899
480 4515
493 3754
10000
991 1835
418 8988
370 2376
377 6560
871 3437
803 8378
521 3759
573 544
119 3944
384 1280
699 6661
743 1769
204 5240
876 4141
765 38
420 2198
228 4649
455 1277
892 1072
385 6148
539 9626
932 8302
740 6959
283 7426
421 3943
680 2284
754 5824
423 3131
777 5148
704 1652
997 1217
681 9853
667 8808
770 7171
840 9695
896 7477
529 5271
314 8198
553 3798
639 3551
790 198
894 75
140 148
404 6282
961 4849
922 6926
919 2357
700 9521
949 4039
972 4893
222 566
68 2433
809 68
655 2739
528 9526
545 3673
337 3189
179 367
391 6671
672 1348
722 3975
290 109
619 2161
318 9601
657 6359
35 5627
399 790
63 3098
804 5473
611 9364
705 142
778 4175
470 9060
30 8615
869 7715
218 5756
262 4044
809 5872
321 7573
310 2013
311 3670
105 5837
618 1742
345 6768
784 4959
932 1801
349 9822
937 753
589 8420
831 1411
934 4912
555 5983
124 7522
541 8952
114 1889
52 7797
440 166
926 9219
591 2287
712 1809
119 9853
868 1203
210 4694
510 1680
279 4516
614 692
768 4164
369 2223
108 2216
720 1251
333 4950
200 698
203 7398
928 542
31 3927
398 239
241 7211
762 353
738 9879
105 2587
763 9780
404 8457
621 7105
358 5546
990 9646
994 7507
954 9042
946 939
544 7734
33 1741
473 5336
850 3881
468 2138
271 4867
21 6912
27 9922
161 3941
592 1986
731 1590
978 8787
275 4101
777 2391
546 7527
75 1384
335 2727
616 7520
109 3617
116 287
586 9864
913 4009
809 849
291 1205
49 1253
610 1583
581 2643
507 6535
914 4332
951 5104
732 1877
242 2129
624 152
477 3464
995 3859
181 466
506 2727
938 8804
728 522
441 4645
124 1318
906 6417
408 3721
635 5464
939 6323
747 7676
431 3626
175 9687
644 7977
169 1507
676 7500
324 9073
244 8598
921 6626
457 6524
845 2289
673 216
217 9367
870 6262
113 8340
310 6186
229 2893
806 2424
179 6921
978 7690
26 947
390 702
121 9884
353 2582
694 5861
213 390
584 5113
520 8617
918 7777
798 12
461 3534
988 849
629 19
470 5342
564 4055
378 7132
658 2776
915 5784
852 3091
800 1733
906 5773
330 9064
489 3277
241 651
457 1007
80 2763
951 2995
588 6425
132 3788
233 8316
636 5650
373 4206
449 1696
843 8843
558 2470
721 9333
140 1848
546 6723
872 4238
829 637
746 7282
84 3313
872 8677
486 7073
849 7050
422 2883
891 3752
122 7696
493 7885
596 5029
405 4502
84 9541
868 9768
252 9493
333 6330
99 5471
754 425
395 5936
495 9763
171 7962
20 2652
965 1458
807 4811
337 5378
48 8686
944 3080
83 9314
850 6710
386 9612
897 7904
777 531
635 3937
928 9604
324 7543
164 5565
841 2498
286 1618
535 7401
986 1755
66 3397
385 3395
542 8211
816 2442
450 8646
935 1588
47 8963
35 7945
549 6644
700 4179
407 5174
39 3443
642 4779
709 7740
882 360
35 1030
413 6888
232 5772
342 919
586 7855
148 5111
682 369
568 1503
595 6026
538 3319
518 7783
292 7501
521 1766
597 5444
883 8459
512 1872
730 4686
203 1867
158 1402
585 5538
963 4608
376 6552
691 9682
435 5043
241 6632
889 4506
759 719
172 5213
769 661
427 4253
96 6686
520 639
328 50
659 6238
482 1340
398 2566
2 9309
446 8266
666 679
744 8542
926 9042
890 5342
406 7499
166 6981
7 8496
987 8951
298 3381
179 1912
779 4578
245 8786
292 6642
901 7218
623 5670
799 7115
440 3376
240 7059
17 9769
829 5617
123 5659
698 6261
35 3447
53 240
123 3280
240 6216
749 7422
722 7285
620 6541
166 5591
459 2059
458 8269
235 6158
482 7535
826 4379
579 9397
126 8960
184 3550
326 3067
713 6874
818 9232
431 3264
958 9751
433 7881
554 8444
905 8115
325 3133
968 480
181 8287
574 1508
9 4922
75 6474
616 1096
697 3119
967 3835
639 7605
735 7796
800 4529
948 6252
138 8478
767 5230
423 2840
437 1787
535 7154
742 2613
732 6865
591 549
957 3806
680 6902
708 1000
126 407
384 6719
514 9052
555 4314
385 3309
69 6786
530 4310
783 7493
307 8149
1 2453
452 5632
277 486
50 2300
105 5651
414 4535
873 5113
324 5679
667 7434
932 6792
857 1324
756 267
738 9015
283 385
346 3643
456 524
685 5191
721 2014
784 3971
997 6752
624 3432
370 653
792 9666
599 1604
576 6805
508 6633
505 7093
13 9924
914 9356
939 7217
534 9144
218 9983
195 1355
196 1025
53 6969
789 8528
449 7757
53 2534
586 3396
881 1957
839 6352
482 9598
475 4983
52 8858
52 2002
113 9509
941 5566
116 1246
84 2526
174 2744
588 7367
804 2316
988 7538
550 8660
30 7806
33 5922
185 1116
623 1303
104 9105
778 6220
32 7559
365 1021
398 6172
659 2617
727 4690
357 1971
134 1165
520 5636
585 1368
709 7191
196 9056
344 9163
869 8152
865 6485
246 2947
670 2235
23 1229
255 4570
265 6995
656 9632
620 374
867 611
146 8075
195 281
113 2686
810 8365
197 3931
84 1873
859 4388
570 3334
767 5150
688 8822
136 8963
343 3162
143 9601
156 8900
19 1850
527 2391
8 1458
253 4713
275 2980
454 3240
815 9598
951 4051
700 400
849 300
403 81
905 8844
539 553
14 5023
622 9080
550 5892
181 8878
513 1103
640 3665
236 8087
479 3675
152 2807
292 9193
401 2369
598 7708
351 9286
320 6380
808 6992
520 2896
643 6680
184 4231
534 6336
777 4803
650 2427
731 3592
282 3328
533 4561
696 4475
571 5228
768 4059
747 5065
667 2261
664 5647
349 6127
895 5655
974 8246
541 2031
501 4825
119 2024
57 4620
895 3464
574 533
846 776
998 6722
141 2855
278 4850
234 6758
445 5719
122 234
608 3707
897 5854
208 4488
347 6622
858 7022
943 8349
438 6944
183 8591
433 8919
529 2864
27 3118
824 4459
802 277
604 6131
797 3518
318 798
657 1651
573 6805
264 2750
732 3286
877 2111
265 7186
89 3129
96 9503
273 4117
638 8727
582 6670
750 8839
668 8708
888 7345
851 5673
764 9690
329 1879
795 5469
518 6792
583 7110
958 5692
230 3640
659 8791
259 6791
592 8112
333 5263
103 4723
686 1963
396 8447
685 3743
776 7865
317 3919
175 3735
508 6037
826 5910
436 9534
734 6133
741 6526
555 5960
889 168
517 2822
615 6791
263 3803
353 8168
331 1383
678 5021
339 7533
720 4075
387 7252
871 7293
453 5689
948 6719
307 8091
287 884
313 3774
785 8401
177 7529
651 2975
748 1320
285 9837
864 9659
760 811
12 5572
309 3520
446 7181
4 7141
837 4416
654 9160
16 5341
898 9242
933 2440
276 6609
122 5032
257 775
752 3801
900 3945
451 6859
669 7290
27 497
293 6365
310 1858
11 4366
76 2267
34 5657
730 2539
240 9409
704 1094
408 8155
426 6435
193 9856
370 2302
214 8287
788 4999
124 9496
273 4145
62 8738
997 2324
532 9511
426 3947
392 9602
314 9942
984 6552
688 7305
207 1804
808 9067
684 6233
403 7816
161 6252
148 7040
213 8951
101 3142
770 4944
107 9553
800 8720
213 2270
792 5204
937 7549
794 303
183 7440
952 2678
405 5039
489 9698
985 3286
351 9346
762 5749
432 6359
863 9327
225 9974
70 123
806 7001
999 1942
651 7550
870 1024
935 1366
893 1707
740 1368
47 9855
16 8028
630 3352
431 1776
782 6726
558 2102
448 8316
697 1844
840 2369
70 5091
343 9491
512 8208
754 1439
70 4782
344 7546
313 354
816 4555
17 69
417 6366
57 3286
673 8403
446 6070
670 3901
924 3722
80 7332
945 8940
861 4083
792 442
339 6154
463 310
778 8685
769 1988
311 1124
493 15
555 9737
421 5317
473 8077
56 9654
299 3523
769 8217
158 6931
766 982
234 9608
321 4877
779 6242
546 5758
898 9797
139 511
669 601
75 2938
250 6280
516 9371
112 8643
645 5318
807 9149
40 3903
91 4030
477 6417
956 5233
53 8488
241 4598
224 9942
1 4673
463 2930
72 7674
883 3284
712 8939
245 7898
45 6645
179 6407
960 3627
241 622
69 677
950 6731
117 9310
867 9131
717 2294
927 735
613 818
718 7949
842 3447
549 5055
380 5122
496 578
201 387
916 7959
928 7981
109 8902
574 5144
57 7878
285 1952
667 3782
712 5747
978 7832
440 950
359 9808
698 7073
482 5338
871 7646
621 8033
386 3582
639 3384
838 6884
867 6629
509 1176
799 8769
242 565
334 2122
41 5148
750 3569
665 8047
538 6460
528 1478
793 1029
159 6686
933 9001
354 3781
21 7850
394 607
371 8925
771 4404
399 9005
790 8031
763 5590
512 7041
380 4122
696 5836
583 2080
589 8584
122 1856
566 594
551 1337
736 104
557 3691
236 3694
366 3677
903 1340
321 7368
840 9933
898 346
581 5138
253 2708
358 4525
63 8204
840 8551
637 7484
3 5834
955 9313
637 6391
382 9725
965 881
651 5125
153 1200
974 5476
776 3744
43 6006
824 2335
144 910
826 3251
73 2593
465 8833
979 9464
151 4343
273 786
512 5475
819 175
868 4201
737 9270
305 4145
285 2864
799 2279
854 1435
162 9705
22 1064
692 5869
301 2381
16 6696
83 7460
32 1768
98 9082
696 251
353 209
649 4549
307 7711
319 4798
958 204
244 8418
636 9832
354 8255
205 7459
540 9755
667 8914
622 2491
941 5665
216 989
381 9355
416 1727
722 8580
789 4021
454 2800
316 8855
161 3513
71 4161
508 61
441 4530
895 6141
611 8701
788 1967
298 8074
545 3869
726 294
242 5813
597 5567
589 6807
510 7290
396 7833
615 5533
62 1638
368 436
774 2682
109 3184
403 4984
200 4675
119 7605
764 3542
304 6138
707 5268
873 2662
873 3660
386 3642
118 2610
820 5291
816 7630
662 2419
527 7548
451 7376
352 7179
985 1795
651 3230
228 2707
748 3646
385 6856
605 6086
395 8768
579 8021
673 2429
317 2895
638 8469
816 7132
472 5456
221 8248
234 2942
153 7394
138 7279
620 5517
971 7929
667 9426
780 3797
102 6508
991 7394
939 3306
523 5632
161 8288
715 4311
926 6967
316 7838
129 7304
795 8180
848 9557
829 4650
756 9728
565 4807
16 1922
249 8579
453 7590
501 44
289 2411
263 1060
660 2518
321 8001
986 6221
187 108
979 1181
14 7298
422 9269
426 1910
465 8840
992 4749
803 3999
665 5265
459 4037
38 9167
678 4521
965 6584
685 9439
90 7363
596 8896
603 106
220 8165
492 1801
458 1184
897 4034
749 1988
575 6652
164 8584
139 8239
502 4135
264 3497
617 6179
654 8252
892 6429
573 6638
828 3135
326 5736
467 2082
763 2248
228 9896
563 9023
320 2148
887 8275
644 4829
847 2637
488 7183
717 4604
330 2105
704 289
457 9983
411 8305
819 986
588 3959
456 1284
309 5679
188 6605
494 1035
288 3048
81 6626
434 3838
597 2588
928 5050
988 8455
745 1483
965 9686
317 1190
867 8301
352 2545
899 1734
571 4937
666 9886
682 1437
956 8888
719 9361
134 8713
254 9356
854 587
495 8857
798 6619
959 8090
812 6139
655 8369
397 3696
259 7093
853 5077
548 5987
896 3734
279 5338
325 1333
372 8525
965 1417
296 4309
497 7178
36 6893
857 3303
611 6645
910 224
759 4303
145 3196
205 133
673 4660
884 9953
721 5014
906 8563
615 7187
488 622
207 7217
49 6027
990 266
118 2037
463 891
389 6332
993 9814
222 5619
159 6512
324 3713
55 9140
378 2419
436 6174
436 3880
332 5200
537 4100
530 7521
992 9262
29 2281
768 7170
215 8247
222 1871
551 1899
338 5098
648 9708
274 8874
352 3779
294 8218
113 3246
83 5130
843 7774
873 7213
104 6634
557 4108
903 9241
663 6994
770 459
508 9807
136 6993
285 6598
235 9729
783 3950
314 4595
369 7268
697 3207
897 2439
405 4668
783 5515
192 6090
760 727
779 1754
949 5207
958 9032
641 4731
242 4856
590 4726
200 814
977 5391
647 3956
626 8115
723 6680
453 8705
400 3691
923 2797
835 2835
322 6574
185 7658
304 5696
845 9997
788 9603
719 590
790 7866
576 9907
114 4300
463 1588
161 9862
559 8753
671 2232
374 7242
998 8323
599 3812
842 6274
345 2155
467 334
910 1274
110 903
582 9365
52 6098
753 4896
785 8950
216 4453
590 6334
621 4578
488 378
174 9544
127 1358
990 4078
688 49
76 8556
347 239
338 5248
413 520
559 9052
912 3215
293 9078
606 8620
140 1334
650 346
973 1196
823 7929
824 5832
598 3805
751 9823
996 9757
545 1997
682 9109
664 8894
507 5061
210 9283
130 8544
540 3107
938 7117
818 5544
955 1194
744 2686
252 5892
229 263
299 5872
570 7049
255 3797
872 4846
23 7183
663 6420
911 126
432 8059
242 1221
284 1161
683 2652
538 7689
243 4462
709 7976
463 8923
412 711
471 6695
192 3580
943 3209
569 4128
2 1806
458 2098
434 7539
784 7651
361 1390
743 7480
267 3622
701 2907
898 1206
164 330
624 1743
685 3223
105 6483
352 2838
263 4442
341 2210
579 8624
822 2840
291 3973
50 3291
670 8316
244 1774
169 9309
593 2621
422 7891
470 3013
192 2654
664 3911
793 3554
386 5289
980 6839
3 3348
907 4983
469 1095
1 2195
366 1843
49 3966
187 109
710 6160
624 4863
721 7396
170 2184
206 9146
254 4231
767 7110
390 6180
472 6784
547 4503
249 8354
766 4718
791 9629
229 4891
787 3012
540 6660
129 8799
610 114
10 6249
792 9283
715 339
885 2936
980 4655
517 6103
753 8149
733 8105
165 7969
241 7037
402 8291
78 1252
834 2830
288 8435
450 5690
421 6277
193 6387
1000 4934
469 5543
55 665
830 9851
454 4642
10 8263
378 172
975 7589
550 2261
116 2838
161 9613
480 8221
350 4203
857 8690
115 312
951 9808
683 4226
214 2184
372 5290
327 3788
177 694
560 3700
57 3136
8 5501
294 1077
980 629
95 8790
252 8256
174 8203
782 2550
859 6411
490 5746
783 7846
293 8501
794 91
55 9313
782 9378
764 7327
362 3955
119 3769
360 1213
274 976
374 9424
631 503
89 7379
770 7302
173 8895
724 6073
550 9938
754 4686
595 237
964 3050
782 5750
407 6533
277 2295
276 4265
812 7885
742 4007
192 7498
784 9571
133 2259
716 3235
410 5539
381 3795
520 246
870 9108
486 895
336 7720
736 3234
440 6951
155 9707
799 2574
194 5365
737 1611
813 4532
70 1954
228 1804
932 2203
320 2487
619 8962
403 1219
864 1829
379 817
298 7178
156 4247
768 5030
275 3087
785 3463
99 8742
290 6747
547 2926
196 566
174 60
723 7136
17 9339
344 4453
681 5111
312 7571
947 6051
851 6096
906 4724
629 6401
933 4931
553 7924
886 3231
569 7719
540 552
623 1902
713 2278
224 5425
205 5824
291 9500
601 6325
902 9230
677 9942
457 90
659 9033
345 2105
585 3960
895 6133
35 208
966 9183
47 5347
721 3339
7 871
43 9055
338 1669
380 3335
627 8186
626 5108
833 3945
830 2889
349 1287
811 1356
584 8077
435 2731
378 4890
186 388
676 2414
593 2315
495 9072
12 9001
594 7354
44 8903
432 1128
989 3511
255 3292
793 6523
475 4028
684 7964
505 6002
910 5125
36 1547
316 581
219 4154
71 800
337 5714
147 3663
668 7263
257 2603
127 9549
518 982
440 319
522 1074
74 5018
42 2968
348 232
871 7203
552 3445
348 4418
109 261
155 8057
453 1452
409 9553
376 3701
341 2787
848 9420
134 353
819 6547
842 3038
124 2208
311 176
921 429
414 837
638 3912
99 2971
545 1313
550 8695
292 8639
101 4943
127 4570
920 6928
419 3122
819 5401
888 8967
160 797
23 7951
978 2453
401 9843
91 9788
534 1746
543 3665
959 5181
255 2921
949 2393
535 6346
23 5888
488 6017
672 7697
391 3548
847 8155
604 9905
269 5605
644 1654
131 3674
231 647
489 8453
90 5747
319 6217
798 9934
928 9724
552 6625
66 9271
79 4758
736 6471
945 3164
657 6511
814 1513
670 8468
443 771
399 1648
633 9814
974 1888
299 1105
522 4806
716 9001
630 1223
110 6004
840 1485
660 559
266 3590
473 6137
692 6436
615 1045
560 8956
977 8140
669 3431
553 3881
237 5379
227 5403
895 6242
711 5671
198 7482
99 9987
679 9684
383 1708
623 1566
424 9953
682 7689
126 9654
909 4955
733 1970
638 2270
439 3841
55 5903
144 5058
278 5631
193 1034
263 918
479 6911
761 8939
393 5742
277 7309
205 8326
419 6254
995 5659
52 7059
496 7956
473 6133
436 3516
778 8610
284 2149
520 5373
874 3409
332 9354
680 583
957 4387
897 5412
542 2261
32 5975
269 1891
342 84
262 1331
680 4370
294 156
279 3021
8 6766
207 452
347 5162
48 1116
90 8918
64 7515
499 2986
399 894
65 5349
185 2148
738 9641
104 6785
929 3835
959 6844
501 3940
880 3409
400 2819
143 9967
305 5576
357 2475
339 6490
478 8748
204 8930
979 6013
622 6190
417 7854
249 6495
575 3074
679 1451
700 1827
967 4508
919 8442
19 9215
782 7367
665 9078
688 3039
878 6374
106 9848
942 3770
909 9055
278 3518
62 3283
178 1333
117 40
727 2132
911 4069
627 6996
309 4710
287 6516
227 9067
380 6244
393 6663
811 7275
789 2801
67 6354
806 6486
567 5255
930 5797
614 76
194 1474
754 8229
729 7316
65 6541
17 5847
678 7105
398 6075
305 5827
880 9843
987 6264
717 5943
923 6219
405 8482
916 8312
421 1060
396 7010
804 5697
918 7694
289 8080
449 2805
779 3981
207 3494
703 7767
752 9346
750 9011
748 222
852 312
908 6804
146 9745
506 610
933 8254
788 8185
717 6499
133 2879
367 7463
828 8286
683 2742
579 5300
7 3264
793 6497
874 4376
888 9739
441 7830
256 2301
710 4037
754 883
980 4805
510 5120
700 3082
502 3497
867 6443
729 760
234 1492
632 6729
61 3637
292 1504
140 6081
390 7233
733 8720
606 9670
536 5117
205 7053
313 2664
179 9272
162 5589
353 5547
798 9707
560 6305
343 5686
960 7527
137 1718
786 1359
133 7854
175 4239
271 2134
190 7696
536 5049
794 6975
444 1079
642 6751
749 6932
431 5157
175 1063
305 1003
978 1037
98 9198
467 5939
602 1167
507 4431
98 3173
255 3704
409 9690
918 7465
777 2090
718 3827
211 9015
759 7192
831 4680
838 9728
965 1813
995 9415
591 6828
972 1773
580 3327
728 3253
79 1860
517 3655
429 3492
826 3486
451 2204
110 8331
854 2175
663 5632
761 5650
803 1333
115 6575
419 6534
614 6515
523 9475
800 1247
443 6159
694 75
305 1954
956 5182
237 7815
943 2343
676 5599
587 7688
221 2460
621 5957
847 5094
987 4073
641 8793
118 9826
40 53
583 848
245 7949
911 9226
348 4297
454 2729
350 6036
373 7722
696 5823
323 4304
674 4044
676 7072
641 7459
869 8564
629 1841
818 9017
931 867
776 4657
893 8768
771 4497
301 5437
25 7491
318 8262
757 4374
675 11
21 3609
373 1536
909 5060
425 3245
458 9647
527 7612
543 7544
293 3054
163 9602
99 2342
193 5537
948 3580
615 6495
643 2844
96 8329
427 1124
706 4354
910 5081
768 8687
391 7891
921 7114
840 9932
543 8672
877 2149
417 4435
567 8817
513 1240
538 5304
559 1226
407 1718
404 6565
706 4633
456 7996
869 3878
109 7667
740 5269
554 7926
831 7968
409 320
315 5576
496 3445
121 4688
996 1128
974 3408
33 2293
289 7828
35 585
24 730
473 645
723 7128
861 1648
775 4659
813 801
172 5544
501 280
480 5352
482 1670
290 2868
800 8689
23 4469
854 5777
145 6694
885 950
955 8728
308 3759
535 7741
759 7636
160 4270
339 3645
432 3653
771 121
234 5187
286 7112
961 8027
255 4385
536 405
540 6749
472 5725
16 4698
13 6802
625 681
649 7687
371 7105
551 7972
243 6122
809 8006
932 2226
387 4331
453 7579
950 1191
345 7994
406 1442
853 4058
604 568
150 4215
541 7976
401 8404
721 6165
505 6118
797 6743
933 8838
929 5883
991 3571
402 8383
838 7229
738 743
276 3691
235 9372
257 5542
615 8631
990 6412
171 8602
763 5679
456 8855
426 5267
729 3511
577 9635
815 2052
660 7484
320 2064
984 6768
83 4940
978 9364
38 9953
622 6339
249 27
488 9210
824 760
919 6729
324 1246
172 1496
659 8370
224 2832
148 274
891 9997
4 1788
214 1299
579 341
298 3846
951 2339
126 2464
240 338
245 4111
259 6339
181 6725
855 4424
81 6342
779 9658
577 5325
70 2548
509 2615
149 6869
837 5046
513 7025
164 7664
47 2161
48 3710
150 7038
852 1677
924 3706
630 5296
753 2184
945 7692
986 8478
100 9482
31 8922
177 7785
566 202
407 5002
534 3379
320 4178
692 3163
620 3259
770 5711
733 3411
867 8461
288 8556
80 4667
986 2426
943 9455
545 4152
230 5108
375 7011
948 1852
131 4446
593 424
623 8444
728 7329
427 3673
660 3699
656 2
433 1613
830 7959
310 5666
414 2144
898 4571
89 7238
348 9331
863 3558
217 7481
201 1250
209 4722
760 9359
755 2052
451 7255
205 2124
453 2824
828 4233
509 2388
434 734
92 5551
691 6692
187 6516
887 5414
426 4465
300 6275
289 4294
449 3584
587 6570
611 2083
758 85
963 7513
309 7159
934 7393
406 5936
461 3662
173 7830
219 1449
903 835
809 5293
655 228
133 9241
588 9434
662 3570
209 8845
610 8398
276 7364
80 8090
647 2558
439 9397
370 6541
37 4594
399 2277
265 1642
925 8913
625 2792
910 6127
748 9404
73 2911
970 296
64 9480
647 2038
875 5987
588 6863
411 8766
917 2197
480 6602
396 5499
812 4957
549 3784
662 2304
776 1672
143 9010
138 1290
816 5236
12 2019
26 9131
266 8697
677 210
573 8345
82 9173
706 7810
761 9463
537 1112
499 4636
495 1746
401 672
516 1164
299 2206
406 9685
18 9689
620 9890
647 1095
307 233
17 9697
125 6487
195 1509
141 9883
939 3940
404 6041
37 3796
824 4680
374 975
831 2260
153 9106
832 6476
589 9679
850 2165
149 2315
963 7749
951 1473
275 3161
350 1933
918 5968
624 3250
822 2254
632 9316
262 1802
213 8415
152 9728
417 8446
928 5504
131 3957
527 2636
158 7032
889 4110
8 1489
55 1248
787 4653
78 5250
311 7152
734 7256
150 5437
52 1513
271 3471
336 7329
868 6259
95 1423
907 1275
66 7800
593 8604
637 2179
346 1297
434 6331
691 7526
556 6976
432 7166
428 2885
390 9166
631 1203
715 5055
349 4294
448 3231
140 2539
590 6801
347 6920
190 4857
632 6643
495 3393
203 3114
68 9351
680 9386
308 6572
792 5703
800 1974
240 27
129 8239
409 4383
111 5268
815 2755
139 1175
427 7372
525 6382
833 4017
567 8258
98 7181
696 6160
442 8208
722 6891
531 6798
541 5336
840 3678
737 864
771 5884
160 9410
105 9304
457 9438
368 9300
927 1131
720 6282
784 3794
919 4180
167 2161
243 9858
938 4170
940 6248
580 2673
150 2253
180 2657
412 862
244 871
640 5144
43 8645
524 1089
899 1393
485 8064
380 9732
754 576
191 1627
1 6353
500 9929
491 3319
789 5395
539 9561
512 5106
770 1187
201 2853
118 1349
854 2013
247 994
193 5119
504 9522
346 8437
276 2832
962 9709
238 4108
433 216
944 2682
440 6861
373 2049
200 7940
343 5214
681 7867
578 750
796 6596
303 4631
426 2021
194 816
26 7750
220 5716
479 4263
290 6963
351 4728
660 1777
974 7727
614 8118
817 7109
402 2172
163 2761
541 6244
900 2972
806 5793
581 4451
578 3930
949 8344
562 4749
46 9497
139 583
624 6744
101 3453
846 8457
925 4214
773 6999
628 6766
248 3696
693 1605
590 8068
115 9150
41 7530
840 4433
449 7178
623 1929
88 7860
835 4967
756 2376
397 7853
264 7948
251 3203
58 4442
683 9109
230 5758
548 6019
482 5228
526 9440
329 1032
237 1540
64 5677
610 1082
372 791
953 8547
169 8488
828 8769
212 8551
558 9836
379 108
961 4848
535 3221
97 4205
361 6917
679 2150
642 959
311 6355
306 8159
83 4080
962 4450
5 7803
241 8553
648 4521
139 1802
328 3329
13 895
254 8560
50 229
445 2708
898 2765
815 257
382 3375
312 7151
581 5170
834 9337
402 277
744 3743
291 8490
603 3366
316 7413
872 2835
370 9298
648 3251
960 1116
335 7942
645 646
581 2015
108 3398
376 438
123 8261
191 8727
108 7953
913 3792
288 3531
412 4694
895 441
503 3105
912 1269
705 4443
568 5500
638 7397
451 192
801 2162
212 7094
453 9082
211 1625
179 7897
857 5397
624 7261
774 3244
604 3051
564 1541
51 7947
754 9304
223 5015
881 3124
165 7616
274 6633
356 5369
207 4174
209 538
845 4044
837 7839
120 6753
333 6038
599 8398
937 4933
244 9481
478 1041
413 7660
285 6904
846 6372
489 3192
252 1491
892 2661
947 6110
899 7671
249 8832
533 7849
26 2709
905 3900
666 5792
885 6082
141 3030
679 788
707 3168
864 8524
948 2221
596 667
64 749
771 4245
178 1671
531 2400
536 6596
76 6280
821 9234
794 8270
119 3426
631 4692
890 3722
439 9171
986 3796
170 805
189 9405
237 3819
607 6807
104 136
467 7864
714 357
873 3416
545 2299
683 8839
578 5692
511 9045
639 7322
232 6679
116 6286
885 7385
105 9458
752 374
868 2775
615 4018
772 6961
791 689
222 7110
84 9901
444 7842
803 4788
537 2646
273 1527
86 1348
728 4316
88 4117
753 7309
592 4532
117 9400
233 4080
402 125
958 4861
309 5330
777 51
858 5650
333 6798
5 1289
653 8316
77 8682
563 3331
891 3642
18 2761
640 4994
484 6201
116 9745
453 9684
696 2120
126 5742
405 2380
635 7645
18 391
597 7390
482 3559
208 5663
643 7501
838 8822
48 3360
851 5144
248 4696
391 51
582 4739
199 3365
343 6995
108 3395
887 2429
690 9859
380 2028
26 5266
232 2093
777 2926
124 7617
263 3437
712 9533
497 3188
860 6141
584 6257
402 413
823 2482
953 8910
368 1612
723 5128
544 4149
640 226
766 6890
449 9403
408 3065
62 676
775 3672
801 7348
550 6109
121 8051
31 2227
1000 5631
301 6348
141 6746
91 3241
258 3834
388 1683
558 7416
209 1494
725 577
374 3377
307 9832
669 3319
877 1922
617 5889
785 1097
764 1722
792 1833
986 3201
923 5606
620 9307
875 7316
774 7902
655 5086
81 5671
122 9008
898 533
651 3964
129 4347
451 9257
482 930
730 2175
400 3029
139 4172
85 8707
147 9714
963 961
374 4407
414 4917
458 2900
416 348
538 6135
732 4469
460 2705
739 3187
212 8
98 5791
415 4661
970 6388
168 6855
646 9409
134 6943
529 8283
92 6514
445 7224
311 7883
125 4005
268 7990
36 4561
528 2165
204 6464
542 1183
888 1576
957 9036
858 87
647 570
542 8956
963 9692
380 8649
651 3414
530 7880
791 6929
184 7507
32 5197
739 9114
990 7450
586 4256
75 8718
340 5742
638 8803
736 2351
296 3046
403 9426
10 4009
982 3148
149 8337
797 6915
777 4297
26 4740
127 6557
943 9198
638 4607
767 4885
74 8742
6 1968
280 4442
349 8891
652 6858
391 6357
763 8710
342 2867
266 2005
95 1851
85 4240
513 410
680 9045
578 8463
553 5157
99 9374
347 7254
535 1422
694 1970
832 7115
954 9734
961 8996
135 7076
517 1534
512 6705
839 7184
179 2775
903 5509
291 8629
980 4461
222 6970
172 1579
519 5790
366 552
645 2121
105 9839
90 7770
162 4768
669 4273
154 2941
281 8565
405 9616
995 9631
580 5683
784 4173
723 9142
85 6096
988 6989
981 5007
507 399
295 785
376 7240
604 1590
504 151
397 8175
308 9057
724 2770
449 6477
934 8055
814 6454
760 2590
89 6220
222 342
602 1283
589 9959
150 2946
522 2346
142 4901
441 2699
269 6219
688 238
222 1785
465 663
755 2454
107 9664
455 2589
401 9911
237 414
658 413
79 77
975 6712
552 1937
201 1810
786 230
376 9896
737 5803
684 6636
717 5045
192 3028
516 4059
986 2168
774 4264
541 472
95 8204
472 5939
945 2507
524 1329
368 3884
625 795
692 5227
121 9149
834 4568
587 1467
907 678
410 265
155 3276
612 3601
83 3287
716 4769
824 6135
568 2090
138 1549
155 6227
910 8068
484 7076
356 7237
741 5675
546 3520
61 3546
327 3354
158 6807
632 2906
456 9978
655 5371
404 1603
471 7037
146 6674
433 932
204 5644
778 55
248 4093
931 3731
834 8209
216 5557
304 4457
273 4227
532 6764
252 2292
94 9076
696 627
143 1597
436 2048
935 8505
822 6271
63 2878
53 6359
24 1446
504 7589
234 3727
116 6278
110 1945
33 1552
805 2618
917 8698
638 9805
121 7407
820 783
815 288
365 49
546 3119
877 1288
158 4372
513 8800
987 7099
60 7381
710 8452
910 6712
792 4530
423 4897
877 589
616 7175
599 9472
739 3369
601 1067
286 1816
364 7090
221 7819
813 7900
357 8650
116 4198
737 5203
919 7805
256 5689
781 5191
132 5135
556 4411
245 7329
811 5989
557 9036
424 4451
138 8097
284 5626
71 5830
386 9809
898 9716
572 4532
271 3290
558 9875
876 6681
528 5505
500 5750
968 8502
356 3579
966 4429
809 295
95 3399
463 3993
890 2454
755 5849
14 6546
11 1727
962 8216
376 313
427 2085
675 4921
978 2783
501 8277
19 2077
933 3766
207 9563
207 410
355 8919
639 146
7 7782
786 292
120 2864
165 1577
326 895
59 672
286 3684
324 5450
481 7298
353 4188
300 5297
913 1201
566 2316
823 4469
261 6612
41 3483
522 3515
434 759
600 3449
410 3588
40 1739
209 5744
648 9326
607 8091
983 9
615 2252
603 5553
639 6492
900 4690
777 6809
206 1132
581 1876
779 9859
918 3187
646 5695
504 2832
321 9978
248 3384
848 85
964 7884
956 1059
807 4884
521 236
639 8487
880 9564
142 6100
525 1793
628 1373
490 5953
323 4583
163 4289
137 8091
600 4910
10 8807
110 8792
764 5470
686 659
545 8212
724 6869
665 435
242 698
269 9385
914 483
437 5319
480 5650
579 2899
926 7567
141 3623
557 4823
559 1696
946 1112
326 480
183 9830
278 4524
286 8249
653 9295
138 6445
822 9989
126 976
448 705
867 9975
596 2183
711 2042
850 5507
104 3475
189 1728
229 9875
498 6322
678 1422
637 1773
271 826
716 3851
128 8739
690 4826
80 6234
685 2571
997 9073
360 8692
302 513
914 6111
978 8276
510 7641
6 5211
833 1684
467 7402
894 549
941 295
845 183
645 2286
816 2694
120 1728
925 1621
118 3087
263 5593
596 7796
844 1515
266 3113
344 58
837 6431
697 9974
902 4266
610 1446
834 9456
96 6132
608 4493
448 9628
118 7650
319 4720
692 1217
159 8070
551 6691
937 5032
120 4323
230 1427
723 3536
476 8057
928 3102
944 6880
853 4885
102 7776
401 3649
122 9833
755 545
947 2571
433 2792
146 8604
178 8175
63 9029
444 7616
885 9605
582 1308
601 284
128 6695
695 4673
478 9383
510 5726
577 4521
551 351
790 9659
529 214
684 595
911 3193
202 7062
280 3298
391 7634
543 5150
344 6229
329 8112
390 3492
378 8187
901 4933
720 523
759 2629
213 1740
263 6818
97 7409
334 242
839 6959
577 4331
571 4672
584 3672
51 4096
584 5722
211 5699
299 2629
78 2605
139 9871
844 2776
979 8149
590 3682
278 1398
492 1965
797 6405
152 5085
669 1963
761 7533
455 2195
225 3483
463 1804
863 1927
741 8842
77 2983
151 5238
642 8566
557 6729
626 4977
355 5349
209 3641
659 1117
700 8100
616 1943
488 539
860 4193
609 8397
204 5417
125 1899
182 4036
118 3626
361 7544
811 5732
581 242
391 3479
415 7793
273 5653
743 3512
762 6722
610 1600
922 7066
896 3492
508 2168
198 8579
253 9839
629 3890
521 7829
786 6007
166 3123
316 9743
599 8806
857 9865
994 2353
993 1032
611 8713
185 9333
934 1304
346 7563
513 4539
792 8714
160 3620
83 3956
927 712
849 786
707 3041
153 7232
313 8941
906 7165
398 9726
290 5709
813 6489
487 1655
173 9335
714 4694
984 534
143 3180
157 3816
479 4378
774 163
158 3866
947 2512
461 998
309 861
600 3470
980 9355
465 5797
466 3472
235 5956
565 886
681 4054
641 9082
533 9467
740 2893
585 9829
576 4071
665 8046
653 5791
46 5807
596 5940
989 2490
172 1688
326 1442
777 2896
318 6926
992 1029
37 9466
661 5205
649 6757
45 3251
929 452
68 8499
858 7134
105 1599
814 2589
765 2100
56 1715
823 9253
889 6435
610 4472
758 132
733 8548
992 226
587 6825
899 6189
161 1816
47 5511
827 5799
50 1354
767 542
388 8880
240 4556
905 393
68 803
499 920
710 8792
213 6678
493 5876
161 30
539 8150
435 7760
455 2878
932 9743
764 8451
952 4322
991 9646
264 2022
381 157
697 4938
931 6977
987 6866
116 6512
938 5717
734 7332
457 5407
117 6154
130 2608
599 2420
471 6746
159 6983
884 9975
706 7630
123 369
428 3173
895 5544
204 9167
465 9824
916 9921
950 5712
338 2452
966 7412
266 4167
495 859
858 8378
784 506
276 1172
503 7464
495 5982
635 5856
566 4294
123 578
312 8958
109 2
686 4266
607 279
48 5557
786 8925
297 8220
522 9940
654 4033
336 9214
219 5129
943 6069
590 6255
482 6835
986 3071
661 1928
758 7868
456 2072
635 6491
463 6058
873 9077
468 2826
738 4409
547 7272
429 3608
309 4839
21 5927
334 9470
448 2640
464 651
688 1073
621 4315
678 123
968 5171
682 772
237 4026
971 6262
749 8284
69 8767
259 9337
734 7743
585 5763
601 3212
580 1540
716 7633
539 3014
505 9866
572 6985
328 3530
239 9633
923 5062
530 1574
400 488
307 7298
67 28
353 7205
826 4246
43 3012
767 2170
103 3318
26 9890
277 1270
156 9004
673 3716
148 2442
621 7236
870 2656
708 7102
855 7769
288 8220
619 7874
461 3711
80 173
220 9434
312 4208
153 5780
258 4676
469 1002
169 54
973 7340
35 8249
296 9068
908 8610
677 2594
985 7899
19 7514
613 288
920 7156
167 3333
875 8819
162 8158
513 8271
116 3414
851 7859
440 5529
102 3455
252 9769
138 4455
492 941
212 8019
948 3117
533 1709
826 9591
952 3270
226 653
775 9553
527 5557
783 4533
993 3064
448 1072
858 4035
694 5023
1000 7577
450 8007
238 4703
146 8255
978 9631
140 980
968 7286
895 2051
694 5477
395 7122
799 4228
980 4664
656 1530
946 6161
669 6262
148 2923
413 9610
641 4459
778 4138
93 632
186 7985
122 7199
225 1229
796 7406
645 270
196 9913
488 9355
526 5176
689 9421
547 3302
875 4657
744 6531
341 3674
765 8419
737 2541
119 4366
269 6900
790 8718
724 8460
936 1156
406 5607
12 9891
684 7818
567 2643
429 1871
691 8143
900 7893
643 5976
271 1355
592 9216
273 6921
127 4207
281 695
769 8482
290 2243
1 2615
49 8416
74 3554
18 4866
575 8043
107 307
56 3501
46 1184
772 7737
355 3100
889 9633
708 9692
893 7485
512 9034
617 9306
353 7731
921 4677
190 5689
30 1045
762 8257
748 7951
251 8166
260 2255
83 2452
291 8230
962 4206
64 6230
442 5976
786 775
297 4286
600 7654
147 1899
271 9233
326 1651
296 8860
244 1417
40 575
669 521
574 6405
610 3072
304 9599
523 7887
534 975
449 4541
941 5117
701 7937
509 54
567 8075
36 120
56 524
985 5319
505 1290
706 7083
833 3453
958 6064
275 3733
619 2724
534 7553
58 1245
3 6921
134 9728
946 7077
201 9451
854 8580
671 8348
468 2006
864 8743
48 6578
522 6628
904 5745
213 4990
391 5937
173 3334
371 7363
644 9950
135 2830
501 5647
26 6778
178 2307
662 4165
455 4043
179 8497
461 9275
681 6995
560 377
825 1590
194 7889
781 3014
293 612
819 6134
52 7172
422 3675
819 8506
756 4878
874 5025
769 8974
615 7400
435 6043
777 7123
789 5964
901 3770
60 2538
221 7577
925 8163
28 94
20 792
987 2175
950 7408
815 7521
897 7395
504 9730
351 9919
484 3952
854 1638
818 5951
530 9421
728 5208
298 9135
502 7060
127 9433
72 2037
297 3803
512 573
529 93
673 3733
439 3240
389 4647
542 3160
344 4837
811 1329
50 5968
290 727
473 321
362 2932
541 2676
451 7318
51 2792
719 5807
275 688
134 4019
585 949
144 4717
143 1777
104 9258
530 8358
795 8396
769 965
821 7705
681 8263
836 3658
419 3784
258 620
252 7207
551 4546
684 5367
270 5377
632 7441
291 3378
744 2111
939 2420
154 7347
949 4424
973 1966
737 1075
247 3849
824 2735
407 5968
971 9018
955 7170
402 6134
332 2050
863 6583
413 5193
297 3480
39 418
282 9622
720 3756
888 7219
80 9995
968 4069
891 7992
678 7125
121 7453
951 4897
609 3689
415 4793
569 2642
59 5397
416 4430
144 2798
885 7688
26 3249
285 9538
39 127
201 5261
897 928
693 1794
207 6555
298 3069
492 4415
797 1549
375 2046
45 8230
377 5180
713 7006
890 2004
16 7747
709 9396
528 4004
663 76
752 6963
796 419
725 6297
826 6161
145 6450
492 5302
967 9933
8 3938
936 7198
313 8411
377 5787
406 4411
346 9762
514 8687
977 1746
898 7640
965 9773
297 5902
820 781
879 3784
38 1483
14 3717
47 3497
516 1991
8 8682
212 2914
423 5525
165 4273
787 326
977 4322
72 4844
775 2645
497 8428
257 1617
353 8108
879 8271
665 105
186 9276
501 8786
450 7660
495 2890
393 4754
163 3546
501 7608
73 8605
50 5229
110 8771
894 6482
163 4830
187 3564
100 7432
537 1926
282 2363
897 844
306 2279
186 8881
164 5375
16 3577
965 8316
64 2256
886 8425
270 2785
714 7366
575 9727
27 9125
175 6928
958 7152
133 3597
42 385
505 7156
573 8696
397 3462
424 3640
177 8217
782 8042
189 9767
776 8009
52 2205
340 5285
667 9437
554 3344
678 2300
237 9188
955 6661
856 5099
613 4180
815 5461
626 6572
457 8582
205 7377
397 9237
117 9807
722 3070
876 6817
805 2656
129 3419
574 1152
375 7505
603 996
763 7069
164 9385
810 4428
478 2638
433 2434
81 471
611 8066
706 5771
950 3927
105 8246
286 9006
27 9736
281 1369
321 931
721 5901
8 4497
78 1845
111 6188
929 5757
740 5956
130 7160
479 3917
371 5466
781 5854
338 9967
543 4659
515 3922
528 1996
740 3863
498 9243
39 4498
938 1674
835 9709
496 9203
155 2374
224 7238
446 7614
3 5479
525 6523
231 8765
848 3943
946 8644
226 367
523 6924
160 8773
410 7992
550 6527
171 1743
970 4982
999 2254
263 6727
626 2148
523 9909
942 1653
874 2645
127 7432
953 1056
229 8681
779 8901
589 3704
343 5860
456 7320
936 5348
850 7633
60 7262
876 6398
669 9376
515 8991
35 8268
7 7112
921 3670
309 8240
467 5497
477 355
230 8322
300 6113
888 7459
172 3725
172 6146
39 7550
983 9928
48 3505
30 6418
178 3430
758 5091
790 1119
594 1008
81 5060
328 1522
76 6481
956 1960
586 7990
828 8739
446 7350
594 8568
755 1720
733 6289
305 2937
825 2876
183 7289
842 3722
931 3754
749 3426
700 2580
231 6092
57 3523
836 4022
311 3047
353 7570
326 7459
123 9558
956 5774
830 4186
385 1158
174 1326
402 6296
185 3794
23 8873
67 4284
589 7248
697 8869
212 5369
998 9660
401 3300
905 9122
469 1428
437 7948
948 8865
976 2468
728 3686
797 1384
643 2339
874 6890
777 1964
298 7822
412 105
900 6815
629 3012
747 7675
490 3406
444 4786
458 6698
282 7915
987 5680
749 3438
244 3467
759 5499
595 4731
342 8114
945 9652
533 2745
185 493
834 5130
637 9331
673 9569
41 1668
48 7154
237 7060
225 8289
23 1850
908 1481
319 3380
362 1462
601 1711
667 5338
951 2016
753 5244
861 2975
778 8884
139 4438
554 8608
438 1862
687 8499
927 5362
835 8656
138 4834
277 4307
512 9889
552 5369
174 8815
931 83
732 5552
991 8551
222 3244
149 1455
471 2157
453 5480
89 532
24 3107
286 2628
87 3384
867 1957
953 2590
207 4994
633 9604
296 12
749 5628
350 469
880 9610
399 3221
281 4266
945 6249
795 8855
627 575
971 676
84 7243
781 5703
114 5269
350 1529
373 3336
203 7560
841 3477
609 4437
920 8670
219 9958
941 1243
704 5285
74 7769
698 367
211 2998
664 3606
792 5638
21 3567
951 7505
870 5253
800 9618
624 2500
616 6698
776 4382
559 9419
689 6538
977 8285
233 528
993 8653
940 5103
761 633
776 9767
467 8021
71 2031
691 8073
449 8960
586 4960
15 5992
21 5211
321 9624
684 2796
624 2710
756 44
213 1484
622 901
1000 7207
453 6440
266 8793
348 3592
268 4455
229 6061
373 3196
347 3939
736 8532
921 3736
508 1746
880 834
946 3595
301 6614
50 6056
225 5506
351 4664
616 5956
862 6859
610 1616
995 1432
341 6222
636 5048
49 9498
692 6281
539 7874
537 9500
618 5435
38 2551
501 8157
914 1140
827 883
415 7152
713 8428
772 2653
608 9468
828 9969
692 8715
349 404
902 8981
402 8854
971 3224
193 8934
139 4041
765 7340
610 8416
676 1057
643 2552
26 1585
664 6688
653 2224
283 2764
272 1474
825 6340
264 3585
993 5332
826 9579
689 9034
26 1569
377 7740
869 7737
54 5727
41 9933
281 5217
895 7643
341 6400
712 5331
397 4353
653 4779
348 5674
502 6078
354 9607
732 2728
310 2665
126 684
222 5730
40 9807
144 8491
823 266
781 4527
207 540
609 5805
501 4310
661 2617
13 7773
629 459
813 315
362 6447
184 1630
944 5188
389 8743
785 8157
661 1373
305 9443
368 6312
696 3232
264 2598
755 5158
565 4329
659 2166
568 5574
204 6329
135 9608
528 8731
727 6844
49 9499
661 1795
130 6044
828 322
791 9751
963 9493
761 3399
308 856
51 1755
758 1436
743 6855
932 6073
978 2435
988 4566
228 2923
776 8050
905 3902
616 414
962 479
702 7249
436 2215
897 2243
304 1489
939 2226
194 7612
570 1680
570 4061
219 739
734 9946
954 8500
310 3792
339 4048
670 1293
277 6058
400 4311
138 1863
783 3348
808 4289
765 8623
275 7332
638 154
25 1108
371 3862
628 165
360 5245
323 9250
638 7800
425 871
858 9977
132 8550
500 5859
528 166
385 6077
810 7119
353 2082
742 7679
953 2276
729 2248
26 5588
199 9536
641 1324
262 3840
653 8773
217 8262
404 9137
502 5635
974 8915
736 1869
600 498
654 5869
507 7577
347 6530
842 2218
652 7309
128 3910
796 7619
535 2743
59 991
850 8583
491 4957
996 1733
938 9775
879 4567
971 8508
158 5827
165 3852
251 8805
802 4573
986 7468
105 1586
379 8029
636 5887
524 9726
763 3133
549 7468
719 1516
675 6006
400 668
390 8304
272 7027
602 4929
445 8971
801 6004
291 6017
551 9979
584 5591
605 2615
102 6818
512 6018
372 5469
911 5478
854 4980
664 6739
448 6185
331 396
207 659
589 730
144 8122
358 2872
943 477
107 8934
993 908
686 3350
410 8174
33 6370
112 5772
895 1028
78 4964
363 348
451 9607
878 5453
280 7419
373 5152
245 5626
777 9584
349 8641
590 8109
653 8994
748 1194
657 7970
761 8990
327 7419
181 4166
49 2092
460 6081
608 5220
392 3619
884 7899
556 5587
517 1145
618 8957
813 4717
214 7760
107 3127
193 9057
289 318
463 4102
487 1899
921 9596
895 7932
300 9603
471 5362
687 1452
234 8915
273 2257
942 697
969 4877
111 1089
789 592
211 3069
324 8029
820 403
755 6395
578 699
83 3031
86 3861
857 6448
360 3440
182 3562
954 9364
893 9788
346 4889
567 1042
596 4734
66 7804
277 9460
845 6301
106 8816
998 5084
951 1788
516 5398
576 1510
421 7626
60 9151
50 9276
724 9773
190 1043
888 7914
963 3979
811 8035
621 7636
146 6394
812 5089
241 8917
502 9385
534 9292
315 521
196 6847
272 4273
945 2061
60 9554
473 7150
302 5238
161 8619
613 4745
60 1680
438 2040
145 49
698 2585
35 354
933 403
856 6525
864 9457
306 3200
40 2931
105 8348
677 4605
111 5736
948 2598
915 2140
653 3450
991 6166
326 7561
346 9112
270 7238
47 71
530 4584
27 9630
716 7789
563 6666
591 1778
844 6764
204 9980
801 9769
968 5922
32 9965
236 2976
677 356
36 5270
542 3343
232 7
493 8725
974 2090
625 9152
494 7453
502 2396
500 1069
424 6939
106 5823
812 9779
491 4490
23 7230
449 2618
709 5690
200 8879
339 7847
353 1980
293 8667
560 1257
586 1105
518 6801
835 3654
871 4516
639 4043
381 8694
354 9125
244 9278
129 5424
84 4248
215 7320
690 404
355 2254
391 2357
896 8730
896 3123
612 7987
996 7769
810 8296
689 8664
800 6890
567 7794
289 2928
947 4159
452 6098
885 7163
323 2222
603 2678
781 9974
292 3987
397 5856
526 6026
281 1221
433 1478
315 3427
945 9111
395 587
895 8673
955 9139
256 9164
874 7092
757 8706
802 5549
514 420
882 7999
943 4373
780 8751
402 6413
704 1479
907 5271
711 1237
735 1459
633 5771
541 7893
264 8285
252 7285
90 7191
907 7293
659 4276
711 2814
617 6839
985 8187
486 4486
781 924
49 2010
692 7500
117 1601
107 8540
769 5660
330 5598
198 2785
358 5914
445 8825
543 8444
374 6195
51 116
890 3488
657 917
850 4533
502 471
429 5309
404 2870
142 2372
814 5952
939 2781
205 2810
383 1468
238 9612
113 3420
106 8688
132 7467
292 2263
197 3049
191 3716
847 5837
989 6159
778 5568
545 8787
904 9456
542 3889
343 7710
814 7851
266 3984
732 1433
440 1711
386 24
467 1290
828 5046
618 1634
707 8551
640 4461
667 9027
266 6979
789 773
229 1779
693 6126
246 4671
741 3568
240 5452
913 4995
529 6003
777 5268
565 4770
826 7649
298 5228
93 7326
202 4581
319 179
413 2039
759 1772
252 4432
955 4551
367 1473
755 4761
751 4640
852 4170
909 7847
358 2772
265 163
87 9256
188 886
934 2010
391 4149
961 6064
513 3115
7 9254
621 2564
494 6653
730 6051
447 5975
249 4028
213 2700
338 5083
106 9945
680 1803
369 8236
560 4592
637 2809
70 2814
961 3192
552 6223
566 5909
881 3089
176 6142
775 3573
49 9241
477 8673
12 8923
810 1087
635 3250
824 8428
66 2892
78 6922
442 3389
47 1166
623 4429
289 3859
466 7512
854 5749
632 2332
46 3671
913 3823
588 1998
146 7526
604 1875
267 2927
939 2485
753 6056
175 3108
998 8549
939 7975
28 1822
12 216
213 6879
966 8403
910 7111
280 9690
456 9801
916 4595
398 5902
137 7112
273 4496
504 5478
415 6160
50 8191
895 3842
904 2073
535 8108
714 428
887 3178
401 7080
763 7021
436 4909
84 7383
87 3281
952 1505
391 6525
742 2662
120 4384
683 501
903 7402
423 5762
272 8578
992 2566
625 2338
166 298
341 5173
110 2256
947 4560
160 9354
548 9718
592 1729
192 1602
696 7536
313 8817
252 2918
991 7605
877 8103
674 2612
296 9003
619 7559
28 2814
28 9531
943 6463
75 979
497 5041
747 6260
159 1261
643 7480
529 7534
453 5755
933 9011
456 7617
26 1888
79 9294
221 5758
160 3804
904 3670
237 5369
894 8074
486 3863
280 4461
845 3498
492 8437
625 8413
496 8176
483 5886
531 732
556 9021
517 9086
774 5632
377 9276
6 4514
482 1155
328 9664
236 802
443 203
150 8764
753 1145
487 4234
424 419
630 5047
356 9704
32 7266
898 9561
405 8015
895 2219
4 663
623 296
731 6324
782 9326
551 2133
194 5167
410 6272
631 7967
624 7115
738 6873
313 6498
375 9659
187 4276
331 8997
989 4357
906 1470
660 8190
882 6159
553 9353
542 9509
649 5781
652 7443
701 6184
695 9086
104 4408
86 9200
523 2705
779 7254
396 9186
350 6146
618 5424
599 329
819 3905
423 3781
342 8530
856 4484
450 6466
248 2264
261 3236
34 9685
230 3505
349 6247
931 8308
227 3113
227 4764
914 638
238 5006
783 3916
800 2368
831 8172
362 6735
260 2044
888 5258
830 1965
28 3861
455 293
842 3687
341 5918
210 1660
956 6917
265 4915
754 9403
200 1489
145 2888
259 1980
392 883
755 497
643 7403
117 4927
422 3602
9 970
702 8861
548 520
1000 4165
46 9223
216 5576
485 2406
715 7609
800 360
181 5948
445 196
332 9819
963 8983
307 4771
16 8496
217 3095
788 3763
335 7741
477 9639
429 8892
993 9415
70 1540
879 7429
119 3126
94 7363
996 7400
84 5224
651 2818
433 3313
910 3827
505 5085
125 3037
422 9744
867 8469
51 2081
101 7124
962 8636
406 9081
895 1056
565 3892
443 6162
388 8716
602 9177
451 1370
837 5424
812 8780
449 8471
933 8403
390 7985
985 757
353 7943
118 7516
226 1588
768 5925
590 8888
853 4066
14 5142
871 8664
14 7493
910 9730
856 898
75 1196
783 668
14 6249
804 4295
73 2430
36 8330
306 9860
447 8449
509 9242
411 5516
119 2400
167 3502
533 9661
801 462
483 7562
985 1673
829 4341
427 3630
153 7087
960 8625
819 6783
126 9753
648 8349
731 9394
820 4935
758 2076
380 5951
727 506
828 5066
634 4403
874 67
616 9813
961 662
781 3837
671 6150
331 4832
376 3592
277 6837
201 3589
389 9064
765 2748
560 7816
427 4350
684 3530
438 7296
993 4197
660 3196
885 3540
775 8080
14 6007
887 8541
36 9474
430 3385
155 6156
371 6190
46 9393
408 5065
679 3681
460 3645
464 9071
50 2349
302 8995
255 3973
832 9384
752 737
508 2030
466 5780
595 5337
367 7699
832 7808
152 3991
844 5087
230 5215
349 6278
504 5292
475 40
752 2643
937 1661
525 2062
362 2048
603 3787
145 3041
78 9324
432 804
411 5301
794 1008
767 3009
57 9969
182 6589
361 9383
573 2699
299 2933
592 1537
675 5939
118 2664
866 7116
272 1501
613 1872
749 6227
892 6835
176 7727
411 5100
745 8443
884 4152
32 4211
484 2180
285 8267
2 6070
427 3271
643 1173
256 6322
480 236
599 4440
542 4124
614 7003
221 6407
352 9154
458 4645
188 21
590 1394
732 594
276 1214
191 1691
583 7772
408 4790
97 5572
997 4588
301 513
936 6874
158 7219
697 3171
406 1422
914 9292
664 2570
690 4639
94 9105
995 5353
971 5668
196 8955
570 6
695 7565
526 5711
740 8886
712 9130
892 3013
500 1287
847 780
460 8379
727 9679
155 3563
642 1081
355 8404
652 9176
665 262
851 4348
731 3796
265 5900
705 4390
773 8945
265 727
282 1656
848 9224
319 2292
80 5659
709 6314
773 3192
285 836
240 2988
535 735
284 7892
411 3037
715 7527
740 9443
882 8185
913 2667
528 5417
538 6068
779 8388
841 45
803 6991
246 8910
413 9794
129 9983
66 2151
300 1598
54 3215
79 5534
809 1277
42 8787
841 9017
214 6071
469 1551
725 2407
516 797
557 8326
860 9816
441 825
36 824
592 4602
451 2359
300 1446
254 7302
52 1599
77 5192
387 3578
542 1573
846 4290
937 2008
258 2115
275 7458
252 4128
20 6037
975 2589
648 906
657 7062
777 139
790 8134
628 217
708 3569
872 2183
693 890
282 1485
329 701
379 4199
913 9335
984 6739
124 3433
337 9510
414 7562
979 9320
380 1617
79 6547
362 9582
760 1336
950 2146
904 1515
642 9427
796 3442
837 3081
235 57
106 2116
340 1473
488 5059
109 9436
856 4510
692 7987
402 4285
970 1696
841 5407
627 7012
914 2436
991 1378
273 5187
916 1186
652 7573
242 8880
670 8184
677 9082
901 7757
807 3190
100 5915
324 9833
890 5673
892 8465
65 760
636 1084
864 5895
196 2046
450 6124
67 3935
413 2898
783 7067
139 1877
157 3344
556 5752
607 7332
362 3184
249 6780
484 7334
875 3382
452 4441
171 6512
585 1337
344 2654
909 1005
263 969
944 8718
58 8506
355 7338
708 1683
190 6978
686 2006
499 6909
773 8044
240 9875
426 3855
537 722
584 1472
868 1164
314 8883
459 5894
58 6974
878 6651
811 7774
670 2488
488 8817
226 1069
403 3645
86 3282
559 4663
735 5600
918 5469
273 6515
28 9869
553 7839
874 3515
483 4968
460 3872
269 1768
595 2405
562 5181
139 8460
577 6776
686 7927
563 1824
624 1391
144 653
681 2863
962 9677
790 8118
897 994
608 5000
85 3410
131 2702
879 2790
744 7921
161 1451
284 1747
969 7508
783 8646
794 5958
630 147
275 3818
978 9925
254 1711
142 9995
634 8502
172 7882
298 9044
441 5512
284 451
332 2674
706 3745
387 1382
660 7424
575 8586
116 3508
59 1091
952 9224
369 4943
628 7833
548 1164
22 5529
615 1487
513 7054
997 2398
10 9761
279 422
973 5391
609 9574
497 6283
357 6129
496 6954
166 7088
224 2134
942 5262
93 8540
697 7226
252 9949
184 3257
57 8033
807 7105
931 5039
911 8639
203 6070
517 7138
968 952
241 5005
38 4937
375 7353
674 4036
202 6529
895 2695
692 948
357 1394
47 4087
973 5339
712 8848
686 8653
846 7372
755 1813
399 746
106 1188
403 3597
14 7296
407 7518
526 4531
524 3448
276 5385
397 5290
295 5094
621 665
354 5855
614 1499
563 1212
995 1325
53 476
535 5870
806 3921
740 7457
225 1855
45 4975
484 641
236 2483
715 8117
277 9501
204 8859
960 5711
650 2938
107 5155
906 8795
30 7970
457 1803
198 5470
740 7966
530 2202
942 9143
185 1645
421 9328
370 163
453 4280
250 1755
580 2384
250 4970
724 8125
982 1734
420 4650
456 3772
263 6291
378 7787
876 187
784 7095
557 5286
483 2279
40 3023
951 311
145 8020
190 2374
93 9013
834 3049
80 4713
656 5046
272 2217
655 730
544 99
118 8548
231 9464
259 9448
694 7230
380 5149
621 7743
778 1151
854 2728
496 4189
65 4731
73 3676
639 7821
920 6194
982 3801
133 3484
779 9259
55 5049
123 6374
908 8653
802 5566
347 5007
692 4975
291 5627
831 8964
617 1793
39 6593
670 2531
791 8106
366 3451
135 8249
970 1331
561 7035
582 3835
930 1556
12 7431
95 3591
232 2830
478 3567
162 9324
433 4585
663 8144
975 583
801 575
226 5150
74 559
602 1577
668 3437
896 6820
36 1385
204 1810
114 9636
144 3719
283 8840
274 4063
256 1472
78 2037
260 9724
673 2813
354 6255
263 4267
940 2272
791 8921
613 4508
914 53
936 5187
135 6080
383 5350
450 9376
397 7663
824 1599
180 5834
837 122
168 1188
326 5619
793 8707
775 2208
509 5982
398 890
540 3776
558 126
330 7129
645 351
289 1197
406 2850
765 5811
192 3200
614 1639
302 280
721 4553
13 5994
303 4491
201 2461
388 8135
415 1738
657 471
668 6655
491 987
917 670
778 2663
53 203
931 738
603 2113
238 5416
889 429
841 6297
54 2753
171 6456
413 3795
641 5373
435 3900
341 6595
773 8505
234 1546
336 4909
849 838
830 1213
31 7070
224 7122
437 8222
383 1131
167 4726
354 1944
869 5625
139 2145
237 431
969 5149
335 435
591 8059
775 2453
212 2764
446 8569
82 6407
666 4086
519 3428
58 1992
719 3009
331 3615
695 5024
933 382
19 9991
591 3533
657 1630
839 1223
364 8581
394 8492
395 3932
682 5120
127 6377
147 123
368 9813
309 5959
913 9391
317 453
463 8984
300 9928
318 8805
902 3831
676 4832
181 16
276 8871
492 6080
500 4460
852 3340
775 1779
306 4331
876 1351
454 6649
973 4486
758 710
81 8928
793 8933
955 252
773 9726
897 1650
329 2396
157 1378
876 2768
479 3100
196 3372
1 438
815 2408
690 6825
54 6944
612 1620
525 5588
990 24
884 1191
914 138
217 8673
960 1877
84 4893
905 1253
594 9436
541 8668
66 8128
670 2065
859 4449
970 1436
140 4187
245 1419
482 558
564 4737
574 7725
404 9249
428 8880
505 1463
229 1266
47 8176
918 3636
117 8093
287 5864
580 2660
989 1494
540 8431
920 4971
352 795
381 3109
469 9929
925 9688
991 8113
653 3276
404 5610
100 8988
535 3587
784 4552
991 2014
266 9492
237 111
333 120
97 3954
474 8462
301 4962
31 6071
441 7186
579 4390
597 3672
28 1075
602 2157
250 8106
146 1823
529 1433
75 1823
419 9157
920 6835
963 1238
520 3077
139 310
733 9890
951 8694
198 1676
776 3801
262 1992
626 4263
378 833
710 6092
295 5203
488 6230
506 6464
42 8650
13 3487
720 4192
969 2760
226 9682
671 2554
5 5633
422 6613
106 8128
312 960
581 6583
76 3060
160 9474
638 5295
822 4479
362 5506
16 2580
205 8835
211 4614
36 9084
423 9523
291 5466
530 2553
832 6287
563 9212
197 5696
431 1844
345 2280
680 6476
655 8131
49 2789
669 4180
691 5681
415 9696
740 3417
650 8128
514 6295
601 7299
516 460
804 2217
802 3675
604 4089
848 3789
760 1740
310 9163
290 4336
627 5751
331 2054
78 2691
795 4148
147 9944
922 436
540 6528
138 9555
533 1308
722 4979
639 1663
157 7610
310 3586
313 3808
955 7646
848 6293
11 1797
602 2536
166 8217
673 5361
921 4291
316 1145
876 4861
797 2860
572 7048
243 2446
842 2312
8 9619
779 3907
60 7397
886 8389
752 2738
9 3695
868 7147
372 6995
210 8518
660 3850
352 9101
258 4238
402 6077
794 5169
398 8841
652 1300
198 2532
558 5040
225 282
127 9809
595 4359
78 7109
496 7342
105 994
621 4276
679 9789
31 9314
310 4708
850 2343
237 2965
915 212
476 2357
998 526
727 1610
865 4015
183 128
383 3477
617 5752
918 4641
668 7589
706 4921
399 2077
928 6167
289 3806
675 7881
423 4278
106 6319
202 7450
448 7023
358 9312
147 964
317 5876
126 1659
258 4343
575 6917
526 572
969 9415
902 57
915 1085
762 6988
119 4131
159 243
292 9498
471 4019
877 9785
588 4466
415 9914
617 9117
599 1353
689 6722
722 3864
501 9207
747 7278
194 5714
640 7443
401 9966
605 3477
198 2685
376 3094
345 4032
555 4060
952 1952
198 592
59 3481
450 5759
310 7482
855 4300
123 4454
599 9164
414 9142
856 8489
590 7381
430 5663
403 8146
678 8626
58 338
580 374
762 8155
247 5366
844 90
224 1102
522 7694
990 6848
223 2058
805 259
927 7735
562 1247
770 7584
16 1250
469 4116
919 3902
850 6728
168 2025
43 8706
90 5788
354 1823
567 7813
956 3022
272 5045
737 6562
461 3858
278 772
918 853
972 2447
197 3629
207 7890
777 4155
719 6050
645 3316
442 1061
887 6051
95 5144
674 4756
125 9002
76 5689
370 1823
776 7785
604 1053
628 7852
932 7682
628 4176
598 7021
974 7192
427 9328
821 8487
695 4373
758 4057
915 3878
486 5259
723 5762
130 3134
9 8863
612 2696
736 7859
277 1091
387 1514
782 876
44 8803
477 3653
685 6771
23 9891
42 8864
400 7648
908 839
484 6235
144 9911
634 9651
478 8772
716 8240
347 469
856 1114
423 3302
905 9696
880 9782
543 6818
789 5754
931 5415
147 1864
220 1080
332 5325
205 7427
83 2328
724 537
185 6221
413 480
27 2627
821 3058
10 3910
239 4972
154 1909
723 6447
27 3717
409 2003
555 3597
322 1247
458 9271
304 5747
644 8741
601 9006
779 3114
272 1832
154 8957
236 1177
475 8234
855 9904
610 9025
633 1229
760 8916
322 9431
873 4157
235 5175
726 8262
141 6347
44 159
584 2052
915 7836
510 184
447 7860
614 5201
27 8963
346 2476
777 2072
577 1803
99 4328
941 932
645 8234
126 8063
49 4233
549 732
330 6773
50 2074
753 529
750 4305
275 7607
194 3849
744 4576
247 6833
918 5836
475 570
284 4560
946 1689
56 3283
107 4920
633 4656
655 3173
254 6823
189 8833
957 396
265 1138
644 2950
776 5026
964 2353
509 3598
385 4972
752 4456
492 7052
258 5878
952 1224
930 1888
680 5995
579 4230
152 2325
507 6487
168 346
565 4043
52 3985
368 7451
766 8886
495 7043
386 7785
23 2343
841 3773
92 5979
583 3097
947 457
110 3018
625 9055
600 5231
427 1086
976 1404
36 5373
218 9929
19 3620
239 4288
794 2257
42 2641
952 9334
973 3985
311 3464
781 7
447 290
65 4830
626 7329
287 2022
93 5973
24 9123
597 8486
31 7356
72 5021
829 4205
424 5335
792 5078
507 5941
895 9530
654 814
744 8401
829 5643
811 1670
356 4202
732 5593
826 8141
613 62
937 1272
513 3596
47 2198
682 5040
680 485
396 4343
889 4693
664 3383
982 7612
842 9383
381 6181
971 3586
289 1181
40 4249
465 6341
32 8957
438 2498
914 1577
1000 5824
181 8790
218 1035
247 629
353 7044
751 2105
745 2691
730 1225
456 7983
505 819
553 4359
657 7300
274 3852
938 417
326 933
897 5985
572 2730
175 9345
638 7609
511 414
451 8100
924 5646
398 3937
192 440
573 7065
574 7127
978 6938
225 2044
741 7733
906 4585
216 5344
535 1446
698 3652
174 271
237 6176
294 180
264 5797
119 696
317 4648
477 835
132 1331
136 1680
750 548
903 5024
715 8493
593 5253
796 5442
842 6359
250 1839
372 3762
670 1071
571 6406
934 4293
928 4566
847 3591
895 3514
421 8622
177 7422
468 2984
795 8256
451 5830
877 5333
579 8174
716 7173
572 5257
456 5210
593 86
751 2053
7 2470
824 7401
546 5006
112 9390
24 3193
65 2639
364 339
886 8157
621 8558
472 314
532 2305
52 4110
841 740
867 7621
958 3846
872 831
514 2663
982 288
280 1374
192 2333
998 4708
14 7509
991 9527
815 6741
249 7256
73 4994
583 1197
403 9972
224 6191
451 6517
590 4797
512 3814
592 920
930 6138
264 1398
45 3385
918 7423
698 1199
812 290
206 8730
239 8913
160 4047
180 9089
535 1270
1 5867
10 3017
384 8029
118 9369
792 7002
492 4090
59 3846
89 9058
776 3771
796 2061
963 9543
163 7836
80 9515
614 1201
124 6509
418 6340
468 3079
159 7170
644 9638
339 265
962 9596
317 9821
880 1134
579 7622
629 4295
516 3920
860 5203
974 7833
387 645
962 2070
510 465
355 7103
906 6611
163 4686
250 2886
86 7636
886 2110
996 8885
471 3983
115 1127
644 2371
827 470
743 6951
440 7091
417 8287
500 5920
82 3374
362 6486
554 9839
812 7439
811 3871
239 668
468 1408
233 6833
224 87
889 6900
989 6719
112 129
389 6228
80 1209
664 9433
700 7422
112 1299
336 1001
388 1419
500 1956
798 2336
70 1312
437 898
797 7521
235 7400
94 6989
952 716
339 5712
805 6425
351 7611
794 7428
443 304
49 1120
116 1624
416 8376
250 6526
99 2361
451 8881
176 2037
622 9269
241 1106
393 2306
581 9496
836 100
527 2695
115 4538
246 3727
264 1127
52 6261
598 404
567 3205
327 4155
26 1995
895 733
757 5464
534 8574
641 4435
274 2260
645 901
987 700
860 60
190 356
916 1674
395 34
385 4547
334 2907
896 9090
57 4829
988 5316
273 646
972 1755
949 2811
347 2573
274 1410
367 1011
817 7624
747 2922
735 6203
429 8261
652 8049
680 3865
917 4703
739 9472
818 7843
584 4838
449 9627
254 607
457 1244
816 8879
120 5388
323 8608
829 3816
556 2656
86 1199
856 417
580 4436
506 4807
898 7712
160 3069
57 3374
414 2945
351 3341
802 4419
52 3073
958 3001
884 8883
394 4238
231 4796
527 9007
996 1886
637 5069
169 5692
830 9726
405 7628
616 2251
687 3292
599 2019
204 8330
992 9239
853 3915
463 3708
878 1173
515 2156
400 2565
901 9829
568 5690
492 7449
838 1895
700 9340
814 6373
634 7689
731 8719
969 1806
287 1012
905 8347
340 329
666 5239
406 8708
854 7563
255 8178
36 2100
786 1794
686 9013
224 5079
36 9587
662 2282
318 872
580 7062
126 5569
344 7930
915 5152
737 4219
64 7306
373 7055
987 5529
588 9043
302 7323
698 6806
593 338
456 2684
455 7474
556 8156
548 9703
613 5729
549 8524
191 4621
280 8404
757 5729
528 5029
314 5559
794 1192
15 8041
939 7003
344 7143
232 5647
119 3844
587 9066
392 6985
141 1958
563 8481
943 5760
109 8635
87 9625
343 4124
90 4473
901 4251
156 695
216 2578
361 4466
949 1171
280 9228
860 593
2 9418
594 627
856 9253
168 4549
498 9659
665 6326
705 8447
663 6779
318 8932
671 650
352 9990
632 944
698 9330
88 780
930 7129
856 5778
260 6545
67 4713
973 3956
458 5053
280 911
83 2477
629 8276
614 1134
132 4537
702 199
614 4278
766 5139
485 7754
506 7106
559 7159
105 8663
47 6450
354 3051
788 2020
820 3689
944 9132
412 9985
762 1386
770 8214
981 6341
124 6831
935 4102
699 8041
146 1179
489 4867
542 4485
377 8385
53 538
407 3914
526 3300
747 5162
499 4064
394 3440
427 7600
317 3633
784 7705
841 9700
778 3782
645 644
626 1107
839 5889
200 7043
671 9743
253 7707
298 9285
122 1044
161 527
247 7149
671 1212
933 8438
79 1185
165 8278
275 6261
783 8326
334 7651
996 4580
667 9547
491 9873
163 3761
152 8484
228 2028
504 3093
197 4488
838 3538
106 5252
834 7117
166 3717
637 2363
908 5666
414 295
213 4774
840 8445
837 6785
673 2736
734 5047
84 8053
676 1359
320 9109
599 9925
520 3919
684 5689
569 1572
532 3198
286 1433
291 5435
663 1992
954 1053
182 6975
982 1380
417 3439
503 5698
379 1534
538 1087
619 2534
39 8775
475 6964
747 889
506 3259
696 4298
162 4254
24 2017
819 2265
182 3145
902 4440
325 8114
155 9918
886 5728
548 9520
542 5019
928 5735
438 269
65 8770
921 9158
909 2818
898 1755
529 5068
180 5571
641 778
623 2985
777 3226
498 3405
152 3630
235 6291
328 8074
697 3251
759 7433
291 935
472 4424
734 9744
795 7241
138 9296
897 818
69 9841
881 5372
959 621
46 3012
365 2037
839 685
839 8347
877 1436
786 4999
352 3707
446 7237
355 3734
160 7301
723 2449
657 7066
892 8512
125 5052
836 5774
990 7238
662 775
919 5832
352 6125
353 278
413 2903
881 5015
220 6109
647 7528
311 6253
305 9255
301 7385
974 7912
433 4151
180 354
433 7120
210 1939
455 8961
22 3224
715 9709
713 8582
559 3065
998 628
658 7887
975 9215
518 1788
392 5732
18 8913
273 2985
968 4742
480 4965
312 8194
941 1316
195 5364
252 2516
601 6606
807 5162
51 756
682 237
946 5185
589 650
927 9011
469 5103
608 6730
203 2368
241 3517
931 4580
113 8597
982 4601
129 1487
945 2012
440 4622
924 6642
938 2039
299 9411
556 4900
921 6473
842 4898
336 5669
969 2355
818 5258
229 1196
428 4704
244 5415
245 9138
849 2611
795 3665
730 7983
774 9455
11 1027
108 68
769 1223
883 5037
447 1961
986 4856
836 9132
536 9097
91 1012
691 2792
346 2842
635 6992
76 5518
140 3953
903 5568
416 976
550 7494
50 9730
344 2122
748 5572
511 7993
754 6374
698 1221
292 5852
803 1795
440 1708
466 3246
78 9154
336 3666
963 4958
685 1474
967 7765
651 9330
743 4780
273 846
67 4609
929 9969
632 3186
465 7502
567 1139
342 5899
932 732
660 945
184 8440
119 3022
312 3976
278 6403
900 9966
403 7942
193 7266
140 3537
344 8609
61 2097
420 9881
627 3016
352 5038
922 4924
758 5368
97 3717
801 4211
897 563
228 7549
761 7221
152 6779
501 4995
714 2757
114 5269
491 3157
499 9530
287 8541
736 9346
647 6878
465 2100
358 6721
711 8585
735 7393
852 7855
526 7695
807 5575
554 9293
441 6360
498 6820
778 2057
69 6606
372 187
216 1932
694 2541
284 2146
595 8149
269 4006
80 5214
892 3636
762 5396
190 9885
438 9210
867 2179
679 8229
319 5087
180 7278
109 9131
631 8276
607 4841
55 1287
903 1050
822 766
978 6503
852 1442
951 4060
634 6577
788 5255
200 7820
737 9166
192 2074
907 1366
256 7827
635 5373
396 3413
796 8209
434 9938
801 5558
412 9727
205 1540
481 5175
760 471
708 8374
785 6638
708 2047
342 9580
19 6599
621 1162
55 8968
503 1858
267 7166
416 2230
847 829
689 5751
644 4745
30 1166
201 5196
648 1351
169 5876
747 6992
986 1586
449 799
192 9757
246 1994
816 7597
506 5932
957 1984
218 7974
142 7304
151 956
142 3707
581 3652
595 9409
998 9451
968 650
20 1791
763 9718
234 6614
519 3899
500 1190
339 9730
443 6954
649 3834
602 8276
872 1828
595 1253
883 7141
811 5510
415 7351
722 8595
937 5016
524 2171
646 8905
522 7985
625 561
577 734
632 8744
930 4093
879 6108
137 4205
884 1263
622 9490
489 167
919 2373
366 7117
260 783
668 8718
777 962
955 3309
544 7889
364 4047
732 3491
208 654
231 7459
599 8487
989 3187
786 6251
927 7636
418 8034
737 3391
558 7299
348 7888
410 2381
709 5590
706 8162
660 1877
723 7590
678 4211
482 9716
675 2702
578 7881
376 2580
427 4728
158 4074
525 9444
874 6966
449 2153
371 8325
337 212
479 9830
580 3094
398 1917
147 9077
845 2992
902 1067
813 9933
535 6740
465 7107
301 6260
268 3476
843 4111
104 7786
271 2416
472 8558
587 9123
599 8338
647 2331
695 8153
437 8156
483 5402
652 7137
149 2033
950 9336
417 1485
10 1553
7 451
187 5331
37 7769
606 8503
683 5052
632 9802
6 8603
581 1039
150 4377
690 4604
255 2543
957 3000
419 3704
760 8931
271 8548
177 4766
385 9797
53 2814
97 2549
920 3918
685 2574
246 9162
27 6160
174 741
395 7966
473 9891
770 9985
632 4799
248 8644
747 8855
722 9366
755 9243
994 3356
777 802
530 1277
260 9077
93 8468
847 1410
598 6673
384 7482
854 887
411 7315
794 591
133 6727
67 3508
921 6083
821 4134
14 4681
352 4103
567 6238
242 8769
90 1949
875 3854
442 8994
407 2910
997 7248
352 8820
542 2059
473 3578
292 2095
380 7400
633 7591
309 1025
140 6247
701 3063
176 7011
536 6881
763 8613
7 6076
983 4298
263 2359
924 1622
295 7254
724 4652
166 6400
854 4215
219 6849
76 8532
588 5769
989 9045
632 314
931 5471
724 366
29 9549
457 8079
535 715
444 9677
5 7532
918 7276
292 3044
426 7395
58 111
433 7502
80 6696
465 5725
927 5475
25 3362
512 1396
527 5671
58 9141
194 9030
401 4276
528 9583
737 2850
578 9910
399 9589
611 7538
416 5799
645 9471
943 4533
692 4669
220 8945
472 5934
608 785
663 252
906 1518
961 2689
525 9125
971 381
319 9097
452 836
907 5823
275 6109
456 6352
823 1044
144 5435
429 8265
771 8144
910 6351
433 9702
798 8798
387 2758
958 4705
571 4126
403 4024
887 7728
309 5543
794 1456
137 6037
995 681
823 1518
44 5368
493 6578
364 9119
106 2932
317 6036
476 5995
967 8879
922 4308
243 8016
458 6991
465 5799
668 9709
35 1546
853 3705
968 9266
494 7356
361 4958
627 2503
23 9806
764 8588
707 8490
767 4709
461 8729
884 4380
30 8714
767 7714
726 1054
186 6248
614 7692
448 1161
247 5484
755 5086
865 9420
287 7048
949 6190
477 7994
116 5960
401 4091
333 9202
524 8681
459 5900
322 8961
101 550
741 6056
620 4134
633 8565
944 1765
102 5764
684 1954
401 5877
573 2558
947 347
575 5326
321 8078
400 6380
98 3737
426 1014
220 2684
86 7566
279 6635
628 6808
608 2302
876 2303
975 9503
640 4129
138 4591
863 8606
120 3089
596 5356
143 4876
300 1814
527 542
764 7449
860 1844
937 6390
263 9955
262 5491
29 834
394 9529
527 6414
631 1095
297 549
251 3966
348 5419
803 3059
51 1063
267 5105
777 3799
296 6644
698 3736
735 8478
173 751
610 1654
209 1491
186 404
429 1329
607 5238
638 2119
994 9279
341 7545
172 5378
302 6671
581 7803
2 1860
38 3815
134 9496
678 2583
890 6271
601 2305
339 6257
548 9183
65 584
747 3534
18 3013
467 4175
325 5899
40 5610
23 1986
648 5046
458 6661
110 1346
977 2901
552 9344
765 3204
794 740
139 9818
705 58
60 5300
768 8365
371 8016
694 3888
603 3458
438 6233
758 5218
702 5617
7 9323
817 742
737 430
861 1225
678 2509
645 9376
625 5920
184 7285
668 244
32 421
395 2663
820 5282
287 2061
470 5953
940 4766
966 7420
907 7189
461 5330
760 4035
379 3202
693 8858
306 1508
870 8434
321 4176
691 8104
306 7429
825 730
795 7171
561 2796
577 6305
576 3430
552 3704
429 7667
932 4790
966 2964
956 636
515 2459
754 7728
481 7393
532 1404
512 7360
78 3789
542 9705
717 6549
770 9519
93 2473
42 1370
341 548
245 4582
766 5154
289 1937
439 8502
31 7041
260 5925
410 7611
98 1208
804 2653
404 7229
760 5061
65 1287
217 423
588 9514
938 9691
731 9440
860 7165
793 5223
419 7435
852 3856
353 42
984 3105
257 7298
370 7972
949 1389
533 4790
233 5229
400 1017
662 3011
918 5379
160 1256
716 6524
64 2760
967 3796
395 465
924 5386
9 4312
606 742
871 2965
212 5009
573 7331
296 9735
416 273
209 6380
930 1955
713 3300
429 5217
936 7753
243 663
175 7785
441 6627
86 149
184 9115
519 9427
907 7540
512 4685
699 1532
581 9984
590 1265
404 9774
611 7399
887 5821
944 9975
797 6438
901 4634
129 3286
958 8002
418 480
516 8177
169 6105
621 1120
319 4906
360 9642
164 1570
210 8398
649 8130
587 3072
951 3407
945 9272
941 6899
60 3026
310 9980
633 4589
536 1611
136 1708
127 4134
725 8456
744 743
114 3595
758 4172
203 9975
200 4789
505 7421
529 6776
865 2326
7 8736
106 4126
21 3898
810 2052
809 8519
145 5195
486 5868
596 8700
891 8341
283 737
602 2062
436 8828
202 2216
190 8638
485 8218
478 4832
459 6270
774 7166
150 2896
409 7815
972 6562
208 1678
815 7435
361 2956
288 1827
194 5836
176 328
370 6029
502 44
345 9636
324 5685
986 7703
290 1868
272 7795
233 7662
599 3766
929 1662
430 9286
27 9361
860 5913
928 6465
936 6298
256 9594
103 9003
884 7088
562 9677
733 6119
397 4810
18 7082
921 7003
750 1397
890 9218
168 8986
114 7410
281 8656
877 4018
338 9151
475 477
787 5013
98 6053
604 6628
433 5195
568 7410
317 2601
173 6920
112 1320
238 2020
444 7002
185 6343
493 6130
386 8615
541 1079
262 6845
437 7476
720 8968
683 2779
399 249
126 7341
462 1909
348 4948
331 2119
573 6330
296 155
309 7310
357 9027
565 1942
604 5366
691 6440
708 1036
669 1184
359 8435
322 4845
220 4814
770 5316
973 6624
737 7355
602 3221
568 7679
749 9066
939 6559
411 6544
332 2287
153 5725
223 7301
781 1451
204 9007
353 8567
648 7724
923 2787
884 1022
551 324
268 6335
868 9012
601 5417
611 9378
912 8588
548 2365
385 891
248 8589
153 8543
592 7754
8 1123
772 6339
412 1671
645 4744
708 1021
420 1840
134 5695
352 2804
233 9783
828 9010
915 3525
726 3355
308 7084
746 901
146 2901
245 6906
531 2987
626 1367
62 4926
112 8557
778 9984
954 3524
525 4715
342 7027
23 3593
55 8522
348 2442
915 7448
518 4530
805 8661
216 6072
804 7753
564 3960
978 9747
654 8561
998 3043
87 3464
499 5904
691 7955
423 4995
819 6959
652 6650
844 2699
842 4278
542 8907
931 4349
262 1798
726 2537
548 3208
485 3927
341 4593
854 9657
634 5316
438 9765
231 232
465 5491
70 7418
276 8611
90 8137
115 7188
676 7593
515 3966
529 4705
946 6585
689 7325
801 1764
706 6733
169 5392
427 2915
987 7330
290 5225
286 4596
503 3129
229 9492
254 6115
231 4995
624 6203
181 4455
331 3192
336 1322
717 2710
936 1993
725 3349
86 2710
163 3704
475 4791
987 8630
174 6436
334 1628
865 6269
968 473
677 2801
627 1233
914 7352
210 7419
368 2827
263 5012
833 7062
39 4569
277 3885
440 6880
116 4500
818 2304
63 6341
587 1204
792 9566
97 8572
69 2128
268 8300
569 2370
537 5595
379 8876
56 7109
213 3004
510 5994
878 5092
668 9885
600 1577
263 9173
891 2902
878 8320
184 2648
631 4251
255 6255
139 2955
826 99
501 2535
784 9261
886 59
666 3145
892 4983
617 8731
607 3742
14 263
514 8455
57 3143
360 9567
883 5257
844 3926
12 8591
648 814
261 3837
767 1039
919 2766
203 2085
322 879
936 9024
991 8019
559 2243
871 6685
940 8486
25 441
120 9588
472 4308
784 7789
666 2350
388 9317
491 7823
992 387
488 4464
975 5315
484 9406
451 1893
903 5546
694 9180
386 7724
796 3072
916 8987
422 8492
199 7718
793 1440
124 1886
301 2192
795 6298
79 1556
308 5906
288 3382
625 292
243 1831
673 8114
547 1050
63 3090
442 3191
944 3917
947 9225
905 1457
793 1424
871 8591
446 2416
501 8908
397 7473
546 6756
112 3821
167 9635
474 37
197 7307
878 6172
998 7905
135 826
407 2191
190 7306
229 8979
359 2396
756 5871
996 4532
529 8135
128 1002
666 5799
661 2088
352 9754
136 9215
804 9171
455 8274
231 2824
650 1673
465 2594
415 1967
955 4431
363 1652
628 2480
776 4221
392 923
2 1359
724 2697
194 7543
484 5865
739 6853
445 6108
751 396
211 6551
595 3876
236 261
246 9801
851 8370
430 1401
622 3584
907 3449
881 6038
506 4177
417 5356
916 8411
513 5825
565 7672
976 7813
997 3371
913 5215
570 6844
242 5800
3 2678
982 2430
375 634
707 6050
628 9594
100 9482
177 6846
264 8031
805 2227
617 1136
773 3623
710 7630
201 5646
497 3871
647 1488
474 3467
895 6248
474 689
830 4199
785 9635
108 6447
265 1910
389 3112
321 6739
531 5391
875 8712
883 4770
429 9720
652 5541
116 8647
499 736
396 1103
657 7918
577 2077
251 1216
114 4037
409 2328
697 6682
568 4079
108 9319
481 1727
927 3769
703 7721
519 2962
820 8608
392 1015
301 7516
593 2019
138 7801
235 8034
623 2822
597 9895
61 2854
739 5206
313 7073
90 7323
508 2228
317 1393
274 5309
819 3340
707 4112
71 7920
317 1861
583 5879
376 7016
334 878
816 903
202 7657
479 4520
831 3611
297 4208
554 5007
814 6253
526 5858
347 9485
410 9606
553 2196
544 8192
28 4938
768 4299
453 139
828 2307
641 5717
890 4443
15 174
661 5192
934 8219
20 147
790 5610
561 2251
266 9433
787 6992
588 1180
964 4185
392 3131
796 4992
464 1938
492 8224
191 8208
860 9822
550 904
150 2365
10 2915
312 6184
692 1483
366 7612
423 3585
853 4187
574 4793
546 4731
835 4841
65 2340
665 1645
974 7430
171 3094
840 9025
435 2326
392 1194
420 3046
767 893
376 273
661 5206
43 8294
931 2774
582 1481
618 5828
837 4754
457 3241
329 317
51 2371
326 6857
798 6212
30 3577
189 4096
717 5942
856 8530
171 8571
391 7415
461 5703
330 5153
548 6670
988 9894
484 7560
195 6415
894 4417
906 8201
639 6984
335 2967
335 6688
813 1598
315 6354
683 648
516 5545
387 6753
845 4052
604 5485
936 1575
40 3056
250 587
511 2596
274 3177
195 2775
158 7187
953 2507
815 6332
598 3476
120 5322
720 2317
675 5019
73 1012
643 2525
368 1705
347 9925
111 3138
334 6825
454 4970
909 7654
630 1182
924 1243
207 9183
181 9947
818 259
499 4767
480 7859
264 8930
745 814
24 9491
638 1685
652 6326
408 9789
336 5428
254 6912
477 8022
923 8700
752 7518
342 7155
489 1263
736 6249
53 1200
377 3225
436 7388
60 5841
323 6021
854 3233
683 5580
859 9136
329 4795
729 6327
244 7163
203 2115
858 8846
271 4295
683 6839
753 5624
860 5725
398 7264
510 8812
793 9484
940 3123
977 3406
617 470
729 1643
567 1310
575 1053
297 6949
245 5762
114 5419
547 300
412 4051
75 3567
754 9318
772 2343
814 3183
424 3999
860 7341
142 5418
860 2965
296 4446
4 6141
374 756
668 8562
697 9386
681 8243
953 6753
202 5748
744 3375
990 1260
789 4542
844 870
657 6491
889 628
205 8151
478 9624
2 6186
775 265
592 1515
678 3876
984 1593
894 4744
458 1334
528 2136
327 5639
640 4477
559 8117
697 9090
453 7518
781 3111
247 8533
54 3294
599 6637
305 257
452 3938
533 3946
409 7665
273 6873
140 3931
915 7890
385 8246
777 5356
365 4492
748 8082
931 4058
111 390
458 4370
357 6826
645 9034
785 8917
602 9514
563 6180
732 7281
386 3878
313 7761
780 8559
196 9023
472 4998
500 3460
909 1543
155 2958
864 5361
336 8128
858 2185
950 1326
823 8230
443 1554
792 3459
977 8234
929 6768
416 1639
300 8880
90 3215
101 2684
14 6444
92 3359
494 1323
671 5321
608 3150
557 8637
841 2282
251 9298
85 7018
898 5013
849 4794
599 325
881 2493
530 8054
42 3112
968 3983
17 8644
626 8172
890 7888
43 2413
123 7244
214 8965
998 5199
853 5803
698 2866
971 2844
890 3939
19 9143
437 8195
591 816
860 8489
794 9870
208 6077
718 1565
529 7741
391 6701
663 6587
309 9793
877 7020
822 8848
626 9707
98 1591
982 6292
238 5238
283 1210
953 9950
225 2642
714 2394
288 9349
272 3
122 7922
688 2777
670 2505
427 2961
927 5698
461 4066
747 1796
255 551
669 8702
598 2384
499 6641
90 3841
528 7043
272 4353
715 4478
680 6492
270 1695
160 7314
928 1176
919 4214
419 3519
26 1552
231 9741
227 6123
781 3743
309 4295
757 2360
761 808
569 9645
892 9621
783 7607
319 2842
395 2389
142 2135
691 6824
81 5391
681 3029
238 3225
837 3142
405 371
624 8265
194 6634
546 6239
206 1875
444 975
63 8293
599 2865
44 4700
203 7859
394 6552
337 2727
737 4812
578 6579
640 3904
437 6320
701 3343
317 9179
821 5881
656 7031
954 9954
722 3449
744 9585
216 2747
471 7715
709 5145
4 8869
713 5879
536 8157
556 6521
480 4498
439 4410
139 8863
396 2710
407 7637
641 6319
244 7014
442 6779
887 8186
924 4149
456 1053
618 7512
389 8335
371 1383
533 7331
481 3640
542 8881
540 660
871 8932
878 9288
767 7500
285 7319
12 7661
636 678
972 4255
241 7679
680 6716
768 8287
692 485
215 2583
792 2477
497 3743
18 2556
731 3918
634 893
818 7779
885 2016
850 7968
970 8457
576 6553
792 656
866 3065
110 8463
521 3502
385 39
150 1000
434 91
594 1262
333 339
892 3849
219 3098
528 1510
97 3073
882 664
759 490
543 532
178 9373
676 7204
890 7350
52 7429
732 6309
903 9977
273 4909
510 309
558 9558
600 1939
834 3020
832 9218
923 7213
940 6993
506 3838
152 504
674 7735
313 6239
932 7138
90 9748
854 2000
970 4618
847 8836
284 5188
949 4902
558 1566
392 1649
154 2405
108 918
801 3754
675 6823
859 6115
240 4205
119 3418
333 8002
394 140
902 8311
256 9147
36 6607
420 7372
283 2002
934 5098
508 923
87 8049
939 1675
439 4356
674 1412
584 1607
421 5167
737 2118
588 5526
739 3692
980 6250
543 2380
254 1070
958 3804
454 2778
248 1317
742 1018
822 8597
753 428
752 3085
224 9573
536 8451
992 2605
692 4641
489 8942
432 212
369 3177
625 8542
23 3250
227 3317
896 2863
28 5361
190 2044
359 4610
820 7434
411 455
547 6987
753 8248
321 3095
266 2669
836 187
886 9253
115 9285
109 5504
294 6121
858 1909
977 591
795 1549
284 5123
531 7590
846 1811
208 6161
62 6373
806 7877
368 318
513 3913
302 2140
175 5214
444 3821
76 1075
539 5989
531 2942
55 7820
596 4890
233 2190
289 5459
334 4697
104 3612
174 8947
20 3401
798 4497
780 2694
862 2273
714 1231
387 3265
76 9541
454 3189
343 8831
332 3013
839 3350
540 7005
465 4184
748 8924
706 4198
780 3781
140 7239
914 8433
528 499
364 4282
983 8936
121 5041
551 4248
816 5098
509 7400
351 4443
109 5651
821 8737
651 9861
425 90
510 2273
985 9260
975 8220
324 4172
991 4288
784 6520
990 3417
148 8398
693 299
264 2674
237 2010
64 4029
981 4224
757 5864
448 1227
292 3797
540 8284
148 2822
788 458
508 3572
743 3725
563 4570
448 7123
526 8871
348 1918
742 1599
631 2308
80 7403
335 1501
75 196
446 8969
509 2876
109 6584
854 965
444 144
779 5032
19 8538
964 3200
772 9733
814 3004
430 690
371 5600
899 2598
821 1077
339 795
167 2852
71 8175
4 8463
7 3155
285 1129
277 2334
271 5944
336 216
779 5226
858 9983
13 5517
122 3477
677 7590
434 3408
537 3323
569 2713
529 8537
859 4877
881 623
140 6815
83 3392
969 3092
939 8229
160 2950
577 1641
834 1266
450 4651
696 1801
838 9472
979 5395
307 8014
442 8743
482 66
520 4292
245 2314
820 28
551 668
551 4835
388 9406
193 1940
844 6268
933 5900
764 7893
816 9950
566 7805
334 9085
84 8829
237 373
592 3087
536 1443
903 7186
605 536
385 2156
480 5450
692 4979
894 2323
566 7459
466 6463
702 9963
859 3906
83 8208
68 9728
947 6872
826 2804
237 3184
618 3370
136 23
41 7221
946 3536
674 2761
97 4164
612 6465
118 798
321 619
901 7277
136 727
639 7110
979 5084
840 4127
330 4755
569 2293
70 633
926 7367
511 1537
993 297
639 2017
325 9954
573 3216
469 1870
738 5470
635 8204
735 3628
817 6545
757 3039
27 5219
500 9602
378 591
781 2097
147 5572
791 5007
358 3526
590 1856
104 8668
479 1295
65 9905
790 9754
959 9223
504 8721
145 1120
905 2427
988 3075
328 6945
282 6365
54 7377
958 4893
266 6444
977 7015
151 9352
440 8834
261 9487
820 490
124 4094
489 9582
516 5703
391 1043
520 2015
148 2319
814 3873
496 8847
777 4329
871 9042
15 10
555 908
715 7736
471 8660
972 8399
933 6566
988 7226
345 1297
154 5149
84 5514
761 507
290 7704
62 8161
388 38
310 5337
647 100
294 6344
979 6229
785 4897
508 5539
254 9583
29 3591
390 9775
680 6257
610 5811
223 4742
836 3152
606 2972
713 2241
943 6400
77 9266
557 7186
951 6966
305 5011
697 6961
208 9693
865 9935
666 923
43 475
13 2765
325 1977
224 5158
961 8653
753 5581
118 369
63 3583
383 7619
1 6844
123 3332
477 8213
491 8106
825 3924
88 6415
398 500
186 9952
560 1013
489 7807
376 490
232 8546
458 2859
29 386
846 8995
987 956
315 6498
545 1555
144 4220
840 8923
961 6568
392 3280
552 610
67 5246
841 3017
136 1238
509 130
42 2479
793 3204
207 194
724 8154
146 1661
835 5332
641 1266
888 7702
735 8245
983 7847
58 5665
697 5011
695 5907
313 5130
402 7373
265 2271
190 6581
894 362
115 3043
791 4006
154 3127
794 4419
915 7633
248 4213
616 2951
852 6851
559 9650
551 3881
188 7153
255 5783
245 3204
707 3472
476 2323
297 2732
569 549
489 8486
965 6793
407 1246
791 5824
277 3080
347 1873
638 6571
230 372
332 7395
916 5895
179 9696
931 6604
604 7525
589 9289
259 3930
857 9606
905 5354
994 5107
595 7701
182 3648
152 8911
81 4659
239 9808
720 7493
951 2962
998 117
366 2342
3 6324
123 2686
31 6439
91 7892
147 4472
71 2082
481 3221
60 7561
815 9920
874 6443
273 1965
726 5840
547 7031
553 6980
267 1196
862 3975
141 2940
800 6396
436 589
921 2827
552 2986
132 543
507 3584
12 8249
947 4336
858 1227
131 6080
652 2061
177 4185
696 2459
969 3402
5 3781
889 2564
339 4334
124 6108
470 6254
831 3053
295 7328
414 7635
914 6309
656 2000
809 7935
927 5963
199 1334
305 3148
182 4918
930 3713
194 7359
744 5709
100 9284
141 8867
584 2797
736 7919
472 1669
109 5054
462 6397
792 5377
21 1367
822 6670
153 3819
812 3711
266 7238
45 9104
358 6726
841 6725
308 9567
113 6003
265 2617
740 9202
639 7263
237 3761
689 1345
202 5922
256 7011
726 553
121 3261
392 4530
397 4121
499 9192
591 2824
444 3358
850 7213
247 6154
129 4928
58 3797
996 7933
983 669
650 2290
198 1571
697 5012
570 1917
696 763
927 3445
253 3857
234 2840
183 7671
49 3544
558 4064
879 42
302 7124
402 3192
336 5679
356 5521
913 4703
805 3780
696 1929
31 4121
428 8245
520 2136
444 3917
204 9728
350 8690
313 9745
184 4919
985 2722
922 1252
820 764
754 4197
131 4349
582 4312
870 1302
366 6083
734 6749
215 3099
284 9196
65 4414
768 4944
666 5130
387 4235
505 8979
14 6610
292 7409
240 8880
866 1903
316 2241
234 3950
529 1128
594 8496
896 5050
128 3726
161 832
381 5458
879 2760
709 7933
879 5013
160 914
829 7835
668 1161
783 36
873 1614
560 3534
555 6448
518 9370
796 9314
140 5902
719 8396
249 2996
182 875
424 89
870 6477
46 4479
269 9046
646 3276
826 2670
376 4712
462 5265
814 5955
715 5582
30 4716
788 504
739 7195
229 5384
491 2649
326 6248
466 1266
141 1769
670 2202
953 6287
850 4469
431 2096
659 3581
601 2152
270 8432
578 3368
32 8687
987 2210
435 7696
329 4975
520 4045
196 7161
432 1315
266 2994
961 1652
386 8187
831 8294
378 477
161 3602
194 1444
160 581
774 8990
892 98
688 7281
918 8062
435 1730
398 5090
409 1023
151 3629
62 4870
934 9759
690 9420
335 9184
35 9735
689 791
865 3315
853 1139
529 4465
762 9525
651 387
339 7939
867 402
407 6327
460 8009
745 5119
96 1175
438 9739
569 6544
578 5713
11 6445
715 3052
647 8823
819 8969
474 8976
594 2136
60 6331
27 2449
986 1086
538 2893
36 1879
813 1001
360 3860
200 4182
901 2410
62 4955
137 7999
351 7346
451 7200
548 4631
65 6235
949 5740
732 1478
492 3128
935 5767
960 9987
44 921
243 7243
422 414
948 1650
696 8983
885 206
197 3613
461 7864
181 9500
744 8685
287 9267
378 7328
441 6981
656 6918
714 8251
439 3625
745 4432
811 8181
683 6307
410 3854
769 2761
86 4760
615 7032
638 3390
878 4957
949 3580
11 9015
722 244
590 5625
494 7181
643 4988
193 6239
413 7051
462 8840
302 7205
434 8602
832 1119
937 8331
175 4831
929 1828
333 2802
757 9059
453 2023
651 8713
8 8561
510 9036
499 665
989 2021
246 9898
971 8963
271 8707
397 55
237 1497
942 8806
302 2578
30 9195
570 9499
55 7442
485 3891
191 3309
808 5805
809 307
649 2802
636 7996
103 6669
818 5526
926 942
786 6148
281 8631
734 7657
187 4082
62 1569
509 6104
507 5705
36 7451
837 9202
471 7630
718 4418
173 2312
308 3763
485 3893
475 3682
956 7684
745 3809
251 9018
872 6421
846 317
592 2328
295 7386
642 889
616 8304
605 8791
284 5875
157 890
135 7594
407 8170
594 801
135 1222
464 9063
66 6382
331 33
340 3801
528 6037
156 8304
190 688
299 8017
627 4817
640 7245
424 1692
278 8682
616 9688
284 7298
284 6689
917 3362
850 6214
878 1739
578 3580
699 7813
544 8633
34 3815
52 2538
710 5073
989 6238
373 2370
425 8809
538 5618
863 8754
396 745
118 7077
829 7958
867 3730
684 1337
462 9931
700 3449
557 90
866 3999
145 9465
67 3497
812 5336
652 5752
521 1899
608 1282
716 5769
861 2769
357 4846
887 3746
553 5385
92 6759
985 991
727 3190
170 3207
61 3047
379 5228
906 2970
610 7774
733 1550
999 9344
656 6395
959 4604
721 4041
387 7467
852 4119
662 6845
239 4053
619 5959
996 3098
396 2736
314 688
372 8995
708 1410
134 6448
57 8581
107 3930
658 1484
601 7179
687 1394
471 7692
267 3220
537 2765
795 1908
362 2275
891 9240
429 7013
441 5704
451 4654
592 5732
128 9662
342 187
310 6809
407 1733
777 2710
448 4619
169 8529
844 857
627 9626
258 1907
336 83
341 5789
516 4310
851 465
176 8605
278 1085
473 4776
87 7826
319 7115
126 439
31 5005
122 6084
337 4555
183 6583
274 7618
411 8274
124 7704
265 634
793 3908
415 4698
980 1969
7 8975
552 6575
377 3961
710 8706
847 16
555 3281
519 45
1000 5128
581 1148
872 4103
279 4289
22 8049
575 9840
333 5902
309 5363
141 7625
138 4552
301 530
517 5521
675 9837
786 3762
70 4993
638 694
189 1115
461 3162
181 3800
237 1537
622 3022
784 8526
270 7748
461 8477
325 213
327 267
1000 4193
188 376
559 3420
568 6860
535 1998
232 5056
56 6465
711 7841
591 3254
596 5936
805 2768
634 7349
678 7718
631 1943
628 5382
110 5733
42 9389
293 3632
425 9600
408 7199
670 2694
891 5498
329 7579
340 399
144 8879
623 6432
162 9317
695 8659
333 6917
108 1777
840 8714
968 6168
297 3669
321 520
801 9400
754 2601
131 7243
65 8100
873 1994
2 4982
303 5397
275 8065
397 3567
878 9466
257 9152
939 4059
171 9379
435 3010
751 5273
766 4321
391 8500
230 9132
767 9388
465 5231
647 2397
763 2213
580 2119
50 2353
743 9437
760 4825
812 2631
532 9398
884 6673
937 8710
508 3449
6 5610
612 7796
405 1032
640 9289
724 2089
395 917
870 5420
663 870
203 818
438 2544
76 7280
485 3931
296 8337
891 4354
474 9361
318 8325
768 1378
694 329
429 2539
601 7987
16 2868
21 3952
740 636
961 5552
222 2211
484 6550
282 6416
412 1386
334 8844
457 8008
644 8164
695 974
484 1324
352 3345
816 7895
71 6521
919 879
622 5328
907 9363
681 1703
555 9876
232 1665
698 9240
249 5158
822 6871
788 3282
457 7632
390 6115
651 2373
871 766
606 8571
828 5931
664 6795
341 6980
325 4995
759 5802
387 4454
571 8913
316 2632
957 8927
632 5795
214 2992
864 7444
451 4692
700 9631
788 9968
237 6039
950 5561
596 7511
858 2733
705 732
235 8042
453 1864
548 260
105 8256
199 2979
404 7983
991 1842
105 9105
151 7906
127 4681
920 5557
399 4667
448 5380
297 1811
549 1753
112 2732
806 5845
305 9226
587 4028
872 6577
695 932
779 4987
389 5417
421 2229
897 5756
308 8099
218 5039
603 3976
695 2907
993 9359
279 2458
736 6965
335 6573
904 4284
864 9479
297 4601
342 6721
164 119
850 9364
763 8450
313 8498
436 5933
323 7613
586 7389
404 2830
443 7243
7 1247
51 4998
342 4001
744 9566
195 2168
661 9274
507 7610
663 3988
517 5555
907 1911
679 5252
69 3288
825 8015
450 90
776 717
464 408
653 2889
305 159
508 5618
851 3761
645 6828
282 8484
974 3887
397 8960
958 5175
501 4997
340 7155
345 2627
134 854
933 1663
650 8489
582 533
713 8374
968 305
303 7838
656 6564
213 4485
618 7349
575 5585
349 4765
902 4559
737 7514
630 9805
640 1822
785 865
426 6413
971 3664
255 3570
460 9704
466 4170
529 2743
416 2263
371 9810
885 2879
742 9279
815 8363
436 3067
792 4488
479 6036
560 5977
10 7248
146 6691
529 8164
242 5600
325 638
685 556
641 6748
41 5899
943 7539
409 8305
20 4121
547 7592
184 7163
913 4782
399 1448
963 6613
810 2915
659 9505
574 5733
360 7165
756 2232
460 3735
104 9038
485 5471
810 7752
640 3403
712 8512
537 4886
410 6079
229 1725
556 1639
96 9777
184 6123
295 9096
233 2881
903 1707
841 1015
388 3385
420 1691
604 8787
387 8834
553 6942
666 8018
18 7268
434 872
442 4867
816 2211
336 3341
492 3494
797 3286
291 1594
969 7001
429 4394
823 6420
471 2069
356 4599
554 9984
76 8569
67 1857
629 7923
289 2597
810 3138
634 6939
177 8825
726 9574
669 3613
642 2911
269 9128
87 2417
76 2519
936 1179
415 5372
312 3106
769 1644
169 9308
10 5761
294 4070
92 9801
818 6895
821 2278
127 9163
896 9788
128 6049
668 1399
839 5388
147 9666
104 9278
916 736
899 296
673 3047
334 468
978 8560
785 8300
544 1833
593 2208
819 8803
870 515
277 5044
820 6638
52 6310
949 8764
812 5589
14 6428
235 1333
373 7043
115 8027
466 1847
283 1519
835 9797
103 6144
182 7532
955 5456
955 8368
852 4628
735 5720
287 3397
338 8256
136 977
9 9111
340 9563
438 1730
311 9878
347 7255
167 6126
723 8803
431 656
625 1237
550 9981
502 6513
709 4539
415 9742
372 1572
965 5736
542 9093
308 6574
896 2352
452 4437
950 4602
43 3204
206 2990
825 1846
474 6872
378 747
443 9435
40 4086
545 4492
998 5280
60 5908
750 1380
94 6977
660 8066
462 8582
705 9901
942 1975
161 7964
854 5422
581 9916
480 5353
842 4300
898 2505
39 1296
735 3252
203 9791
293 5188
901 773
448 4182
699 1953
286 1468
380 8200
153 1579
69 9873
649 1262
439 9543
567 3137
647 5802
939 6247
150 1054
799 9589
511 8714
529 20
91 2266
437 6051
120 7421
633 3474
645 3256
623 2248
608 914
694 8414
896 5430
689 9842
483 2548
703 2997
546 5200
361 446
944 1457
527 3781
527 499
356 4776
19 8245
813 7945
268 9612
910 2749
376 9423
37 5663
215 393
853 6971
518 4730
620 756
108 4006
510 5535
392 8052
512 8773
233 7472
221 1989
860 5498
684 2687
258 181
944 90
983 6440
447 6320
485 4672
651 8797
790 8893
956 4499
901 6672
877 5448
878 4132
602 9318
193 7890
272 8314
740 3834
669 6518
78 4225
700 8448
205 3886
490 993
328 3724
868 3110
173 9691
319 1282
804 7807
382 5306
827 8911
255 5079
664 1864
630 664
298 4327
793 5486
24 2
858 1118
704 9216
56 2050
242 2380
143 3368
826 3542
723 2561
530 3970
353 1236
781 7080
230 249
853 7682
662 8718
278 4400
22 4693
97 5015
282 1524
26 8942
841 1044
138 688
492 3714
853 2590
618 4449
597 6250
591 7414
342 8796
696 27
376 2816
24 9388
496 3302
846 253
175 3937
597 194
834 2281
123 1286
168 9705
627 6533
831 8657
251 225
895 7493
902 6192
589 9692
651 3197
34 9203
420 8835
697 5687
585 37
444 2254
138 5897
80 2975
904 6152
533 4198
853 7039
855 2817
174 9585
663 1429
912 115
122 3449
905 6655
905 8841
691 7618
928 4453
141 5501
16 2064
169 5640
20 8482
999 650
615 9687
288 7618
685 733
532 5810
69 3673
69 7886
542 8466
633 129
327 5493
196 1769
469 6015
780 9110
249 2503
971 4543
375 1665
104 5517
744 3580
6 9773
185 5173
876 546
946 5313
171 1921
464 2136
820 3284
379 4676
527 1848
833 2454
101 6847
489 9249
167 7726
328 9981
572 7647
304 4293
543 5889
220 3626
758 5123
229 7374
260 109
416 1913
648 439
270 4808
637 7599
66 2008
424 1176
95 3264
909 4901
903 757
617 8530
845 931
729 3948
548 7978
250 1188
982 9999
191 3040
70 2423
743 5722
382 5055
180 4175
450 8519
365 6321
363 2051
645 8485
173 1448
425 5190
993 1909
158 2624
851 8487
977 6486
909 9748
717 5836
147 177
816 8862
805 3835
278 3015
264 7586
117 6506
109 5690
7 9069
329 1337
220 7289
299 1867
429 7948
593 9745
778 839
539 4813
100 1856
486 4455
324 2289
274 2076
298 2983
21 6570
175 2372
46 6149
732 9070
675 5925
752 1725
275 38
726 3312
700 2822
381 169
111 938
974 3453
567 4410
617 9253
470 5488
769 6400
767 2893
35 5374
293 5461
451 7254
291 5438
727 5521
354 3012
114 2925
742 6968
986 5995
561 9084
370 6754
590 9385
97 489
999 6889
649 304
72 5805
9 7912
610 5465
844 6919
193 9971
136 166
686 5367
720 7410
414 7782
90 4494
777 7634
737 8702
916 4884
171 1886
671 1862
236 9785
872 905
474 4275
534 8193
832 9664
94 7860
443 3498
185 6399
200 1855
820 864
587 7056
640 7548
1 5300
504 2891
416 4179
93 9640
9 59
557 2914
221 5982
823 3789
861 9665
313 8321
409 7135
347 6218
266 3236
1 7223
687 3443
444 1803
308 9025
74 9983
774 3384
122 9517
617 5268
761 71
858 6249
423 6926
973 9275
450 9691
784 3380
618 8650
630 4946
948 8873
822 518
72 2302
585 8647
410 719
287 3629
964 4247
842 9686
235 6215
698 3956
37 4163
263 1037
986 6721
154 7369
616 158
653 1064
525 7768
6 8986
57 2773
568 6517
641 2619
722 178
5 5013
390 9344
499 597
771 1440
314 44
60 5415
647 9443
519 3423
76 5382
878 5990
596 7620
689 3885
864 7136
130 7819
550 4899
712 9928
860 9160
509 1282
825 2334
679 1227
669 7609
579 4953
507 4434
389 2085
494 2738
777 5692
274 4091
702 9569
382 3584
238 441
321 8535
551 4430
618 446
797 6877
790 1748
334 3831
334 3227
916 116
286 5436
174 3963
671 6867
303 6267
717 79
429 5605
490 4147
404 2208
914 5576
929 6116
837 9049
784 4111
321 7013
758 3476
605 4401
343 1622
294 6259
281 9601
102 3416
463 8274
496 175
183 4458
365 7083
956 1951
586 9765
733 3643
783 3320
68 5306
818 1092
145 800
250 4859
724 2705
661 2470
406 2376
235 4257
553 3217
248 4571
755 8591
421 8072
287 2086
760 8495
652 4977
607 6956
132 7502
265 1342
582 3613
206 5690
916 373
818 6054
902 191
742 5983
645 1656
782 8868
49 8515
132 6312
788 2197
980 164
980 1672
574 7427
213 7609
703 4309
437 8970
416 2444
718 3392
365 5346
103 6294
359 3233
396 9688
787 3256
961 8521
489 9181
907 3949
78 8454
175 6031
938 7615
737 6253
595 7351
862 7447
56 803
410 8772
143 8618
187 9533
471 710
164 3408
430 1385
116 62
324 2294
268 4157
903 820
412 1431
37 7631
767 5881
805 8839
162 437
423 846
617 5152
518 5150
618 7749
813 1233
839 9728
39 807
761 1076
750 4915
856 8949
878 6542
444 8479
542 355
15 1517
317 9842
952 9587
691 5422
545 6900
740 5038
386 1484
945 447
901 1032
143 704
216 2137
422 9893
814 6214
723 8421
93 3191
838 7724
609 5674
476 5018
552 7233
982 1089
532 8193
537 3915
13 4117
484 6706
884 4361
13 4790
449 2880
452 6491
246 3774
398 7560
521 6175
419 1737
678 1678
905 2669
682 7599
647 7929
378 4214
387 9236
258 3549
989 1945
270 8386
873 5144
828 3062
192 9381
16 1343
856 5879
375 8039
439 6154
693 5563
132 8398
903 4093
631 2501
1 4611
660 1977
409 261
428 1748
890 4675
411 9062
146 8669
59 7699
741 4920
287 770
352 2160
281 2031
486 5121
134 3274
822 812
693 8598
443 5384
19 5946
51 8638
545 6228
216 2028
740 9505
538 1284
172 9014
699 2394
238 9690
682 4425
266 5897
249 9278
13 4723
815 3931
776 5354
263 9078
184 3064
518 1927
892 151
561 8302
10 4711
741 6891
411 636
221 1716
898 5566
175 1986
897 9623
511 9412
995 2871
19 5850
179 1219
445 8924
875 786
756 6145
326 7215
804 472
392 5819
409 4306
768 4599
456 645
525 2958
830 5388
549 7097
871 7970
359 2441
288 8906
723 8977
85 8282
117 6568
405 1962
342 9419
257 3626
571 7482
584 458
556 4631
741 4368
717 7562
168 2405
265 4783
401 168
266 9846
576 5626
290 9714
456 8624
501 507
567 8980
332 9644
800 3796
300 3477
865 6930
54 6346
293 1714
76 4947
187 3711
186 6442
157 8326
290 8992
26 5578
647 5336
653 8718
339 7289
652 5166
81 705
977 4375
44 6637
508 5994
622 3474
199 9565
914 9799
753 2617
690 1305
156 8541
593 2645
255 4874
90 5170
412 3749
296 5188
67 7417
100 2842
797 514
834 7153
778 178
436 2574
268 8576
597 7688
985 2436
223 5900
517 6844
399 6408
46 3210
907 1120
78 5252
739 9900
