7
17 41
4 20
49 66
1 71
17 96
24 37
25 28
100
17 26
46 48
23 25
8 82
3 46
25 46
15 8
25 44
8 19
23 44
37 27
30 84
45 59
4 1
3 39
29 86
34 43
21 7
39 58
3 95
33 32
15 56
18 24
29 94
35 46
8 47
4 98
34 29
46 15
43 62
22 17
25 40
5 4
3 99
37 43
49 18
32 30
27 81
46 48
6 80
10 45
1 83
48 77
37 64
25 43
12 36
41 8
19 58
11 33
9 15
6 12
44 84
6 44
30 3
27 20
50 62
18 13
32 63
28 77
27 22
46 32
10 94
32 58
31 32
24 27
27 67
23 42
29 6
27 39
29 97
33 25
39 5
3 64
17 43
8 73
39 5
43 29
22 96
46 49
42 99
15 57
30 91
20 96
2 25
29 70
4 72
48 74
29 76
15 76
19 35
24 93
27 60
27 10
14 63
30 100
49 50
46 23
8 15
48 94
43 76
