7
72 775
43 881
88 772
58 28
100 75
53 381
59 918
1000
87 121
39 379
37 367
80 970
32 474
51 387
93 154
56 317
41 938
48 888
91 659
48 492
16 392
96 464
10 865
9 444
40 273
44 855
100 535
41 755
77 272
49 771
53 956
3 332
41 812
59 473
68 267
66 149
84 402
75 973
85 73
90 747
31 269
32 420
68 413
20 699
4 284
53 301
40 618
13 722
60 355
55 482
68 38
22 942
86 927
36 978
98 902
65 922
9 205
37 482
11 934
89 724
66 851
31 486
72 804
45 873
92 125
18 860
10 717
45 62
23 673
24 872
58 534
38 553
65 450
93 103
33 844
49 597
29 687
63 528
19 227
67 256
43 500
15 549
79 641
78 824
77 342
50 981
32 515
37 864
43 683
36 349
72 358
11 574
79 311
62 521
76 606
40 216
97 215
51 855
57 89
33 249
86 584
29 107
4 564
91 728
32 632
48 755
6 100
87 448
83 723
75 739
3 189
39 615
56 110
60 601
50 862
6 939
29 95
36 218
74 330
35 367
46 210
7 737
74 766
46 346
85 980
95 742
29 929
92 215
86 106
72 492
1 6
42 333
3 49
40 648
35 483
33 599
75 319
72 352
36 573
22 60
50 776
28 264
25 361
91 999
58 106
98 70
34 499
24 383
38 264
35 839
30 969
66 288
63 521
67 551
72 320
93 718
8 881
68 819
15 917
37 784
33 838
66 921
6 676
88 817
20 627
60 350
43 35
96 432
24 663
72 102
51 935
7 521
93 119
98 494
95 485
32 88
57 454
21 581
4 49
98 300
48 835
83 461
51 698
29 73
24 538
100 653
4 227
30 780
13 648
18 674
62 489
6 729
20 683
2 704
76 131
63 559
11 414
100 77
68 20
36 674
62 168
82 389
51 994
72 335
70 950
17 165
58 474
31 99
57 251
97 996
22 81
2 490
91 830
72 884
88 723
90 459
42 403
6 77
89 398
28 210
58 192
41 281
86 503
85 780
32 544
14 696
87 819
15 238
66 146
82 324
30 350
25 653
24 394
77 133
93 774
62 126
28 550
28 773
75 536
62 350
2 826
98 756
38 681
2 50
91 883
74 437
3 262
43 478
13 398
93 973
63 755
47 337
12 488
58 794
50 814
73 799
66 175
76 936
43 124
80 533
15 743
68 133
45 233
68 632
72 438
32 773
99 492
97 630
31 239
73 542
52 472
90 346
84 913
84 245
46 827
84 298
72 16
57 150
54 161
2 459
9 129
94 958
81 617
22 138
51 450
23 883
4 630
78 108
72 831
34 746
16 958
22 126
40 173
68 55
54 237
11 653
89 34
13 55
82 234
42 702
26 993
51 320
62 192
44 303
55 841
79 439
48 733
70 275
34 271
5 120
11 230
30 256
10 462
91 953
37 967
59 403
12 461
29 294
3 574
64 690
100 376
6 628
74 656
61 520
99 300
16 489
27 682
11 267
46 567
95 594
82 153
83 616
79 492
78 371
46 617
58 309
75 171
75 82
62 248
46 477
57 494
18 843
29 315
2 86
84 956
1 988
58 831
17 118
37 792
61 353
27 448
87 920
56 370
26 152
85 660
93 106
10 148
38 573
73 136
32 50
77 485
53 134
99 929
5 459
85 889
38 327
34 603
74 100
56 173
56 22
58 53
34 536
17 494
92 183
95 810
60 326
44 706
24 216
43 247
84 601
19 541
73 270
84 571
55 840
37 140
7 165
1 881
86 262
99 701
40 762
20 399
74 378
85 116
53 235
70 538
32 735
40 510
55 628
15 7
66 300
73 1000
45 587
6 714
28 4
82 472
75 813
15 801
6 14
12 506
12 22
18 657
83 302
23 675
18 787
46 511
76 712
60 136
78 178
18 63
24 259
56 631
80 496
8 23
89 874
53 668
30 929
77 68
17 836
68 500
20 890
46 859
99 5
64 333
36 937
36 264
74 97
12 114
35 11
63 498
2 415
77 802
54 788
66 452
100 955
27 578
97 986
44 475
85 402
43 973
85 809
16 470
63 128
59 210
93 926
53 288
9 44
43 765
64 368
85 143
22 906
4 547
27 449
41 192
30 887
96 610
44 96
98 968
2 728
71 566
76 626
57 523
79 394
31 340
68 83
31 303
98 185
80 289
16 145
92 553
88 636
80 979
90 976
87 494
55 967
10 942
82 30
19 282
30 567
66 255
58 935
22 916
92 217
26 619
59 865
66 806
33 634
37 280
85 809
22 624
66 399
71 570
82 810
55 446
12 445
18 726
11 524
92 428
97 497
58 546
40 882
89 312
72 48
1 250
83 713
43 455
100 807
55 979
89 479
78 269
77 67
89 946
26 200
17 121
91 681
1 173
72 578
67 734
49 510
39 672
27 690
22 858
20 911
5 632
41 364
79 761
35 897
6 418
99 973
91 210
76 385
18 556
58 403
7 608
81 956
19 930
14 811
24 41
38 207
56 233
48 673
70 873
32 456
14 222
55 130
52 911
72 98
77 815
50 508
41 598
23 195
30 112
18 252
63 932
42 592
3 662
29 22
44 270
23 374
40 151
100 983
15 560
73 307
50 942
56 398
26 473
3 810
51 938
73 13
6 164
13 25
55 680
73 571
3 838
60 469
59 51
88 117
48 910
25 564
17 290
84 631
53 895
73 193
78 393
10 343
86 183
46 530
58 638
58 409
93 651
39 557
30 428
22 363
55 48
59 701
87 914
51 305
14 706
78 520
23 372
77 473
81 855
13 708
34 176
58 39
13 484
65 324
46 241
7 721
41 614
99 631
71 454
100 563
61 906
57 952
35 787
35 939
37 572
26 173
34 294
41 909
84 290
49 300
25 459
98 839
9 881
70 896
65 151
47 918
98 805
14 304
33 431
95 221
1 556
58 703
79 697
81 52
1 611
27 876
34 640
19 558
95 415
50 107
26 819
81 104
62 597
33 560
37 447
9 552
6 25
20 610
15 671
28 851
3 809
87 164
89 98
78 868
72 738
85 573
61 804
73 395
4 929
58 480
19 747
33 819
29 250
20 388
8 979
84 874
45 19
82 861
14 576
11 20
19 113
43 79
38 818
19 526
29 353
58 697
76 819
92 438
39 216
82 935
41 386
100 33
100 834
91 774
50 91
19 659
4 61
26 762
9 611
47 705
19 518
60 146
86 576
25 474
47 377
59 802
35 117
25 776
54 564
58 135
24 498
37 786
23 148
56 461
67 721
38 149
56 974
21 635
39 752
100 109
46 359
34 5
4 941
29 840
38 803
40 808
80 172
81 58
92 776
56 793
2 435
2 649
83 195
43 157
79 549
53 873
42 793
23 976
39 849
95 256
48 686
11 145
71 788
96 770
76 969
82 468
20 393
21 245
20 141
96 462
60 287
89 949
85 663
86 732
84 842
3 656
56 342
21 659
51 79
4 755
18 253
51 752
5 300
63 377
88 994
83 192
64 580
35 690
42 298
24 416
51 734
53 825
19 369
61 629
94 951
71 243
50 782
1 836
79 682
26 438
46 828
24 450
66 806
11 990
46 393
12 332
1 239
30 281
40 305
64 583
64 907
33 188
45 187
50 857
40 245
64 635
78 770
96 109
43 108
69 435
7 924
82 801
89 636
13 810
63 517
97 34
3 83
12 413
81 212
54 421
43 860
80 56
8 68
18 687
53 990
90 617
19 171
54 717
15 870
46 220
72 78
56 149
73 271
30 102
80 897
35 842
76 888
86 677
76 731
38 2
86 117
40 958
1 703
17 42
79 523
93 653
20 466
45 448
65 800
10 256
70 755
83 903
72 432
23 3
67 773
72 445
37 224
94 748
14 854
34 800
90 829
55 559
14 931
16 451
59 389
72 114
5 185
81 564
25 908
50 73
84 324
89 369
10 455
9 410
76 259
61 357
75 547
71 505
98 72
18 87
23 782
88 212
63 747
33 554
85 724
63 679
20 864
32 580
94 778
86 536
45 595
50 795
62 678
69 163
53 250
10 754
10 819
67 966
51 490
68 472
88 224
50 973
5 167
85 72
44 626
86 302
100 855
66 889
83 212
9 398
33 7
80 918
39 125
76 145
69 276
20 870
28 297
7 172
5 251
92 828
80 445
12 245
78 608
44 847
99 919
28 648
36 889
40 563
6 947
39 451
90 203
91 476
43 342
31 355
11 475
37 377
6 493
57 484
73 5
44 621
29 614
33 251
1 487
75 799
32 445
21 726
16 550
45 483
16 711
49 506
23 679
65 757
11 90
55 435
71 31
14 348
25 705
56 815
5 882
44 556
91 811
24 906
61 358
56 258
59 877
25 777
78 456
79 18
14 850
32 930
79 316
23 931
91 721
77 90
30 80
43 945
93 958
70 701
53 194
98 945
45 830
48 905
27 644
92 159
39 447
27 386
53 846
22 858
48 717
37 814
54 619
65 182
33 437
51 177
38 41
50 264
37 276
9 41
10 965
86 981
86 144
9 562
10 892
27 266
91 685
67 250
28 866
84 500
44 280
61 221
78 6
4 704
31 567
84 97
7 131
83 483
