1
917 1349
10000
404 914
329 4392
209 1435
179 2053
569 4580
968 2511
374 591
28 2820
917 1598
990 3165
757 971
759 3104
452 1918
878 2774
27 2186
638 4477
805 3408
238 4015
252 2067
481 4033
323 3931
908 3405
421 1218
419 768
693 962
204 4253
43 3933
354 3192
198 1907
811 4804
132 4984
58 3950
60 2435
294 4407
581 1288
241 3029
28 1918
810 2219
657 26
884 4021
843 1922
52 3157
760 2883
631 3737
317 2844
618 1002
476 1017
144 422
657 1265
79 575
284 2448
163 482
82 2190
282 3649
36 2222
55 4113
503 1399
55 2717
242 3814
942 833
611 266
779 528
10 2255
232 2663
844 1884
531 1903
458 1605
32 1671
527 2
349 1447
30 1061
380 2518
225 1848
148 493
275 3253
776 42
311 2068
743 846
135 257
770 384
286 2155
57 3527
830 1638
87 2908
474 418
153 2134
333 4394
11 2123
954 2421
851 2846
658 496
140 2867
161 2090
757 2061
737 1519
151 3641
822 4062
234 3632
320 836
448 2649
492 454
240 876
131 1954
165 816
417 2463
573 3623
303 1944
859 1693
794 1749
909 2988
698 2946
470 858
524 2702
524 2481
656 725
484 102
36 1591
697 3723
71 239
993 3718
38 2004
185 3840
651 540
355 1734
201 292
631 4203
849 1977
879 268
232 466
217 3794
935 539
313 2652
265 3076
13 2539
89 2160
423 4124
834 3566
679 3225
788 4572
990 376
422 2439
827 3106
6 3820
242 1174
611 4402
776 476
476 1805
769 42
118 1389
155 4378
665 1853
72 4514
763 2181
935 4147
572 1448
595 2298
145 614
522 2634
938 3491
128 2344
140 3254
906 1245
71 2811
275 64
216 3954
323 762
792 1822
154 952
75 4423
353 1332
35 3640
530 2652
307 2650
619 3706
876 1262
272 3898
483 2591
117 1775
576 2318
304 1111
961 964
413 2674
237 3564
591 4847
546 4038
582 390
551 2141
452 4767
58 4145
319 3914
124 3566
10 1429
832 3924
59 2202
728 501
102 1917
456 3834
809 4402
472 4862
599 3205
430 2601
253 1865
98 4422
895 4610
512 701
524 3642
378 2370
974 2824
92 3765
19 3068
382 3888
503 3108
981 52
240 4699
322 4572
736 741
505 144
246 4539
995 2355
517 4757
589 686
492 75
999 995
245 3675
94 2274
518 1807
330 767
394 1596
816 1978
17 1908
433 2838
700 748
554 4187
498 4086
810 1589
678 1112
223 106
950 1364
570 55
813 3695
502 4548
602 1794
660 2667
192 2595
242 2573
108 2957
687 2509
578 4763
1 2531
584 985
208 3650
208 4836
336 35
866 1389
451 2872
657 3474
388 3105
625 3101
933 1051
967 3019
538 12
945 246
676 1432
522 611
919 1751
672 3677
284 2300
469 2368
679 1008
321 1607
106 469
102 3542
241 2507
810 2280
412 215
729 2547
984 1847
137 2591
278 2991
460 3475
386 55
586 2232
310 3123
348 1156
412 3689
394 3536
304 3934
125 2258
427 2506
686 2172
657 3447
421 1395
92 4966
67 1041
911 4562
601 3948
940 1788
606 3140
478 2173
149 3992
232 1383
757 1402
43 708
303 4335
901 1908
299 3384
348 860
588 1884
911 442
983 2587
630 4466
512 3028
76 4748
733 1600
180 1452
529 4741
650 1984
74 372
93 3102
723 363
804 3987
995 1524
454 1277
349 108
952 698
270 2741
139 1022
817 1373
451 4097
958 924
857 3303
615 1730
242 86
610 79
38 3148
602 1408
906 1606
5 785
62 282
479 277
31 4982
766 856
742 3494
381 2278
80 1818
857 2129
244 1078
703 3695
520 65
971 4401
116 110
330 4350
813 334
442 3189
676 4875
749 311
717 182
497 1027
840 1083
474 1807
387 304
135 3118
189 4481
745 1196
5 4687
888 4260
913 1300
357 379
424 4041
176 2930
672 1457
340 3472
640 139
838 3486
792 3459
426 3729
100 4713
311 2675
733 2273
158 866
31 1850
382 3535
612 4287
538 1785
696 1473
377 1496
555 2563
270 4034
674 4100
638 3809
14 1304
277 2283
291 2439
145 2224
955 1925
76 3136
584 1681
358 1859
974 2670
682 4223
406 1373
396 1789
948 65
10 3028
98 305
624 3924
619 577
297 4413
969 1410
213 206
183 2541
845 2406
888 3020
17 4398
877 4426
763 3285
691 2077
226 299
699 2315
96 606
249 834
931 1768
429 1015
760 1183
333 304
219 3044
977 3074
489 524
805 460
318 1322
211 169
471 4091
94 2866
89 1753
248 2666
192 3745
581 4336
882 2444
862 464
529 481
159 1171
452 1882
305 3979
766 3115
153 3247
998 4494
447 4509
189 4466
40 1539
979 3047
924 2580
531 3003
376 4242
378 2409
29 2718
340 2428
112 1338
903 1728
552 1375
110 2154
323 695
423 4619
937 1773
781 601
15 552
15 733
102 3588
888 4006
858 2440
325 4189
59 2449
825 2143
143 4677
916 4671
277 4433
872 2321
243 2460
619 447
914 1977
816 4376
37 1889
830 4476
878 1743
743 1434
9 946
218 530
351 4799
665 1635
452 3580
428 310
688 622
644 1000
18 2724
489 2084
145 2218
29 1319
233 1055
654 2179
692 2159
872 2197
407 1649
17 2607
209 4978
955 1494
871 848
902 2429
282 2352
507 640
631 2561
825 4225
454 4335
292 327
100 568
185 4386
753 2306
860 1513
443 2980
394 3228
105 3472
271 1370
240 2112
210 1700
90 2502
340 40
722 4458
940 2511
193 832
341 2807
876 4175
478 1234
732 2706
786 1829
285 3179
310 4322
559 3668
638 2798
160 2596
584 1372
848 1656
567 232
683 303
625 2045
779 4085
745 4887
699 617
110 4337
245 4007
418 4521
917 2374
796 1055
524 4355
807 2250
950 4629
16 4347
764 4927
132 424
907 1105
840 698
563 654
775 808
704 4583
255 3705
628 4967
172 749
324 4878
452 4069
287 615
162 4975
674 1953
795 3467
159 2489
107 3065
976 1646
193 4993
657 556
999 1096
492 4882
723 1362
370 2588
121 1482
313 1698
719 3404
144 4007
687 4140
997 2090
680 2988
7 1280
381 2770
989 4288
541 975
717 4942
745 4993
957 3497
281 3322
918 1037
856 4703
52 194
147 706
39 3323
478 873
229 4663
423 2572
278 2828
257 1579
111 2871
10 574
800 308
758 2682
941 3701
682 2555
184 4139
737 4964
285 2446
50 4601
677 3643
448 2590
444 1657
377 1477
412 4603
503 4644
31 1985
987 4428
672 4095
845 1516
467 2948
212 2716
313 4708
484 2074
597 1695
339 2144
881 584
876 4004
10 4047
413 4902
87 2943
896 1110
558 2296
549 2644
31 438
94 389
64 4984
337 4005
863 1634
42 3352
19 4012
735 3503
123 705
562 3409
765 3001
579 624
689 4975
675 1664
739 4339
9 2683
125 4545
489 2063
114 3144
344 2974
404 4020
594 838
719 4053
92 1015
404 2262
251 4575
847 2263
699 2425
9 3515
440 3218
150 1954
160 1475
64 2912
831 778
507 764
578 4160
423 2579
676 1852
449 658
780 3023
194 871
797 3094
967 2337
997 979
839 1379
727 924
656 270
961 67
914 212
446 3132
730 2941
853 4242
545 533
833 1610
18 3892
351 1991
551 4917
714 4148
853 3984
530 1765
508 1984
17 1287
712 2181
325 2211
18 1651
441 2359
975 4426
107 1468
328 4476
471 3849
409 4418
827 1607
715 1239
569 2795
522 819
289 991
398 377
252 4458
950 2281
498 2667
681 2311
493 4994
963 4907
571 3679
94 807
848 136
198 2836
410 1223
860 1461
395 2930
572 834
202 1370
423 854
858 117
594 3530
570 188
541 2336
635 1629
653 4008
998 3305
114 2942
731 3263
314 4682
123 4936
108 2959
471 1025
901 3589
214 397
487 3120
427 240
629 4702
148 2645
728 516
324 1504
877 2362
442 76
709 4170
537 2567
619 3325
694 3921
98 406
653 3489
820 2077
428 3208
628 2221
205 860
925 1335
608 1022
113 3349
711 1092
483 4184
601 2712
725 1962
744 3071
459 1660
315 4634
70 1177
917 97
938 4161
252 1763
520 1575
82 2064
525 2268
855 3255
232 1042
893 1456
120 1050
938 2291
500 2718
362 3575
225 4751
75 2180
616 4128
831 2385
726 817
558 1671
250 4534
593 1364
882 2629
680 4921
910 1787
436 548
467 3464
390 1719
697 1206
694 1119
262 1438
997 4494
497 4812
732 1
744 854
930 1651
794 1552
42 4384
517 2955
219 1659
266 4913
790 1128
116 3882
595 1539
533 1595
101 2615
608 4146
865 1680
600 1547
595 770
176 2606
833 1903
945 4695
494 2909
591 1140
728 805
468 563
402 3381
259 3817
75 2831
30 2300
941 920
785 1586
584 1138
453 3599
276 3931
862 1235
906 739
725 898
76 4986
439 1026
648 1175
524 1993
665 194
977 4780
885 2963
166 1545
576 2537
889 3006
472 3509
937 1111
232 2908
227 421
21 4176
177 3513
676 2935
990 2741
641 1114
731 3059
561 2567
101 1396
778 1728
380 450
365 2682
734 422
843 3423
50 1460
733 2285
54 3626
531 1061
970 2653
598 4676
994 3643
205 4845
848 1610
412 2981
943 1655
752 2781
169 3248
613 908
426 3899
16 3346
802 260
285 2718
535 884
130 1058
249 2956
322 3002
909 2038
540 2944
699 1372
201 4258
695 2823
385 1322
803 522
503 4790
476 3692
72 3446
537 3537
568 4736
95 1538
460 1943
991 2840
793 4951
366 4533
780 2403
52 731
608 4288
22 1947
84 1136
660 3264
394 4288
748 1217
329 4233
789 4675
628 3586
981 1028
393 3573
107 1944
490 3854
645 3488
719 151
676 3007
738 894
227 131
962 2829
67 3066
361 2858
530 250
101 469
320 1928
555 2973
689 3290
455 10
861 1325
718 2500
675 4032
900 3651
265 1046
94 4733
742 584
945 187
825 921
281 4708
919 512
764 4489
665 3274
804 1663
339 4709
760 576
750 3390
75 2931
559 2235
300 2471
893 1346
476 1396
759 4409
91 4162
420 3420
404 3167
322 4898
164 1053
472 552
287 3898
75 1452
763 3175
989 2843
499 4761
281 3228
637 555
376 4930
980 1002
55 1294
455 3192
190 2371
329 4266
123 3472
31 2154
85 794
868 1213
906 4903
288 3821
74 3444
245 3617
177 1256
937 1528
8 2070
887 4146
821 3223
790 999
38 2134
408 3565
730 1898
36 2766
457 1376
588 1024
495 286
504 4884
677 4489
193 3832
767 96
927 4333
495 4071
220 3713
721 701
734 2310
173 1470
953 401
832 3009
195 2780
51 1971
6 3924
562 466
929 147
70 4203
480 2192
332 2173
215 4826
20 3972
203 2121
3 4015
281 4021
385 3666
141 4796
532 2876
300 881
163 1906
50 504
596 4594
205 3051
870 57
752 1207
87 1670
658 128
816 2797
580 2665
924 4549
726 3628
68 3426
747 1088
342 4331
784 2582
330 3493
753 3588
731 2486
916 362
636 2635
843 3736
81 2427
151 4397
289 4274
736 529
731 231
702 2084
70 1806
195 245
311 3039
438 3180
310 524
89 184
625 999
756 2410
392 2050
57 3576
712 3629
542 99
977 4020
710 4009
496 3926
671 1476
829 3511
837 2481
69 1294
278 1834
457 1384
396 1829
702 4883
311 4266
235 3068
280 3992
670 467
679 1393
759 4409
126 2754
115 3024
515 2284
499 3651
42 118
194 3474
744 2296
946 272
122 1345
280 588
220 122
956 2155
874 1553
938 1181
875 1216
931 715
256 2419
197 863
281 2885
630 3285
281 195
901 4234
797 2031
666 1860
305 3382
73 570
3 2883
523 775
30 1346
100 555
920 1022
374 2418
669 4540
165 2131
906 3885
497 4346
450 160
887 1343
340 262
144 3116
859 3124
808 2283
365 4508
504 4574
156 3116
717 949
544 3749
207 3028
580 525
387 2394
852 358
185 2075
317 510
662 3703
461 2093
612 1073
119 3049
85 2113
648 3373
683 4138
325 1541
548 4380
355 2612
670 1683
613 2447
999 934
465 1216
720 2809
603 1395
276 1852
881 1812
310 4802
829 3687
32 3459
254 2662
805 4170
16 4415
809 911
671 4196
931 822
40 3537
130 1086
328 2345
724 2795
307 2561
184 445
742 4995
830 47
557 1037
674 3777
239 3112
245 662
885 601
372 1142
278 427
55 4709
662 739
210 651
202 1307
168 3370
733 2336
723 3323
718 3163
341 1009
568 1227
962 395
649 3442
804 143
348 252
221 2154
551 1539
337 3425
517 3894
722 3027
773 2701
729 1596
249 3574
172 1084
945 2299
554 4590
909 1674
440 2594
254 3316
624 1907
821 686
869 2122
866 1155
425 3057
407 3872
39 3720
931 4431
377 763
440 3189
578 1498
149 1692
821 528
668 737
181 3237
741 4758
91 124
849 2593
659 3534
896 4572
79 4629
372 2747
579 2481
899 2985
967 2398
25 3628
632 2116
828 3268
318 1262
126 704
264 188
758 4665
940 4969
263 1532
48 3814
128 2236
364 3821
386 3750
836 4942
78 1676
291 1142
900 4163
27 2059
653 1789
110 3633
370 4527
817 904
706 60
147 4731
600 3064
898 794
826 3093
214 1529
195 2538
764 4376
642 2999
437 1289
122 1235
861 3341
816 4590
660 4263
88 3743
152 1359
871 2839
729 4585
978 2403
379 2307
598 766
231 1738
894 2470
555 3174
761 2906
502 2953
353 4586
597 212
757 3191
384 3298
672 1110
165 3539
839 26
380 2411
119 3759
410 2256
637 1840
815 4399
812 2721
927 3792
250 4710
445 1245
595 3834
275 4151
493 3705
699 817
98 55
993 779
482 750
526 81
670 2219
159 705
446 3241
148 3369
875 4830
74 446
870 4081
362 4990
799 1898
471 4815
175 4882
715 613
167 3871
523 1888
670 4801
559 1011
999 2528
667 3663
753 2435
464 4262
229 738
131 1001
75 2101
341 2946
270 4811
938 1986
459 884
202 124
982 4503
19 2433
997 4613
565 786
699 3956
981 3145
862 4526
530 808
977 4215
875 615
163 1546
943 3403
190 1844
123 3434
377 4647
744 3552
863 3016
74 4805
38 1138
986 4517
136 2473
909 695
989 2384
699 4158
448 4972
792 2155
5 318
255 1600
329 3621
730 702
890 3097
995 4281
211 2297
711 991
961 4574
501 4204
249 3638
731 4145
615 2531
441 1152
152 1777
956 2602
890 4907
301 1233
582 574
383 335
901 2348
949 565
528 2467
289 1556
703 1411
606 3136
875 3676
199 3559
235 2365
342 4703
827 1574
30 3877
104 3216
825 1063
598 4399
251 1923
82 4735
197 4846
680 3644
947 4022
958 4080
158 1487
727 4369
650 2434
586 2057
529 1778
224 4956
207 1141
577 1325
732 2681
391 3297
957 2548
754 3194
747 35
810 1894
234 2068
960 4070
419 1603
934 55
11 3881
858 3060
818 1169
839 2578
437 2257
724 3834
589 2079
203 1603
205 857
515 1478
703 2092
87 4696
448 2206
525 1579
247 4604
967 1765
387 3220
309 2840
682 1196
249 2264
330 1442
706 2768
188 1665
745 4341
852 2107
575 1106
666 753
478 754
788 476
699 2561
138 3368
546 2764
992 924
554 556
184 2475
77 2310
901 2502
753 2318
25 4792
202 2672
832 1360
125 1238
99 1635
207 3837
798 215
308 2623
770 3825
504 3266
236 896
25 2384
668 4143
123 2493
279 1479
35 4916
21 2515
701 2563
771 2458
198 4810
66 1705
362 952
607 3942
399 2029
761 3102
664 3833
742 432
275 660
558 1407
307 3340
70 3060
79 291
959 4946
833 582
372 4176
217 4694
744 4691
807 4043
469 1153
612 2612
670 839
218 560
206 1548
735 2313
199 3123
318 2675
348 3757
166 4929
55 3141
673 2697
492 4755
566 3291
891 737
871 4174
458 2137
588 1867
593 1613
166 4416
733 316
845 1158
302 3836
715 1691
8 83
646 3024
685 3629
634 4124
297 1681
29 296
45 2284
593 3290
590 1516
965 2098
19 4310
877 4263
538 1865
445 1483
331 1521
66 2674
11 1661
329 4240
770 2465
254 4544
717 1908
510 3109
502 3123
957 2861
55 4044
385 3097
867 3636
821 663
493 378
912 624
766 314
947 3106
307 1891
926 2895
157 4761
252 3636
440 2387
738 547
76 3870
404 3137
511 4752
488 473
281 1462
720 119
110 3279
333 1454
544 15
87 3986
506 4989
302 1831
110 221
628 4256
512 4663
384 2241
425 957
500 3702
277 1161
856 649
237 2557
814 3192
613 825
492 1844
903 4761
829 3203
911 644
807 2063
13 4902
510 677
623 2918
408 2479
780 1417
991 2442
241 3838
835 4297
703 4672
109 976
579 247
53 3850
781 1582
613 940
74 4423
667 3791
75 739
795 2042
524 1338
482 4069
845 2089
861 3599
363 1999
768 2841
296 3111
967 1801
695 4569
456 3392
298 1504
719 4549
412 606
233 263
559 612
130 4511
791 2002
751 3060
388 3717
668 1884
428 268
535 602
751 1570
635 346
418 679
134 1583
44 2847
708 3334
420 169
906 4856
201 3345
227 4052
584 447
110 1034
706 3270
630 185
915 2109
129 2179
220 161
289 819
266 2353
814 2646
197 281
442 1471
642 4216
92 1353
913 2163
574 2233
536 383
295 3097
974 4346
666 2679
368 4379
68 1892
904 413
354 3437
217 2016
465 3101
636 1248
316 2321
142 3852
545 1242
200 1832
996 1439
342 1596
331 4825
952 4987
224 1781
44 4061
114 2109
778 3445
957 47
206 1211
221 3996
658 3187
775 4179
713 460
856 1892
437 3883
620 3109
866 4277
464 3680
409 3920
400 4027
70 4491
963 1615
522 2889
218 4041
689 4594
932 4084
965 2058
620 1285
890 4737
834 4037
128 2009
214 1643
92 659
136 4704
351 1698
467 3657
990 1709
253 544
448 4522
209 3275
883 2766
853 2180
215 4014
716 647
281 3601
293 2623
537 508
498 3826
133 2412
842 3128
476 4815
696 1672
60 4996
162 2682
188 4678
50 2494
835 3558
656 212
159 1838
502 1378
958 390
939 2978
817 2666
473 2640
844 2306
951 4120
671 3545
719 2846
352 3031
737 933
999 2719
638 4017
177 3514
598 3820
221 2090
323 3725
762 1615
643 2876
287 3189
626 3175
929 532
550 1841
465 4255
273 2645
467 1510
674 775
208 109
268 4412
597 58
934 2165
746 858
265 4632
532 76
110 223
915 3133
725 3759
68 3163
894 2809
801 4450
804 1789
244 1882
150 1594
431 4190
836 1943
384 1022
392 4062
981 3631
370 100
396 2822
618 2794
917 1256
954 14
142 3029
186 3547
855 1032
826 4044
819 2481
267 285
581 2028
639 3179
336 4775
532 623
678 2911
613 4431
138 420
697 4973
902 2200
26 1622
774 260
911 2396
155 4147
731 3116
321 2525
611 2393
865 558
164 4151
743 92
75 3713
725 1076
859 2747
479 2558
338 4536
317 2620
716 4614
420 455
159 1285
645 4883
133 3716
644 4942
414 412
75 4420
403 4539
709 278
867 1266
363 94
674 2871
18 1628
534 1620
186 3445
736 966
129 2455
65 4847
86 3790
322 4676
406 2122
778 360
483 4262
556 4495
88 3635
175 2916
527 1931
204 2284
659 87
331 2304
134 4377
95 3063
771 1322
125 4257
13 2902
553 1997
255 1867
57 2372
346 2901
328 4644
234 1237
300 2006
513 4909
912 1576
410 4790
203 4900
127 530
447 1999
268 4954
651 91
898 4594
578 862
797 2576
946 1176
406 2808
261 481
242 35
219 3297
25 1875
766 1277
176 1497
845 2721
199 4911
682 3400
667 1718
556 566
205 2594
317 2271
994 3937
85 4613
41 511
653 3166
336 4277
245 2235
664 741
871 1979
380 4832
954 3669
789 2505
631 466
305 4383
383 4561
767 4814
451 872
93 1046
59 4170
403 4235
808 4139
733 916
689 4998
60 2940
138 3928
630 2124
816 1058
162 3550
359 4355
404 1851
452 4412
47 4575
435 3330
638 3184
562 2687
282 99
556 1793
840 4198
936 3513
223 2327
783 2182
518 3659
545 3200
820 1744
880 1573
70 540
380 4879
285 1140
357 2812
350 4030
180 3604
240 1391
907 4391
929 133
472 3829
273 1750
22 2396
189 3999
548 1173
909 974
252 2615
167 169
413 2010
482 1885
906 4566
539 2992
841 2402
12 111
868 2965
456 4857
147 2464
320 2705
64 4626
946 128
402 4579
164 344
730 937
445 2691
937 4494
396 3306
529 2296
455 1863
895 1984
630 4547
31 4083
942 3432
96 3108
430 4457
132 3240
861 444
569 33
210 3743
779 1156
74 1880
735 3506
509 3724
738 2538
290 865
400 3902
823 4876
533 4658
721 3284
287 2408
74 2084
666 4175
310 1805
107 4023
301 4866
61 3422
797 2458
944 1447
349 642
973 1765
882 2864
987 932
749 3033
485 785
603 4132
449 4053
837 796
938 1670
422 2202
711 4797
63 777
938 593
950 840
883 115
610 1372
106 2456
545 2547
944 1043
18 546
255 4376
44 4280
781 1385
309 1553
877 2733
443 724
317 3500
55 172
2 117
525 4107
343 752
838 650
282 1084
814 2779
624 2546
14 1584
379 1999
26 3857
651 862
668 2329
570 3836
808 1305
742 611
950 1812
971 2080
859 1849
343 2517
552 917
308 1415
361 2302
953 4633
415 4089
337 567
783 2109
387 2307
505 4086
233 4220
994 4451
329 922
778 2696
791 2580
943 3380
376 986
168 2660
224 4515
546 1750
517 1496
255 4119
898 3815
346 990
414 3465
228 1151
674 4948
259 3433
310 2746
925 1176
644 2648
809 4707
404 1800
278 4799
415 503
394 1755
780 4280
853 3546
253 607
235 1572
818 854
662 3132
742 3436
257 771
29 1217
774 1892
69 1556
217 959
986 469
819 3767
39 3211
88 3699
788 1703
297 376
171 1095
499 3981
153 3292
158 1590
251 1157
607 1562
183 57
646 1373
607 2160
504 2734
18 4523
790 1058
482 4992
524 168
543 2143
620 67
538 4424
585 1523
907 475
724 2076
996 1941
10 21
827 3994
811 2906
204 3197
717 4282
292 3186
255 4994
727 3325
551 2073
268 2968
85 2858
716 3105
957 4861
926 2505
296 3382
718 2262
963 1780
193 2282
879 787
219 2522
952 4850
185 1024
623 1662
927 3738
584 110
75 2960
372 621
72 2634
719 4531
4 4080
403 652
282 2711
187 1999
89 467
297 2424
604 2175
730 2743
360 3743
188 1615
529 63
591 1135
900 2257
153 4004
198 4579
320 662
508 1246
340 3086
433 3001
873 2599
692 1044
570 2866
663 4477
681 3559
377 3270
544 939
573 1477
988 3077
264 4642
108 4536
983 853
518 2092
999 3294
291 957
322 954
390 970
401 909
128 1880
989 2003
679 3372
669 2949
747 4780
155 1810
799 687
158 3964
678 976
961 319
411 1183
843 733
128 3336
814 3172
864 1803
800 2022
541 994
997 4713
875 4069
74 2885
443 2809
371 3008
33 4405
694 1581
598 3908
150 769
455 4007
10 2853
388 4960
939 3767
905 791
649 3640
656 3496
935 3703
502 4491
210 4125
282 171
670 1135
297 4992
41 55
20 1213
494 3299
584 282
459 701
245 2387
683 625
408 4319
173 2722
330 4499
579 541
598 3412
628 1429
911 2952
379 4485
191 2006
254 4457
321 1242
111 4414
128 4666
334 1205
525 4347
901 2644
158 1260
131 3932
705 2418
106 3556
149 2786
233 3485
386 1170
306 2772
500 1617
149 2155
300 3163
259 1905
22 3166
188 3181
228 1047
458 4407
513 357
931 4231
231 885
59 1011
554 980
927 3701
531 2393
724 1115
470 4264
598 2062
101 328
873 2812
954 2798
452 2206
352 3447
504 3330
27 4411
325 3817
523 4260
150 1234
918 3939
440 1710
411 3051
191 578
471 2060
9 537
108 4673
673 55
965 3691
30 2503
899 340
905 1421
419 1412
602 2764
254 4480
795 1202
928 1446
268 2207
25 3354
517 1282
519 4628
847 140
57 495
900 2243
926 3739
714 2416
812 4637
460 1097
522 42
817 2624
518 4831
299 2890
279 2212
313 768
77 141
974 3882
860 3072
159 3111
157 1553
865 2423
709 3480
49 4345
148 538
33 1533
6 932
610 1235
869 2252
613 1450
782 3256
129 266
744 2268
888 730
224 3304
353 4307
959 1607
736 2915
762 1754
593 1635
441 547
9 1497
761 2010
381 1031
459 156
505 1498
418 1999
435 2284
144 1231
245 1066
498 3788
246 1503
623 362
945 2927
494 511
76 741
333 152
75 4413
162 2837
363 2147
318 888
695 546
645 331
679 510
455 4407
428 3251
466 93
181 307
342 632
613 852
759 1233
394 543
415 4026
975 4394
338 524
251 1071
648 3273
184 3211
686 3914
405 1936
972 651
829 4699
89 2314
38 3623
507 4891
810 4544
23 4047
521 1553
807 4200
213 807
895 2807
101 2123
127 126
867 1468
645 2815
934 2203
872 1459
960 3645
789 139
985 4292
974 1899
890 3214
390 1849
411 3468
214 3115
126 3708
315 1670
257 4840
494 4392
336 3645
266 871
401 941
506 1439
502 2630
640 144
598 4745
879 3182
749 659
842 4768
215 4567
163 2673
809 1866
85 2338
128 1309
658 4293
776 367
366 508
70 1024
818 3032
494 831
186 1954
350 3702
30 4734
273 4737
893 2050
941 4674
894 4372
238 4991
165 2610
521 3426
357 4599
433 368
456 3204
253 4444
336 4621
264 1545
801 2960
640 11
684 4026
712 1478
886 3825
334 4709
879 1059
741 973
740 2174
380 3152
621 3125
725 2450
760 978
559 3535
4 406
853 2659
375 2034
932 2865
992 1642
601 2453
509 2989
697 377
111 4358
831 3515
361 3014
105 4741
125 4640
547 4941
670 179
547 2179
527 3235
939 2062
691 2449
635 3814
979 4518
524 3691
395 4668
118 2597
189 1990
371 162
924 763
337 2923
842 542
188 695
531 2953
57 479
552 549
572 4464
885 2539
908 2996
859 1007
626 2514
535 344
797 2545
457 577
801 2256
909 43
11 1826
566 2425
22 4394
382 3418
170 4483
783 2899
480 4515
493 3754
991 1835
418 3988
370 2376
377 1560
871 3437
803 3378
521 3759
573 544
119 3944
384 1280
699 1661
743 1769
204 240
876 4141
765 38
420 2198
228 4649
455 1277
892 1072
385 1148
539 4626
932 3302
740 1959
283 2426
421 3943
680 2284
754 824
423 3131
777 148
704 1652
997 1217
681 4853
667 3808
770 2171
840 4695
896 2477
529 271
314 3198
553 3798
639 3551
790 198
894 75
140 148
404 1282
961 4849
922 1926
919 2357
700 4521
949 4039
972 4893
222 566
68 2433
809 68
655 2739
528 4526
545 3673
337 3189
179 367
391 1671
672 1348
722 3975
290 109
619 2161
318 4601
657 1359
35 627
399 790
63 3098
804 473
611 4364
705 142
778 4175
470 4060
30 3615
869 2715
218 756
262 4044
809 872
321 2573
310 2013
311 3670
105 837
618 1742
345 1768
784 4959
932 1801
349 4822
937 753
589 3420
831 1411
934 4912
555 983
124 2522
541 3952
114 1889
52 2797
440 166
926 4219
591 2287
712 1809
119 4853
868 1203
210 4694
510 1680
279 4516
614 692
768 4164
369 2223
108 2216
720 1251
333 4950
200 698
203 2398
928 542
31 3927
398 239
241 2211
762 353
738 4879
105 2587
763 4780
404 3457
621 2105
358 546
990 4646
994 2507
954 4042
946 939
544 2734
33 1741
473 336
850 3881
468 2138
271 4867
21 1912
27 4922
161 3941
592 1986
731 1590
978 3787
275 4101
777 2391
546 2527
75 1384
335 2727
616 2520
109 3617
116 287
586 4864
913 4009
809 849
291 1205
49 1253
610 1583
581 2643
507 1535
914 4332
951 104
732 1877
242 2129
624 152
477 3464
995 3859
181 466
506 2727
938 3804
728 522
441 4645
124 1318
906 1417
408 3721
635 464
939 1323
747 2676
431 3626
175 4687
644 2977
169 1507
676 2500
324 4073
244 3598
921 1626
457 1524
845 2289
673 216
217 4367
870 1262
113 3340
310 1186
229 2893
806 2424
179 1921
978 2690
26 947
390 702
121 4884
353 2582
694 861
213 390
584 113
520 3617
918 2777
798 12
461 3534
988 849
629 19
470 342
564 4055
378 2132
658 2776
915 784
852 3091
800 1733
906 773
330 4064
489 3277
241 651
457 1007
80 2763
951 2995
588 1425
132 3788
233 3316
636 650
373 4206
449 1696
843 3843
558 2470
721 4333
140 1848
546 1723
872 4238
829 637
746 2282
84 3313
872 3677
486 2073
849 2050
422 2883
891 3752
122 2696
493 2885
596 29
405 4502
84 4541
868 4768
252 4493
333 1330
99 471
754 425
395 936
495 4763
171 2962
20 2652
965 1458
807 4811
337 378
48 3686
944 3080
83 4314
850 1710
386 4612
897 2904
777 531
635 3937
928 4604
324 2543
164 565
841 2498
286 1618
535 2401
986 1755
66 3397
385 3395
542 3211
816 2442
450 3646
935 1588
47 3963
35 2945
549 1644
700 4179
407 174
39 3443
642 4779
709 2740
882 360
35 1030
413 1888
232 772
342 919
586 2855
148 111
682 369
568 1503
595 1026
538 3319
518 2783
292 2501
521 1766
597 444
883 3459
512 1872
730 4686
203 1867
158 1402
585 538
963 4608
376 1552
691 4682
435 43
241 1632
889 4506
759 719
172 213
769 661
427 4253
96 1686
520 639
328 50
659 1238
482 1340
398 2566
2 4309
446 3266
666 679
744 3542
926 4042
890 342
406 2499
166 1981
7 3496
987 3951
298 3381
179 1912
779 4578
245 3786
292 1642
901 2218
623 670
799 2115
440 3376
240 2059
17 4769
829 617
123 659
698 1261
35 3447
53 240
123 3280
240 1216
749 2422
722 2285
620 1541
166 591
459 2059
458 3269
235 1158
482 2535
826 4379
579 4397
126 3960
184 3550
326 3067
713 1874
818 4232
431 3264
958 4751
433 2881
554 3444
905 3115
325 3133
968 480
181 3287
574 1508
9 4922
75 1474
616 1096
697 3119
967 3835
639 2605
735 2796
800 4529
948 1252
138 3478
767 230
423 2840
437 1787
535 2154
742 2613
732 1865
591 549
957 3806
680 1902
708 1000
126 407
384 1719
514 4052
555 4314
385 3309
69 1786
530 4310
783 2493
307 3149
1 2453
452 632
277 486
50 2300
105 651
414 4535
873 113
324 679
667 2434
932 1792
857 1324
756 267
738 4015
283 385
346 3643
456 524
685 191
721 2014
784 3971
997 1752
624 3432
370 653
792 4666
599 1604
576 1805
508 1633
505 2093
13 4924
914 4356
939 2217
534 4144
218 4983
195 1355
196 1025
53 1969
789 3528
449 2757
53 2534
586 3396
881 1957
839 1352
482 4598
475 4983
52 3858
52 2002
113 4509
941 566
116 1246
84 2526
174 2744
588 2367
804 2316
988 2538
550 3660
30 2806
33 922
185 1116
623 1303
104 4105
778 1220
32 2559
365 1021
398 1172
659 2617
727 4690
357 1971
134 1165
520 636
585 1368
709 2191
196 4056
344 4163
869 3152
865 1485
246 2947
670 2235
23 1229
255 4570
265 1995
656 4632
620 374
867 611
146 3075
195 281
113 2686
810 3365
197 3931
84 1873
859 4388
570 3334
767 150
688 3822
136 3963
343 3162
143 4601
156 3900
19 1850
527 2391
8 1458
253 4713
275 2980
454 3240
815 4598
951 4051
700 400
849 300
403 81
905 3844
539 553
14 23
622 4080
550 892
181 3878
513 1103
640 3665
236 3087
479 3675
152 2807
292 4193
401 2369
598 2708
351 4286
320 1380
808 1992
520 2896
643 1680
184 4231
534 1336
777 4803
650 2427
731 3592
282 3328
533 4561
696 4475
571 228
768 4059
747 65
667 2261
664 647
349 1127
895 655
974 3246
541 2031
501 4825
119 2024
57 4620
895 3464
574 533
846 776
998 1722
141 2855
278 4850
234 1758
445 719
122 234
608 3707
897 854
208 4488
347 1622
858 2022
943 3349
438 1944
183 3591
433 3919
529 2864
27 3118
824 4459
802 277
604 1131
797 3518
318 798
657 1651
573 1805
264 2750
732 3286
877 2111
265 2186
89 3129
96 4503
273 4117
638 3727
582 1670
750 3839
668 3708
888 2345
851 673
764 4690
329 1879
795 469
518 1792
583 2110
958 692
230 3640
659 3791
259 1791
592 3112
333 263
103 4723
686 1963
396 3447
685 3743
776 2865
317 3919
175 3735
508 1037
826 910
436 4534
734 1133
741 1526
555 960
889 168
517 2822
615 1791
263 3803
353 3168
331 1383
678 21
339 2533
720 4075
387 2252
871 2293
453 689
948 1719
307 3091
287 884
313 3774
785 3401
177 2529
651 2975
748 1320
285 4837
864 4659
760 811
12 572
309 3520
446 2181
4 2141
837 4416
654 4160
16 341
898 4242
933 2440
276 1609
122 32
257 775
752 3801
900 3945
451 1859
669 2290
27 497
293 1365
310 1858
11 4366
76 2267
34 657
730 2539
240 4409
704 1094
408 3155
426 1435
193 4856
370 2302
214 3287
788 4999
124 4496
273 4145
62 3738
997 2324
532 4511
426 3947
392 4602
314 4942
984 1552
688 2305
207 1804
808 4067
684 1233
403 2816
161 1252
148 2040
213 3951
101 3142
770 4944
107 4553
800 3720
213 2270
792 204
937 2549
794 303
183 2440
952 2678
405 39
489 4698
985 3286
351 4346
762 749
432 1359
863 4327
225 4974
70 123
806 2001
999 1942
651 2550
870 1024
935 1366
893 1707
740 1368
47 4855
16 3028
630 3352
431 1776
782 1726
558 2102
448 3316
697 1844
840 2369
70 91
343 4491
512 3208
754 1439
70 4782
344 2546
313 354
816 4555
17 69
417 1366
57 3286
673 3403
446 1070
670 3901
924 3722
80 2332
945 3940
861 4083
792 442
339 1154
463 310
778 3685
769 1988
311 1124
493 15
555 4737
421 317
473 3077
56 4654
299 3523
769 3217
158 1931
766 982
234 4608
321 4877
779 1242
546 758
898 4797
139 511
669 601
75 2938
250 1280
516 4371
112 3643
645 318
807 4149
40 3903
91 4030
477 1417
956 233
53 3488
241 4598
224 4942
1 4673
463 2930
72 2674
883 3284
712 3939
245 2898
45 1645
179 1407
960 3627
241 622
69 677
950 1731
117 4310
867 4131
717 2294
927 735
613 818
718 2949
842 3447
549 55
380 122
496 578
201 387
916 2959
928 2981
109 3902
574 144
57 2878
285 1952
667 3782
712 747
978 2832
440 950
359 4808
698 2073
482 338
871 2646
621 3033
386 3582
639 3384
838 1884
867 1629
509 1176
799 3769
242 565
334 2122
41 148
750 3569
665 3047
538 1460
528 1478
793 1029
159 1686
933 4001
354 3781
21 2850
394 607
371 3925
771 4404
399 4005
790 3031
763 590
512 2041
380 4122
696 836
583 2080
589 3584
122 1856
566 594
551 1337
736 104
557 3691
236 3694
366 3677
903 1340
321 2368
840 4933
898 346
581 138
253 2708
358 4525
63 3204
840 3551
637 2484
3 834
955 4313
637 1391
382 4725
965 881
651 125
153 1200
974 476
776 3744
43 1006
824 2335
144 910
826 3251
73 2593
465 3833
979 4464
151 4343
273 786
512 475
819 175
868 4201
737 4270
305 4145
285 2864
799 2279
854 1435
162 4705
22 1064
692 869
301 2381
16 1696
83 2460
32 1768
98 4082
696 251
353 209
649 4549
307 2711
319 4798
958 204
244 3418
636 4832
354 3255
205 2459
540 4755
667 3914
622 2491
941 665
216 989
381 4355
416 1727
722 3580
789 4021
454 2800
316 3855
161 3513
71 4161
508 61
441 4530
895 1141
611 3701
788 1967
298 3074
545 3869
726 294
242 813
597 567
589 1807
510 2290
396 2833
615 533
62 1638
368 436
774 2682
109 3184
403 4984
200 4675
119 2605
764 3542
304 1138
707 268
873 2662
873 3660
386 3642
118 2610
820 291
816 2630
662 2419
527 2548
451 2376
352 2179
985 1795
651 3230
228 2707
748 3646
385 1856
605 1086
395 3768
579 3021
673 2429
317 2895
638 3469
816 2132
472 456
221 3248
234 2942
153 2394
138 2279
620 517
971 2929
667 4426
780 3797
102 1508
991 2394
939 3306
523 632
161 3288
715 4311
926 1967
316 2838
129 2304
795 3180
848 4557
829 4650
756 4728
565 4807
16 1922
249 3579
453 2590
501 44
289 2411
263 1060
660 2518
321 3001
986 1221
187 108
979 1181
14 2298
422 4269
426 1910
465 3840
992 4749
803 3999
665 265
459 4037
38 4167
678 4521
965 1584
685 4439
90 2363
596 3896
603 106
220 3165
492 1801
458 1184
897 4034
749 1988
575 1652
164 3584
139 3239
502 4135
264 3497
617 1179
654 3252
892 1429
573 1638
828 3135
326 736
467 2082
763 2248
228 4896
563 4023
320 2148
887 3275
644 4829
847 2637
488 2183
717 4604
330 2105
704 289
457 4983
411 3305
819 986
588 3959
456 1284
309 679
188 1605
494 1035
288 3048
81 1626
434 3838
597 2588
928 50
988 3455
745 1483
965 4686
317 1190
867 3301
352 2545
899 1734
571 4937
666 4886
682 1437
956 3888
719 4361
134 3713
254 4356
854 587
495 3857
798 1619
959 3090
812 1139
655 3369
397 3696
259 2093
853 77
548 987
896 3734
279 338
325 1333
372 3525
965 1417
296 4309
497 2178
36 1893
857 3303
611 1645
910 224
759 4303
145 3196
205 133
673 4660
884 4953
721 14
906 3563
615 2187
488 622
207 2217
49 1027
990 266
118 2037
463 891
389 1332
993 4814
222 619
159 1512
324 3713
55 4140
378 2419
436 1174
436 3880
332 200
537 4100
530 2521
992 4262
29 2281
768 2170
215 3247
222 1871
551 1899
338 98
648 4708
274 3874
352 3779
294 3218
113 3246
83 130
843 2774
873 2213
104 1634
557 4108
903 4241
663 1994
770 459
508 4807
136 1993
285 1598
235 4729
783 3950
314 4595
369 2268
697 3207
897 2439
405 4668
783 515
192 1090
760 727
779 1754
949 207
958 4032
641 4731
242 4856
590 4726
200 814
977 391
647 3956
626 3115
723 1680
453 3705
400 3691
923 2797
835 2835
322 1574
185 2658
304 696
845 4997
788 4603
719 590
790 2866
576 4907
114 4300
463 1588
161 4862
559 3753
671 2232
374 2242
998 3323
599 3812
842 1274
345 2155
467 334
910 1274
110 903
582 4365
52 1098
753 4896
785 3950
216 4453
590 1334
621 4578
488 378
174 4544
127 1358
990 4078
688 49
76 3556
347 239
338 248
413 520
559 4052
912 3215
293 4078
606 3620
140 1334
650 346
973 1196
823 2929
824 832
598 3805
751 4823
996 4757
545 1997
682 4109
664 3894
507 61
210 4283
130 3544
540 3107
938 2117
818 544
955 1194
744 2686
252 892
229 263
299 872
570 2049
255 3797
872 4846
23 2183
663 1420
911 126
432 3059
242 1221
284 1161
683 2652
538 2689
243 4462
709 2976
463 3923
412 711
471 1695
192 3580
943 3209
569 4128
2 1806
458 2098
434 2539
784 2651
361 1390
743 2480
267 3622
701 2907
898 1206
164 330
624 1743
685 3223
105 1483
352 2838
263 4442
341 2210
579 3624
822 2840
291 3973
50 3291
670 3316
244 1774
169 4309
593 2621
422 2891
470 3013
192 2654
664 3911
793 3554
386 289
980 1839
3 3348
907 4983
469 1095
1 2195
366 1843
49 3966
187 109
710 1160
624 4863
721 2396
170 2184
206 4146
254 4231
767 2110
390 1180
472 1784
547 4503
249 3354
766 4718
791 4629
229 4891
787 3012
540 1660
129 3799
610 114
10 1249
792 4283
715 339
885 2936
980 4655
517 1103
753 3149
733 3105
165 2969
241 2037
402 3291
78 1252
834 2830
288 3435
450 690
421 1277
193 1387
1000 4934
469 543
55 665
830 4851
454 4642
10 3263
378 172
975 2589
550 2261
116 2838
161 4613
480 3221
350 4203
857 3690
115 312
951 4808
683 4226
214 2184
372 290
327 3788
177 694
560 3700
57 3136
8 501
294 1077
980 629
95 3790
252 3256
174 3203
782 2550
859 1411
490 746
783 2846
293 3501
794 91
55 4313
782 4378
764 2327
362 3955
119 3769
360 1213
274 976
374 4424
631 503
89 2379
770 2302
173 3895
724 1073
550 4938
754 4686
595 237
964 3050
782 750
407 1533
277 2295
276 4265
812 2885
742 4007
192 2498
784 4571
133 2259
716 3235
410 539
381 3795
520 246
870 4108
486 895
336 2720
736 3234
440 1951
155 4707
799 2574
194 365
737 1611
813 4532
70 1954
228 1804
932 2203
320 2487
619 3962
403 1219
864 1829
379 817
298 2178
156 4247
768 30
275 3087
785 3463
99 3742
290 1747
547 2926
196 566
174 60
723 2136
17 4339
344 4453
681 111
312 2571
947 1051
851 1096
906 4724
629 1401
933 4931
553 2924
886 3231
569 2719
540 552
623 1902
713 2278
224 425
205 824
291 4500
601 1325
902 4230
677 4942
457 90
659 4033
345 2105
585 3960
895 1133
35 208
966 4183
47 347
721 3339
7 871
43 4055
338 1669
380 3335
627 3186
626 108
833 3945
830 2889
349 1287
811 1356
584 3077
435 2731
378 4890
186 388
676 2414
593 2315
495 4072
12 4001
594 2354
44 3903
432 1128
989 3511
255 3292
793 1523
475 4028
684 2964
505 1002
910 125
36 1547
316 581
219 4154
71 800
337 714
147 3663
668 2263
257 2603
127 4549
518 982
440 319
522 1074
74 18
42 2968
348 232
871 2203
552 3445
348 4418
109 261
155 3057
453 1452
409 4553
376 3701
341 2787
848 4420
134 353
819 1547
842 3038
124 2208
311 176
921 429
414 837
638 3912
99 2971
545 1313
550 3695
292 3639
101 4943
127 4570
920 1928
419 3122
819 401
888 3967
160 797
23 2951
978 2453
401 4843
91 4788
534 1746
543 3665
959 181
255 2921
949 2393
535 1346
23 888
488 1017
672 2697
391 3548
847 3155
604 4905
269 605
644 1654
131 3674
231 647
489 3453
90 747
319 1217
798 4934
928 4724
552 1625
66 4271
79 4758
736 1471
945 3164
657 1511
814 1513
670 3468
443 771
399 1648
633 4814
974 1888
299 1105
522 4806
716 4001
630 1223
110 1004
840 1485
660 559
266 3590
473 1137
692 1436
615 1045
560 3956
977 3140
669 3431
553 3881
237 379
227 403
895 1242
711 671
198 2482
99 4987
679 4684
383 1708
623 1566
424 4953
682 2689
126 4654
909 4955
733 1970
638 2270
439 3841
55 903
144 58
278 631
193 1034
263 918
479 1911
761 3939
393 742
277 2309
205 3326
419 1254
995 659
52 2059
496 2956
473 1133
436 3516
778 3610
284 2149
520 373
874 3409
332 4354
680 583
957 4387
897 412
542 2261
32 975
269 1891
342 84
262 1331
680 4370
294 156
279 3021
8 1766
207 452
347 162
48 1116
90 3918
64 2515
499 2986
399 894
65 349
185 2148
738 4641
104 1785
929 3835
959 1844
501 3940
880 3409
400 2819
143 4967
305 576
357 2475
339 1490
478 3748
204 3930
979 1013
622 1190
417 2854
249 1495
575 3074
679 1451
700 1827
967 4508
919 3442
19 4215
782 2367
665 4078
688 3039
878 1374
106 4848
942 3770
909 4055
278 3518
62 3283
178 1333
117 40
727 2132
911 4069
627 1996
309 4710
287 1516
227 4067
380 1244
393 1663
811 2275
789 2801
67 1354
806 1486
567 255
930 797
614 76
194 1474
754 3229
729 2316
65 1541
17 847
678 2105
398 1075
305 827
880 4843
987 1264
717 943
923 1219
405 3482
916 3312
421 1060
396 2010
804 697
918 2694
289 3080
449 2805
779 3981
207 3494
703 2767
752 4346
750 4011
748 222
852 312
908 1804
146 4745
506 610
933 3254
788 3185
717 1499
133 2879
367 2463
828 3286
683 2742
579 300
7 3264
793 1497
874 4376
888 4739
441 2830
256 2301
710 4037
754 883
980 4805
510 120
700 3082
502 3497
867 1443
729 760
234 1492
632 1729
61 3637
292 1504
140 1081
390 2233
733 3720
606 4670
536 117
205 2053
313 2664
179 4272
162 589
353 547
798 4707
560 1305
343 686
960 2527
137 1718
786 1359
133 2854
175 4239
271 2134
190 2696
536 49
794 1975
444 1079
642 1751
749 1932
431 157
175 1063
305 1003
978 1037
98 4198
467 939
602 1167
507 4431
98 3173
255 3704
409 4690
918 2465
777 2090
718 3827
211 4015
759 2192
831 4680
838 4728
965 1813
995 4415
591 1828
972 1773
580 3327
728 3253
79 1860
517 3655
429 3492
826 3486
451 2204
110 3331
854 2175
663 632
761 650
803 1333
115 1575
419 1534
614 1515
523 4475
800 1247
443 1159
694 75
305 1954
956 182
237 2815
943 2343
676 599
587 2688
221 2460
621 957
847 94
987 4073
641 3793
118 4826
40 53
583 848
245 2949
911 4226
348 4297
454 2729
350 1036
373 2722
696 823
323 4304
674 4044
676 2072
641 2459
869 3564
629 1841
818 4017
931 867
776 4657
893 3768
771 4497
301 437
25 2491
318 3262
757 4374
675 11
21 3609
373 1536
909 60
425 3245
458 4647
527 2612
543 2544
293 3054
163 4602
99 2342
193 537
948 3580
615 1495
643 2844
96 3329
427 1124
706 4354
910 81
768 3687
391 2891
921 2114
840 4932
543 3672
877 2149
417 4435
567 3817
513 1240
538 304
559 1226
407 1718
404 1565
706 4633
456 2996
869 3878
109 2667
740 269
554 2926
831 2968
409 320
315 576
496 3445
121 4688
996 1128
974 3408
33 2293
289 2828
35 585
24 730
473 645
723 2128
861 1648
775 4659
813 801
172 544
501 280
480 352
482 1670
290 2868
800 3689
23 4469
854 777
145 1694
885 950
955 3728
308 3759
535 2741
759 2636
160 4270
339 3645
432 3653
771 121
234 187
286 2112
961 3027
255 4385
536 405
540 1749
472 725
16 4698
13 1802
625 681
649 2687
371 2105
551 2972
243 1122
809 3006
932 2226
387 4331
453 2579
950 1191
345 2994
406 1442
853 4058
604 568
150 4215
541 2976
401 3404
721 1165
505 1118
797 1743
933 3838
929 883
991 3571
402 3383
838 2229
738 743
276 3691
235 4372
257 542
615 3631
990 1412
171 3602
763 679
456 3855
426 267
729 3511
577 4635
815 2052
660 2484
320 2064
984 1768
83 4940
978 4364
38 4953
622 1339
249 27
488 4210
824 760
919 1729
324 1246
172 1496
659 3370
224 2832
148 274
891 4997
4 1788
214 1299
579 341
298 3846
951 2339
126 2464
240 338
245 4111
259 1339
181 1725
855 4424
81 1342
779 4658
577 325
70 2548
509 2615
149 1869
837 46
513 2025
164 2664
47 2161
48 3710
150 2038
852 1677
924 3706
630 296
753 2184
945 2692
986 3478
100 4482
31 3922
177 2785
566 202
407 2
534 3379
320 4178
692 3163
620 3259
770 711
733 3411
867 3461
288 3556
80 4667
986 2426
943 4455
545 4152
230 108
375 2011
948 1852
131 4446
593 424
623 3444
728 2329
427 3673
660 3699
656 2
433 1613
830 2959
310 666
414 2144
898 4571
89 2238
348 4331
863 3558
217 2481
201 1250
209 4722
760 4359
755 2052
451 2255
205 2124
453 2824
828 4233
509 2388
434 734
92 551
691 1692
187 1516
887 414
426 4465
300 1275
289 4294
449 3584
587 1570
611 2083
758 85
963 2513
309 2159
934 2393
406 936
461 3662
173 2830
219 1449
903 835
809 293
655 228
133 4241
588 4434
662 3570
209 3845
610 3398
276 2364
80 3090
647 2558
439 4397
370 1541
37 4594
399 2277
265 1642
925 3913
625 2792
910 1127
748 4404
73 2911
970 296
64 4480
647 2038
875 987
588 1863
411 3766
917 2197
480 1602
396 499
812 4957
549 3784
662 2304
776 1672
143 4010
138 1290
816 236
12 2019
26 4131
266 3697
677 210
573 3345
82 4173
706 2810
761 4463
537 1112
499 4636
495 1746
401 672
516 1164
299 2206
406 4685
18 4689
620 4890
647 1095
307 233
17 4697
125 1487
195 1509
141 4883
939 3940
404 1041
37 3796
824 4680
374 975
831 2260
153 4106
832 1476
589 4679
850 2165
149 2315
963 2749
951 1473
275 3161
350 1933
918 968
624 3250
822 2254
632 4316
262 1802
213 3415
152 4728
417 3446
928 504
131 3957
527 2636
158 2032
889 4110
8 1489
55 1248
787 4653
78 250
311 2152
734 2256
150 437
52 1513
271 3471
336 2329
868 1259
95 1423
907 1275
66 2800
593 3604
637 2179
346 1297
434 1331
691 2526
556 1976
432 2166
428 2885
390 4166
631 1203
715 55
349 4294
448 3231
140 2539
590 1801
347 1920
190 4857
632 1643
495 3393
203 3114
68 4351
680 4386
308 1572
792 703
800 1974
240 27
129 3239
409 4383
111 268
815 2755
139 1175
427 2372
525 1382
833 4017
567 3258
98 2181
696 1160
442 3208
722 1891
531 1798
541 336
840 3678
737 864
771 884
160 4410
105 4304
457 4438
368 4300
927 1131
720 1282
784 3794
919 4180
167 2161
243 4858
938 4170
940 1248
580 2673
150 2253
180 2657
412 862
244 871
640 144
43 3645
524 1089
899 1393
485 3064
380 4732
754 576
191 1627
1 1353
500 4929
491 3319
789 395
539 4561
512 106
770 1187
201 2853
118 1349
854 2013
247 994
193 119
504 4522
346 3437
276 2832
962 4709
238 4108
433 216
944 2682
440 1861
373 2049
200 2940
343 214
681 2867
578 750
796 1596
303 4631
426 2021
194 816
26 2750
220 716
479 4263
290 1963
351 4728
660 1777
974 2727
614 3118
817 2109
402 2172
163 2761
541 1244
900 2972
806 793
581 4451
578 3930
949 3344
562 4749
46 4497
139 583
624 1744
101 3453
846 3457
925 4214
773 1999
628 1766
248 3696
693 1605
590 3068
115 4150
41 2530
840 4433
449 2178
623 1929
88 2860
835 4967
756 2376
397 2853
264 2948
251 3203
58 4442
683 4109
230 758
548 1019
482 228
526 4440
329 1032
237 1540
64 677
610 1082
372 791
953 3547
169 3488
828 3769
212 3551
558 4836
379 108
961 4848
535 3221
97 4205
361 1917
679 2150
642 959
311 1355
306 3159
83 4080
962 4450
5 2803
241 3553
648 4521
139 1802
328 3329
13 895
254 3560
50 229
445 2708
898 2765
815 257
382 3375
312 2151
581 170
834 4337
402 277
744 3743
291 3490
603 3366
316 2413
872 2835
370 4298
648 3251
960 1116
335 2942
645 646
581 2015
108 3398
376 438
123 3261
191 3727
108 2953
913 3792
288 3531
412 4694
895 441
503 3105
912 1269
705 4443
568 500
638 2397
451 192
801 2162
212 2094
453 4082
211 1625
179 2897
857 397
624 2261
774 3244
604 3051
564 1541
51 2947
754 4304
223 15
881 3124
165 2616
274 1633
356 369
207 4174
209 538
845 4044
837 2839
120 1753
333 1038
599 3398
937 4933
244 4481
478 1041
413 2660
285 1904
846 1372
489 3192
252 1491
892 2661
947 1110
899 2671
249 3832
533 2849
26 2709
905 3900
666 792
885 1082
141 3030
679 788
707 3168
864 3524
948 2221
596 667
64 749
771 4245
178 1671
531 2400
536 1596
76 1280
821 4234
794 3270
119 3426
631 4692
890 3722
439 4171
986 3796
170 805
189 4405
237 3819
607 1807
104 136
467 2864
714 357
873 3416
545 2299
683 3839
578 692
511 4045
639 2322
232 1679
116 1286
885 2385
105 4458
752 374
868 2775
615 4018
772 1961
791 689
222 2110
84 4901
444 2842
803 4788
537 2646
273 1527
86 1348
728 4316
88 4117
753 2309
592 4532
117 4400
233 4080
402 125
958 4861
309 330
777 51
858 650
333 1798
5 1289
653 3316
77 3682
563 3331
891 3642
18 2761
640 4994
484 1201
116 4745
453 4684
696 2120
126 742
405 2380
635 2645
18 391
597 2390
482 3559
208 663
643 2501
838 3822
48 3360
851 144
248 4696
391 51
582 4739
199 3365
343 1995
108 3395
887 2429
690 4859
380 2028
26 266
232 2093
777 2926
124 2617
263 3437
712 4533
497 3188
860 1141
584 1257
402 413
823 2482
953 3910
368 1612
723 128
544 4149
640 226
766 1890
449 4403
408 3065
62 676
775 3672
801 2348
550 1109
121 3051
31 2227
1000 631
301 1348
141 1746
91 3241
258 3834
388 1683
558 2416
209 1494
725 577
374 3377
307 4832
669 3319
877 1922
617 889
785 1097
764 1722
792 1833
986 3201
923 606
620 4307
875 2316
774 2902
655 86
81 671
122 4008
898 533
651 3964
129 4347
451 4257
482 930
730 2175
400 3029
139 4172
85 3707
147 4714
963 961
374 4407
414 4917
458 2900
416 348
538 1135
732 4469
460 2705
739 3187
212 8
98 791
415 4661
970 1388
168 1855
646 4409
134 1943
529 3283
92 1514
445 2224
311 2883
125 4005
268 2990
36 4561
528 2165
204 1464
542 1183
888 1576
957 4036
858 87
647 570
542 3956
963 4692
380 3649
651 3414
530 2880
791 1929
184 2507
32 197
739 4114
990 2450
586 4256
75 3718
340 742
638 3803
736 2351
296 3046
403 4426
10 4009
982 3148
149 3337
797 1915
777 4297
26 4740
127 1557
943 4198
638 4607
767 4885
74 3742
6 1968
280 4442
349 3891
652 1858
391 1357
763 3710
342 2867
266 2005
95 1851
85 4240
513 410
680 4045
578 3463
553 157
99 4374
347 2254
535 1422
694 1970
832 2115
954 4734
961 3996
135 2076
517 1534
512 1705
839 2184
179 2775
903 509
291 3629
980 4461
222 1970
172 1579
519 790
366 552
645 2121
105 4839
90 2770
162 4768
669 4273
154 2941
281 3565
405 4616
995 4631
580 683
784 4173
723 4142
85 1096
988 1989
981 7
507 399
295 785
376 2240
604 1590
504 151
397 3175
308 4057
724 2770
449 1477
934 3055
814 1454
760 2590
89 1220
222 342
602 1283
589 4959
150 2946
522 2346
142 4901
441 2699
269 1219
688 238
222 1785
465 663
755 2454
107 4664
455 2589
401 4911
237 414
658 413
79 77
975 1712
552 1937
201 1810
786 230
376 4896
737 803
684 1636
717 45
192 3028
516 4059
986 2168
774 4264
541 472
95 3204
472 939
945 2507
524 1329
368 3884
625 795
692 227
121 4149
834 4568
587 1467
907 678
410 265
155 3276
612 3601
83 3287
716 4769
824 1135
568 2090
138 1549
155 1227
910 3068
484 2076
356 2237
741 675
546 3520
61 3546
327 3354
158 1807
632 2906
456 4978
655 371
404 1603
471 2037
146 1674
433 932
204 644
778 55
248 4093
931 3731
834 3209
216 557
304 4457
273 4227
532 1764
252 2292
94 4076
696 627
143 1597
436 2048
935 3505
822 1271
63 2878
53 1359
24 1446
504 2589
234 3727
116 1278
110 1945
33 1552
805 2618
917 3698
638 4805
121 2407
820 783
815 288
365 49
546 3119
877 1288
158 4372
513 3800
987 2099
60 2381
710 3452
910 1712
792 4530
423 4897
877 589
616 2175
599 4472
739 3369
601 1067
286 1816
364 2090
221 2819
813 2900
357 3650
116 4198
737 203
919 2805
256 689
781 191
132 135
556 4411
245 2329
811 989
557 4036
424 4451
138 3097
284 626
71 830
386 4809
898 4716
572 4532
271 3290
558 4875
876 1681
528 505
500 750
968 3502
356 3579
966 4429
809 295
95 3399
463 3993
890 2454
755 849
14 1546
11 1727
962 3216
376 313
427 2085
675 4921
978 2783
501 3277
19 2077
933 3766
207 4563
207 410
355 3919
639 146
7 2782
786 292
120 2864
165 1577
326 895
59 672
286 3684
324 450
481 2298
353 4188
300 297
913 1201
566 2316
823 4469
261 1612
41 3483
522 3515
434 759
600 3449
410 3588
40 1739
209 744
648 4326
607 3091
983 9
615 2252
603 553
639 1492
900 4690
777 1809
206 1132
581 1876
779 4859
918 3187
646 695
504 2832
321 4978
248 3384
848 85
964 2884
956 1059
807 4884
521 236
639 3487
880 4564
142 1100
525 1793
628 1373
490 953
323 4583
163 4289
137 3091
600 4910
10 3807
110 3792
764 470
686 659
545 3212
724 1869
665 435
242 698
269 4385
914 483
437 319
480 650
579 2899
926 2567
141 3623
557 4823
559 1696
946 1112
326 480
183 4830
278 4524
286 3249
653 4295
138 1445
822 4989
126 976
448 705
867 4975
596 2183
711 2042
850 507
104 3475
189 1728
229 4875
498 1322
678 1422
637 1773
271 826
716 3851
128 3739
690 4826
80 1234
685 2571
997 4073
360 3692
302 513
914 1111
978 3276
510 2641
6 211
833 1684
467 2402
894 549
941 295
845 183
645 2286
816 2694
120 1728
925 1621
118 3087
263 593
596 2796
844 1515
266 3113
344 58
837 1431
697 4974
902 4266
610 1446
834 4456
96 1132
608 4493
448 4628
118 2650
319 4720
692 1217
159 3070
551 1691
937 32
120 4323
230 1427
723 3536
476 3057
928 3102
944 1880
853 4885
102 2776
401 3649
122 4833
755 545
947 2571
433 2792
146 3604
178 3175
63 4029
444 2616
885 4605
582 1308
601 284
128 1695
695 4673
478 4383
510 726
577 4521
551 351
790 4659
529 214
684 595
911 3193
202 2062
280 3298
391 2634
543 150
344 1229
329 3112
390 3492
378 3187
901 4933
720 523
759 2629
213 1740
263 1818
97 2409
334 242
839 1959
577 4331
571 4672
584 3672
51 4096
584 722
211 699
299 2629
78 2605
139 4871
844 2776
979 3149
590 3682
278 1398
492 1965
797 1405
152 85
669 1963
761 2533
455 2195
225 3483
463 1804
863 1927
741 3842
77 2983
151 238
642 3566
557 1729
626 4977
355 349
209 3641
659 1117
700 3100
616 1943
488 539
860 4193
609 3397
204 417
125 1899
182 4036
118 3626
361 2544
811 732
581 242
391 3479
415 2793
273 653
743 3512
762 1722
610 1600
922 2066
896 3492
508 2168
198 3579
253 4839
629 3890
521 2829
786 1007
166 3123
316 4743
599 3806
857 4865
994 2353
993 1032
611 3713
185 4333
934 1304
346 2563
513 4539
792 3714
160 3620
83 3956
927 712
849 786
707 3041
153 2232
313 3941
906 2165
398 4726
290 709
813 1489
487 1655
173 4335
714 4694
984 534
143 3180
157 3816
479 4378
774 163
158 3866
947 2512
461 998
309 861
600 3470
980 4355
465 797
466 3472
235 956
565 886
681 4054
641 4082
533 4467
740 2893
585 4829
576 4071
665 3046
653 791
46 807
596 940
989 2490
172 1688
326 1442
777 2896
318 1926
992 1029
37 4466
661 205
649 1757
45 3251
929 452
68 3499
858 2134
105 1599
814 2589
765 2100
56 1715
823 4253
889 1435
610 4472
758 132
733 3548
992 226
587 1825
899 1189
161 1816
47 511
827 799
50 1354
767 542
388 3880
240 4556
905 393
68 803
499 920
710 3792
213 1678
493 876
161 30
539 3150
435 2760
455 2878
932 4743
764 3451
952 4322
991 4646
264 2022
381 157
697 4938
931 1977
987 1866
116 1512
938 717
734 2332
457 407
117 1154
130 2608
599 2420
471 1746
159 1983
884 4975
706 2630
123 369
428 3173
895 544
204 4167
465 4824
916 4921
950 712
338 2452
966 2412
266 4167
495 859
858 3378
784 506
276 1172
503 2464
495 982
635 856
566 4294
123 578
312 3958
109 2
686 4266
607 279
48 557
786 3925
297 3220
522 4940
654 4033
336 4214
219 129
943 1069
590 1255
482 1835
986 3071
661 1928
758 2868
456 2072
635 1491
463 1058
873 4077
468 2826
738 4409
547 2272
429 3608
309 4839
21 927
334 4470
448 2640
464 651
688 1073
621 4315
678 123
968 171
682 772
237 4026
971 1262
749 3284
69 3767
259 4337
734 2743
585 763
601 3212
580 1540
716 2633
539 3014
505 4866
572 1985
328 3530
239 4633
923 62
530 1574
400 488
307 2298
67 28
353 2205
826 4246
43 3012
767 2170
103 3318
26 4890
277 1270
156 4004
673 3716
148 2442
621 2236
870 2656
708 2102
855 2769
288 3220
619 2874
461 3711
80 173
220 4434
312 4208
153 780
258 4676
469 1002
169 54
973 2340
35 3249
296 4068
908 3610
677 2594
985 2899
19 2514
613 288
920 2156
167 3333
875 3819
162 3158
513 3271
116 3414
851 2859
440 529
102 3455
252 4769
138 4455
492 941
212 3019
948 3117
533 1709
826 4591
952 3270
226 653
775 4553
527 557
783 4533
993 3064
448 1072
858 4035
694 23
1000 2577
450 3007
238 4703
146 3255
978 4631
140 980
968 2286
895 2051
694 477
395 2122
799 4228
980 4664
656 1530
946 1161
669 1262
148 2923
413 4610
641 4459
778 4138
93 632
186 2985
122 2199
225 1229
796 2406
645 270
196 4913
488 4355
526 176
689 4421
547 3302
875 4657
744 1531
341 3674
765 3419
737 2541
119 4366
269 1900
790 3718
724 3460
936 1156
406 607
12 4891
684 2818
567 2643
429 1871
691 3143
900 2893
643 976
271 1355
592 4216
273 1921
127 4207
281 695
769 3482
290 2243
1 2615
49 3416
74 3554
18 4866
575 3043
107 307
56 3501
46 1184
772 2737
355 3100
889 4633
708 4692
893 2485
512 4034
617 4306
353 2731
921 4677
190 689
30 1045
762 3257
748 2951
251 3166
260 2255
83 2452
291 3230
962 4206
64 1230
442 976
786 775
297 4286
600 2654
147 1899
271 4233
326 1651
296 3860
244 1417
40 575
669 521
574 1405
610 3072
304 4599
523 2887
534 975
449 4541
941 117
701 2937
509 54
567 3075
36 120
56 524
985 319
505 1290
706 2083
833 3453
958 1064
275 3733
619 2724
534 2553
58 1245
3 1921
134 4728
946 2077
201 4451
854 3580
671 3348
468 2006
864 3743
48 1578
522 1628
904 745
213 4990
391 937
173 3334
371 2363
644 4950
135 2830
501 647
26 1778
178 2307
662 4165
455 4043
179 3497
461 4275
681 1995
560 377
825 1590
194 2889
781 3014
293 612
819 1134
52 2172
422 3675
819 3506
756 4878
874 25
769 3974
615 2400
435 1043
777 2123
789 964
901 3770
60 2538
221 2577
925 3163
28 94
20 792
987 2175
950 2408
815 2521
897 2395
504 4730
351 4919
484 3952
854 1638
818 951
530 4421
728 208
298 4135
502 2060
127 4433
72 2037
297 3803
512 573
529 93
673 3733
439 3240
389 4647
542 3160
344 4837
811 1329
50 968
290 727
473 321
362 2932
541 2676
451 2318
51 2792
719 807
275 688
134 4019
585 949
144 4717
143 1777
104 4258
530 3358
795 3396
769 965
821 2705
681 3263
836 3658
419 3784
258 620
252 2207
551 4546
684 367
270 377
632 2441
291 3378
744 2111
939 2420
154 2347
949 4424
973 1966
737 1075
247 3849
824 2735
407 968
971 4018
955 2170
402 1134
332 2050
863 1583
413 193
297 3480
39 418
282 4622
720 3756
888 2219
80 4995
968 4069
891 2992
678 2125
121 2453
951 4897
609 3689
415 4793
569 2642
59 397
416 4430
144 2798
885 2688
26 3249
285 4538
39 127
201 261
897 928
693 1794
207 1555
298 3069
492 4415
797 1549
375 2046
45 3230
377 180
713 2006
890 2004
16 2747
709 4396
528 4004
663 76
752 1963
796 419
725 1297
826 1161
145 1450
492 302
967 4933
8 3938
936 2198
313 3411
377 787
406 4411
346 4762
514 3687
977 1746
898 2640
965 4773
297 902
820 781
879 3784
38 1483
14 3717
47 3497
516 1991
8 3682
212 2914
423 525
165 4273
787 326
977 4322
72 4844
775 2645
497 3428
257 1617
353 3108
879 3271
665 105
186 4276
501 3786
450 2660
495 2890
393 4754
163 3546
501 2608
73 3605
50 229
110 3771
894 1482
163 4830
187 3564
100 2432
537 1926
282 2363
897 844
306 2279
186 3881
164 375
16 3577
965 3316
64 2256
886 3425
270 2785
714 2366
575 4727
27 4125
175 1928
958 2152
133 3597
42 385
505 2156
573 3696
397 3462
424 3640
177 3217
782 3042
189 4767
776 3009
52 2205
340 285
667 4437
554 3344
678 2300
237 4188
955 1661
856 99
613 4180
815 461
626 1572
457 3582
205 2377
397 4237
117 4807
722 3070
876 1817
805 2656
129 3419
574 1152
375 2505
603 996
763 2069
164 4385
810 4428
478 2638
433 2434
81 471
611 3066
706 771
950 3927
105 3246
286 4006
27 4736
281 1369
321 931
721 901
8 4497
78 1845
111 1188
929 757
740 956
130 2160
479 3917
371 466
781 854
338 4967
543 4659
515 3922
528 1996
740 3863
498 4243
39 4498
938 1674
835 4709
496 4203
155 2374
224 2238
446 2614
3 479
525 1523
231 3765
848 3943
946 3644
226 367
523 1924
160 3773
410 2992
550 1527
171 1743
970 4982
999 2254
263 1727
626 2148
523 4909
942 1653
874 2645
127 2432
953 1056
229 3681
779 3901
589 3704
343 860
456 2320
936 348
850 2633
60 2262
876 1398
669 4376
515 3991
35 3268
7 2112
921 3670
309 3240
467 497
477 355
230 3322
300 1113
888 2459
172 3725
172 1146
39 2550
983 4928
48 3505
30 1418
178 3430
758 91
790 1119
594 1008
81 60
328 1522
76 1481
956 1960
586 2990
828 3739
446 2350
594 3568
755 1720
733 1289
305 2937
825 2876
183 2289
842 3722
931 3754
749 3426
700 2580
231 1092
57 3523
836 4022
311 3047
353 2570
326 2459
123 4558
956 774
830 4186
385 1158
174 1326
402 1296
185 3794
23 3873
67 4284
589 2248
697 3869
212 369
998 4660
401 3300
905 4122
469 1428
437 2948
948 3865
976 2468
728 3686
797 1384
643 2339
874 1890
777 1964
298 2822
412 105
900 1815
629 3012
747 2675
490 3406
444 4786
458 1698
282 2915
987 680
749 3438
244 3467
759 499
595 4731
342 3114
945 4652
533 2745
185 493
834 130
637 4331
673 4569
41 1668
48 2154
237 2060
225 3289
23 1850
908 1481
319 3380
362 1462
601 1711
667 338
951 2016
753 244
861 2975
778 3884
139 4438
554 3608
438 1862
687 3499
927 362
835 3656
138 4834
277 4307
512 4889
552 369
174 3815
931 83
732 552
991 3551
222 3244
149 1455
471 2157
453 480
89 532
24 3107
286 2628
87 3384
867 1957
953 2590
207 4994
633 4604
296 12
749 628
350 469
880 4610
399 3221
281 4266
945 1249
795 3855
627 575
971 676
84 2243
781 703
114 269
350 1529
373 3336
203 2560
841 3477
609 4437
920 3670
219 4958
941 1243
704 285
74 2769
698 367
211 2998
664 3606
792 638
21 3567
951 2505
870 253
800 4618
624 2500
616 1698
776 4382
559 4419
689 1538
977 3285
233 528
993 3653
940 103
761 633
776 4767
467 3021
71 2031
691 3073
449 3960
586 4960
15 992
21 211
321 4624
684 2796
624 2710
756 44
213 1484
622 901
1000 2207
453 1440
266 3793
348 3592
268 4455
229 1061
373 3196
347 3939
736 3532
921 3736
508 1746
880 834
946 3595
301 1614
50 1056
225 506
351 4664
616 956
862 1859
610 1616
995 1432
341 1222
636 48
49 4498
692 1281
539 2874
537 4500
618 435
38 2551
501 3157
914 1140
827 883
415 2152
713 3428
772 2653
608 4468
828 4969
692 3715
349 404
902 3981
402 3854
971 3224
193 3934
139 4041
765 2340
610 3416
676 1057
643 2552
26 1585
664 1688
653 2224
283 2764
272 1474
825 1340
264 3585
993 332
826 4579
689 4034
26 1569
377 2740
869 2737
54 727
41 4933
281 217
895 2643
341 1400
712 331
397 4353
653 4779
348 674
502 1078
354 4607
732 2728
310 2665
126 684
222 730
40 4807
144 3491
823 266
781 4527
207 540
609 805
501 4310
661 2617
13 2773
629 459
813 315
362 1447
184 1630
944 188
389 3743
785 3157
661 1373
305 4443
368 1312
696 3232
264 2598
755 158
565 4329
659 2166
568 574
204 1329
135 4608
528 3731
727 1844
49 4499
661 1795
130 1044
828 322
791 4751
963 4493
761 3399
308 856
51 1755
758 1436
743 1855
932 1073
978 2435
988 4566
228 2923
776 3050
905 3902
616 414
962 479
702 2249
436 2215
897 2243
304 1489
939 2226
194 2612
570 1680
570 4061
219 739
734 4946
954 3500
310 3792
339 4048
670 1293
277 1058
400 4311
138 1863
783 3348
808 4289
765 3623
275 2332
638 154
25 1108
371 3862
628 165
360 245
323 4250
638 2800
425 871
858 4977
132 3550
500 859
528 166
385 1077
810 2119
353 2082
742 2679
953 2276
729 2248
26 588
199 4536
641 1324
262 3840
653 3773
217 3262
404 4137
502 635
974 3915
736 1869
600 498
654 869
507 2577
347 1530
842 2218
652 2309
128 3910
796 2619
535 2743
59 991
850 3583
491 4957
996 1733
938 4775
879 4567
971 3508
158 827
165 3852
251 3805
802 4573
986 2468
105 1586
379 3029
636 887
524 4726
763 3133
549 2468
719 1516
675 1006
400 668
390 3304
272 2027
602 4929
445 3971
801 1004
291 1017
551 4979
584 591
605 2615
102 1818
512 1018
372 469
911 478
854 4980
664 1739
448 1185
331 396
207 659
589 730
144 3122
358 2872
943 477
107 3934
993 908
686 3350
410 3174
33 1370
112 772
895 1028
78 4964
363 348
451 4607
878 453
280 2419
373 152
245 626
777 4584
349 3641
590 3109
653 3994
748 1194
657 2970
761 3990
327 2419
181 4166
49 2092
460 1081
608 220
392 3619
884 2899
556 587
517 1145
618 3957
813 4717
214 2760
107 3127
193 4057
289 318
463 4102
487 1899
921 4596
895 2932
300 4603
471 362
687 1452
234 3915
273 2257
942 697
969 4877
111 1089
789 592
211 3069
324 3029
820 403
755 1395
578 699
83 3031
86 3861
857 1448
360 3440
182 3562
954 4364
893 4788
346 4889
567 1042
596 4734
66 2804
277 4460
845 1301
106 3816
998 84
951 1788
516 398
576 1510
421 2626
60 4151
50 4276
724 4773
190 1043
888 2914
963 3979
811 3035
621 2636
146 1394
812 89
241 3917
502 4385
534 4292
315 521
196 1847
272 4273
945 2061
60 4554
473 2150
302 238
161 3619
613 4745
60 1680
438 2040
145 49
698 2585
35 354
933 403
856 1525
864 4457
306 3200
40 2931
105 3348
677 4605
111 736
948 2598
915 2140
653 3450
991 1166
326 2561
346 4112
270 2238
47 71
530 4584
27 4630
716 2789
563 1666
591 1778
844 1764
204 4980
801 4769
968 922
32 4965
236 2976
677 356
36 270
542 3343
232 7
493 3725
974 2090
625 4152
494 2453
502 2396
500 1069
424 1939
106 823
812 4779
491 4490
23 2230
449 2618
709 690
200 3879
339 2847
353 1980
293 3667
560 1257
586 1105
518 1801
835 3654
871 4516
639 4043
381 3694
354 4125
244 4278
129 424
84 4248
215 2320
690 404
355 2254
391 2357
896 3730
896 3123
612 2987
996 2769
810 3296
689 3664
800 1890
567 2794
289 2928
947 4159
452 1098
885 2163
323 2222
603 2678
781 4974
292 3987
397 856
526 1026
281 1221
433 1478
315 3427
945 4111
395 587
895 3673
955 4139
256 4164
874 2092
757 3706
802 549
514 420
882 2999
943 4373
780 3751
402 1413
704 1479
907 271
711 1237
735 1459
633 771
541 2893
264 3285
252 2285
90 2191
907 2293
659 4276
711 2814
617 1839
985 3187
486 4486
781 924
49 2010
692 2500
117 1601
107 3540
769 660
330 598
198 2785
358 914
445 3825
543 3444
374 1195
51 116
890 3488
657 917
850 4533
502 471
429 309
404 2870
142 2372
814 952
939 2781
205 2810
383 1468
238 4612
113 3420
106 3688
132 2467
292 2263
197 3049
191 3716
847 837
989 1159
778 568
545 3787
904 4456
542 3889
343 2710
814 2851
266 3984
732 1433
440 1711
386 24
467 1290
828 46
618 1634
707 3551
640 4461
667 4027
266 1979
789 773
229 1779
693 1126
246 4671
741 3568
240 452
913 4995
529 1003
777 268
565 4770
826 2649
298 228
93 2326
202 4581
319 179
413 2039
759 1772
252 4432
955 4551
367 1473
755 4761
751 4640
852 4170
909 2847
358 2772
265 163
87 4256
188 886
934 2010
391 4149
961 1064
513 3115
7 4254
621 2564
494 1653
730 1051
447 975
249 4028
213 2700
338 83
106 4945
680 1803
369 3236
560 4592
637 2809
70 2814
961 3192
552 1223
566 909
881 3089
176 1142
775 3573
49 4241
477 3673
12 3923
810 1087
635 3250
824 3428
66 2892
78 1922
442 3389
47 1166
623 4429
289 3859
466 2512
854 749
632 2332
46 3671
913 3823
588 1998
146 2526
604 1875
267 2927
939 2485
753 1056
175 3108
998 3549
939 2975
28 1822
12 216
213 1879
966 3403
910 2111
280 4690
456 4801
916 4595
398 902
137 2112
273 4496
504 478
415 1160
50 3191
895 3842
904 2073
535 3108
714 428
887 3178
401 2080
763 2021
436 4909
84 2383
87 3281
952 1505
391 1525
742 2662
120 4384
683 501
903 2402
423 762
272 3578
992 2566
625 2338
166 298
341 173
110 2256
947 4560
160 4354
548 4718
592 1729
192 1602
696 2536
313 3817
252 2918
991 2605
877 3103
674 2612
296 4003
619 2559
28 2814
28 4531
943 1463
75 979
497 41
747 1260
159 1261
643 2480
529 2534
453 755
933 4011
456 2617
26 1888
79 4294
221 758
160 3804
904 3670
237 369
894 3074
486 3863
280 4461
845 3498
492 3437
625 3413
496 3176
483 886
531 732
556 4021
517 4086
774 632
377 4276
6 4514
482 1155
328 4664
236 802
443 203
150 3764
753 1145
487 4234
424 419
630 47
356 4704
32 2266
898 4561
405 3015
895 2219
4 663
623 296
731 1324
782 4326
551 2133
194 167
410 1272
631 2967
624 2115
738 1873
313 1498
375 4659
187 4276
331 3997
989 4357
906 1470
660 3190
882 1159
553 4353
542 4509
649 781
652 2443
701 1184
695 4086
104 4408
86 4200
523 2705
779 2254
396 4186
350 1146
618 424
599 329
819 3905
423 3781
342 3530
856 4484
450 1466
248 2264
261 3236
34 4685
230 3505
349 1247
931 3308
227 3113
227 4764
914 638
238 6
783 3916
800 2368
831 3172
362 1735
260 2044
888 258
830 1965
28 3861
455 293
842 3687
341 918
210 1660
956 1917
265 4915
754 4403
200 1489
145 2888
259 1980
392 883
755 497
643 2403
117 4927
422 3602
9 970
702 3861
548 520
1000 4165
46 4223
216 576
485 2406
715 2609
800 360
181 948
445 196
332 4819
963 3983
307 4771
16 3496
217 3095
788 3763
335 2741
477 4639
429 3892
993 4415
70 1540
879 2429
119 3126
94 2363
996 2400
84 224
651 2818
433 3313
910 3827
505 85
125 3037
422 4744
867 3469
51 2081
101 2124
962 3636
406 4081
895 1056
565 3892
443 1162
388 3716
602 4177
451 1370
837 424
812 3780
449 3471
933 3403
390 2985
985 757
353 2943
118 2516
226 1588
768 925
590 3888
853 4066
14 142
871 3664
14 2493
910 4730
856 898
75 1196
783 668
14 1249
804 4295
73 2430
36 3330
306 4860
447 3449
509 4242
411 516
119 2400
167 3502
533 4661
801 462
483 2562
985 1673
829 4341
427 3630
153 2087
960 3625
819 1783
126 4753
648 3349
731 4394
820 4935
758 2076
380 951
727 506
828 66
634 4403
874 67
616 4813
961 662
781 3837
671 1150
331 4832
376 3592
277 1837
201 3589
389 4064
765 2748
560 2816
427 4350
684 3530
438 2296
993 4197
660 3196
885 3540
775 3080
14 1007
887 3541
36 4474
430 3385
155 1156
371 1190
46 4393
408 65
679 3681
460 3645
464 4071
50 2349
302 3995
255 3973
832 4384
752 737
508 2030
466 780
595 337
367 2699
832 2808
152 3991
844 87
230 215
349 1278
504 292
475 40
752 2643
937 1661
525 2062
362 2048
603 3787
145 3041
78 4324
432 804
411 301
794 1008
767 3009
57 4969
182 1589
361 4383
573 2699
299 2933
592 1537
675 939
118 2664
866 2116
272 1501
613 1872
749 1227
892 1835
176 2727
411 100
745 3443
884 4152
32 4211
484 2180
285 3267
2 1070
427 3271
643 1173
256 1322
480 236
599 4440
542 4124
614 2003
221 1407
352 4154
458 4645
188 21
590 1394
732 594
276 1214
191 1691
583 2772
408 4790
97 572
997 4588
301 513
936 1874
158 2219
697 3171
406 1422
914 4292
664 2570
690 4639
94 4105
995 353
971 668
196 3955
570 6
695 2565
526 711
740 3886
712 4130
892 3013
500 1287
847 780
460 3379
727 4679
155 3563
642 1081
355 3404
652 4176
665 262
851 4348
731 3796
265 900
705 4390
773 3945
265 727
282 1656
848 4224
319 2292
80 659
709 1314
773 3192
285 836
240 2988
535 735
284 2892
411 3037
715 2527
740 4443
882 3185
913 2667
528 417
538 1068
779 3388
841 45
803 1991
246 3910
413 4794
129 4983
66 2151
300 1598
54 3215
79 534
809 1277
42 3787
841 4017
214 1071
469 1551
725 2407
516 797
557 3326
860 4816
441 825
36 824
592 4602
451 2359
300 1446
254 2302
52 1599
77 192
387 3578
542 1573
846 4290
937 2008
258 2115
275 2458
252 4128
20 1037
975 2589
648 906
657 2062
777 139
790 3134
628 217
708 3569
872 2183
693 890
282 1485
329 701
379 4199
913 4335
984 1739
124 3433
337 4510
414 2562
979 4320
380 1617
79 1547
362 4582
760 1336
950 2146
904 1515
642 4427
796 3442
837 3081
235 57
106 2116
340 1473
488 59
109 4436
856 4510
692 2987
402 4285
970 1696
841 407
627 2012
914 2436
991 1378
273 187
916 1186
652 2573
242 3880
670 3184
677 4082
901 2757
807 3190
100 915
324 4833
890 673
892 3465
65 760
636 1084
864 895
196 2046
450 1124
67 3935
413 2898
783 2067
139 1877
157 3344
556 752
607 2332
362 3184
249 1780
484 2334
875 3382
452 4441
171 1512
585 1337
344 2654
909 1005
263 969
944 3718
58 3506
355 2338
708 1683
190 1978
686 2006
499 1909
773 3044
240 4875
426 3855
537 722
584 1472
868 1164
314 3883
459 894
58 1974
878 1651
811 2774
670 2488
488 3817
226 1069
403 3645
86 3282
559 4663
735 600
918 469
273 1515
28 4869
553 2839
874 3515
483 4968
460 3872
269 1768
595 2405
562 181
139 3460
577 1776
686 2927
563 1824
624 1391
144 653
681 2863
962 4677
790 3118
897 994
608 5000
85 3410
131 2702
879 2790
744 2921
161 1451
284 1747
969 2508
783 3646
794 958
630 147
275 3818
978 4925
254 1711
142 4995
634 3502
172 2882
298 4044
441 512
284 451
332 2674
706 3745
387 1382
660 2424
575 3586
116 3508
59 1091
952 4224
369 4943
628 2833
548 1164
22 529
615 1487
513 2054
997 2398
10 4761
279 422
973 391
609 4574
497 1283
357 1129
496 1954
166 2088
224 2134
942 262
93 3540
697 2226
252 4949
184 3257
57 3033
807 2105
931 39
911 3639
203 1070
517 2138
968 952
241 5
38 4937
375 2353
674 4036
202 1529
895 2695
692 948
357 1394
47 4087
973 339
712 3848
686 3653
846 2372
755 1813
399 746
106 1188
403 3597
14 2296
407 2518
526 4531
524 3448
276 385
397 290
295 94
621 665
354 855
614 1499
563 1212
995 1325
53 476
535 870
806 3921
740 2457
225 1855
45 4975
484 641
236 2483
715 3117
277 4501
204 3859
960 711
650 2938
107 155
906 3795
30 2970
457 1803
198 470
740 2966
530 2202
942 4143
185 1645
421 4328
370 163
453 4280
250 1755
580 2384
250 4970
724 3125
982 1734
420 4650
456 3772
263 1291
378 2787
876 187
784 2095
557 286
483 2279
40 3023
951 311
145 3020
190 2374
93 4013
834 3049
80 4713
656 46
272 2217
655 730
544 99
118 3548
231 4464
259 4448
694 2230
380 149
621 2743
778 1151
854 2728
496 4189
65 4731
73 3676
639 2821
920 1194
982 3801
133 3484
779 4259
55 49
123 1374
908 3653
802 566
347 7
692 4975
291 627
831 3964
617 1793
39 1593
670 2531
791 3106
366 3451
135 3249
970 1331
561 2035
582 3835
930 1556
12 2431
95 3591
232 2830
478 3567
162 4324
433 4585
663 3144
975 583
801 575
226 150
74 559
602 1577
668 3437
896 1820
36 1385
204 1810
114 4636
144 3719
283 3840
274 4063
256 1472
78 2037
260 4724
673 2813
354 1255
263 4267
940 2272
791 3921
613 4508
914 53
936 187
135 1080
383 350
450 4376
397 2663
824 1599
180 834
837 122
168 1188
326 619
793 3707
775 2208
509 982
398 890
540 3776
558 126
330 2129
645 351
289 1197
406 2850
765 811
192 3200
614 1639
302 280
721 4553
13 994
303 4491
201 2461
388 3135
415 1738
657 471
668 1655
491 987
917 670
778 2663
53 203
931 738
603 2113
238 416
889 429
841 1297
54 2753
171 1456
413 3795
641 373
435 3900
341 1595
773 3505
234 1546
336 4909
849 838
830 1213
31 2070
224 2122
437 3222
383 1131
167 4726
354 1944
869 625
139 2145
237 431
969 149
335 435
591 3059
775 2453
212 2764
446 3569
82 1407
666 4086
519 3428
58 1992
719 3009
331 3615
695 24
933 382
19 4991
591 3533
657 1630
839 1223
364 3581
394 3492
395 3932
682 120
127 1377
147 123
368 4813
309 959
913 4391
317 453
463 3984
300 4928
318 3805
902 3831
676 4832
181 16
276 3871
492 1080
500 4460
852 3340
775 1779
306 4331
876 1351
454 1649
973 4486
758 710
81 3928
793 3933
955 252
773 4726
897 1650
329 2396
157 1378
876 2768
479 3100
196 3372
1 438
815 2408
690 1825
54 1944
612 1620
525 588
990 24
884 1191
914 138
217 3673
960 1877
84 4893
905 1253
594 4436
541 3668
66 3128
670 2065
859 4449
970 1436
140 4187
245 1419
482 558
564 4737
574 2725
404 4249
428 3880
505 1463
229 1266
47 3176
918 3636
117 3093
287 864
580 2660
989 1494
540 3431
920 4971
352 795
381 3109
469 4929
925 4688
991 3113
653 3276
404 610
100 3988
535 3587
784 4552
991 2014
266 4492
237 111
333 120
97 3954
474 3462
301 4962
31 1071
441 2186
579 4390
597 3672
28 1075
602 2157
250 3106
146 1823
529 1433
75 1823
419 4157
920 1835
963 1238
520 3077
139 310
733 4890
951 3694
198 1676
776 3801
262 1992
626 4263
378 833
710 1092
295 203
488 1230
506 1464
42 3650
13 3487
720 4192
969 2760
226 4682
671 2554
5 633
422 1613
106 3128
312 960
581 1583
76 3060
160 4474
638 295
822 4479
362 506
16 2580
205 3835
211 4614
36 4084
423 4523
291 466
530 2553
832 1287
563 4212
197 696
431 1844
345 2280
680 1476
655 3131
49 2789
669 4180
691 681
415 4696
740 3417
650 3128
514 1295
601 2299
516 460
804 2217
802 3675
604 4089
848 3789
760 1740
310 4163
290 4336
627 751
331 2054
78 2691
795 4148
147 4944
922 436
540 1528
138 4555
533 1308
722 4979
639 1663
157 2610
310 3586
313 3808
955 2646
848 1293
11 1797
602 2536
166 3217
673 361
921 4291
316 1145
876 4861
797 2860
572 2048
243 2446
842 2312
8 4619
779 3907
60 2397
886 3389
752 2738
9 3695
868 2147
372 1995
210 3518
660 3850
352 4101
258 4238
402 1077
794 169
398 3841
652 1300
198 2532
558 40
225 282
127 4809
595 4359
78 2109
496 2342
105 994
621 4276
679 4789
31 4314
310 4708
850 2343
237 2965
915 212
476 2357
998 526
727 1610
865 4015
183 128
383 3477
617 752
918 4641
668 2589
706 4921
399 2077
928 1167
289 3806
675 2881
423 4278
106 1319
202 2450
448 2023
358 4312
147 964
317 876
126 1659
258 4343
575 1917
526 572
969 4415
902 57
915 1085
762 1988
119 4131
159 243
292 4498
471 4019
877 4785
588 4466
415 4914
617 4117
599 1353
689 1722
722 3864
501 4207
747 2278
194 714
640 2443
401 4966
605 3477
198 2685
376 3094
345 4032
555 4060
952 1952
198 592
59 3481
450 759
310 2482
855 4300
123 4454
599 4164
414 4142
856 3489
590 2381
430 663
403 3146
678 3626
58 338
580 374
762 3155
247 366
844 90
224 1102
522 2694
990 1848
223 2058
805 259
927 2735
562 1247
770 2584
16 1250
469 4116
919 3902
850 1728
168 2025
43 3706
90 788
354 1823
567 2813
956 3022
272 45
737 1562
461 3858
278 772
918 853
972 2447
197 3629
207 2890
777 4155
719 1050
645 3316
442 1061
887 1051
95 144
674 4756
125 4002
76 689
370 1823
776 2785
604 1053
628 2852
932 2682
628 4176
598 2021
974 2192
427 4328
821 3487
695 4373
758 4057
915 3878
486 259
723 762
130 3134
9 3863
612 2696
736 2859
277 1091
387 1514
782 876
44 3803
477 3653
685 1771
23 4891
42 3864
400 2648
908 839
484 1235
144 4911
634 4651
478 3772
716 3240
347 469
856 1114
423 3302
905 4696
880 4782
543 1818
789 754
931 415
147 1864
220 1080
332 325
205 2427
83 2328
724 537
185 1221
413 480
27 2627
821 3058
10 3910
239 4972
154 1909
723 1447
27 3717
409 2003
555 3597
322 1247
458 4271
304 747
644 3741
601 4006
779 3114
272 1832
154 3957
236 1177
475 3234
855 4904
610 4025
633 1229
760 3916
322 4431
873 4157
235 175
726 3262
141 1347
44 159
584 2052
915 2836
510 184
447 2860
614 201
27 3963
346 2476
777 2072
577 1803
99 4328
941 932
645 3234
126 3063
49 4233
549 732
330 1773
50 2074
753 529
750 4305
275 2607
194 3849
744 4576
247 1833
918 836
475 570
284 4560
946 1689
56 3283
107 4920
633 4656
655 3173
254 1823
189 3833
957 396
265 1138
644 2950
776 26
964 2353
509 3598
385 4972
752 4456
492 2052
258 878
952 1224
930 1888
680 995
579 4230
152 2325
507 1487
168 346
565 4043
52 3985
368 2451
766 3886
495 2043
386 2785
23 2343
841 3773
92 979
583 3097
947 457
110 3018
625 4055
600 231
427 1086
976 1404
36 373
218 4929
19 3620
239 4288
794 2257
42 2641
952 4334
973 3985
311 3464
781 7
447 290
65 4830
626 2329
287 2022
93 973
24 4123
597 3486
31 2356
72 21
829 4205
424 335
792 78
507 941
895 4530
654 814
744 3401
829 643
811 1670
356 4202
732 593
826 3141
613 62
937 1272
513 3596
47 2198
682 40
680 485
396 4343
889 4693
664 3383
982 2612
842 4383
381 1181
971 3586
289 1181
40 4249
465 1341
32 3957
438 2498
914 1577
1000 824
181 3790
218 1035
247 629
353 2044
751 2105
745 2691
730 1225
456 2983
505 819
553 4359
657 2300
274 3852
938 417
326 933
897 985
572 2730
175 4345
638 2609
511 414
451 3100
924 646
398 3937
192 440
573 2065
574 2127
978 1938
225 2044
741 2733
906 4585
216 344
535 1446
698 3652
174 271
237 1176
294 180
264 797
119 696
317 4648
477 835
132 1331
136 1680
750 548
903 24
715 3493
593 253
796 442
842 1359
250 1839
372 3762
670 1071
571 1406
934 4293
928 4566
847 3591
895 3514
421 3622
177 2422
468 2984
795 3256
451 830
877 333
579 3174
716 2173
572 257
456 210
593 86
751 2053
7 2470
824 2401
546 6
112 4390
24 3193
65 2639
364 339
886 3157
621 3558
472 314
532 2305
52 4110
841 740
867 2621
958 3846
872 831
514 2663
982 288
280 1374
192 2333
998 4708
14 2509
991 4527
815 1741
249 2256
73 4994
583 1197
403 4972
224 1191
451 1517
590 4797
512 3814
592 920
930 1138
264 1398
45 3385
918 2423
698 1199
812 290
206 3730
239 3913
160 4047
180 4089
535 1270
1 867
10 3017
384 3029
118 4369
792 2002
492 4090
59 3846
89 4058
776 3771
796 2061
963 4543
163 2836
80 4515
614 1201
124 1509
418 1340
468 3079
159 2170
644 4638
339 265
962 4596
317 4821
880 1134
579 2622
629 4295
516 3920
860 203
974 2833
387 645
962 2070
510 465
355 2103
906 1611
163 4686
250 2886
86 2636
886 2110
996 3885
471 3983
115 1127
644 2371
827 470
743 1951
440 2091
417 3287
500 920
82 3374
362 1486
554 4839
812 2439
811 3871
239 668
468 1408
233 1833
224 87
889 1900
989 1719
112 129
389 1228
80 1209
664 4433
700 2422
112 1299
336 1001
388 1419
500 1956
798 2336
70 1312
437 898
797 2521
235 2400
94 1989
952 716
339 712
805 1425
351 2611
794 2428
443 304
49 1120
116 1624
416 3376
250 1526
99 2361
451 3881
176 2037
622 4269
241 1106
393 2306
581 4496
836 100
527 2695
115 4538
246 3727
264 1127
52 1261
598 404
567 3205
327 4155
26 1995
895 733
757 464
534 3574
641 4435
274 2260
645 901
987 700
860 60
190 356
916 1674
395 34
385 4547
334 2907
896 4090
57 4829
988 316
273 646
972 1755
949 2811
347 2573
274 1410
367 1011
817 2624
747 2922
735 1203
429 3261
652 3049
680 3865
917 4703
739 4472
818 2843
584 4838
449 4627
254 607
457 1244
816 3879
120 388
323 3608
829 3816
556 2656
86 1199
856 417
580 4436
506 4807
898 2712
160 3069
57 3374
414 2945
351 3341
802 4419
52 3073
958 3001
884 3883
394 4238
231 4796
527 4007
996 1886
637 69
169 692
830 4726
405 2628
616 2251
687 3292
599 2019
204 3330
992 4239
853 3915
463 3708
878 1173
515 2156
400 2565
901 4829
568 690
492 2449
838 1895
700 4340
814 1373
634 2689
731 3719
969 1806
287 1012
905 3347
340 329
666 239
406 3708
854 2563
255 3178
36 2100
786 1794
686 4013
224 79
36 4587
662 2282
318 872
580 2062
126 569
344 2930
915 152
737 4219
64 2306
373 2055
987 529
588 4043
302 2323
698 1806
593 338
456 2684
455 2474
556 3156
548 4703
613 729
549 3524
191 4621
280 3404
757 729
528 29
314 559
794 1192
15 3041
939 2003
344 2143
232 647
119 3844
587 4066
392 1985
141 1958
563 3481
943 760
109 3635
87 4625
343 4124
90 4473
901 4251
156 695
216 2578
361 4466
949 1171
280 4228
860 593
2 4418
594 627
856 4253
168 4549
498 4659
665 1326
705 3447
663 1779
318 3932
671 650
352 4990
632 944
698 4330
88 780
930 2129
856 778
260 1545
67 4713
973 3956
458 53
280 911
83 2477
629 3276
614 1134
132 4537
702 199
614 4278
766 139
485 2754
506 2106
559 2159
105 3663
47 1450
354 3051
788 2020
820 3689
944 4132
412 4985
762 1386
770 3214
981 1341
124 1831
935 4102
699 3041
146 1179
489 4867
542 4485
377 3385
53 538
407 3914
526 3300
747 162
499 4064
394 3440
427 2600
317 3633
784 2705
841 4700
778 3782
645 644
626 1107
839 889
200 2043
671 4743
253 2707
298 4285
122 1044
161 527
247 2149
671 1212
933 3438
79 1185
165 3278
275 1261
783 3326
334 2651
996 4580
667 4547
491 4873
163 3761
152 3484
228 2028
504 3093
197 4488
838 3538
106 252
834 2117
166 3717
637 2363
908 666
414 295
213 4774
840 3445
837 1785
673 2736
734 47
84 3053
676 1359
320 4109
599 4925
520 3919
684 689
569 1572
532 3198
286 1433
291 435
663 1992
954 1053
182 1975
982 1380
417 3439
503 698
379 1534
538 1087
619 2534
39 3775
475 1964
747 889
506 3259
696 4298
162 4254
24 2017
819 2265
182 3145
902 4440
325 3114
155 4918
886 728
548 4520
542 19
928 735
438 269
65 3770
921 4158
909 2818
898 1755
529 68
180 571
641 778
623 2985
777 3226
498 3405
152 3630
235 1291
328 3074
697 3251
759 2433
291 935
472 4424
734 4744
795 2241
138 4296
897 818
69 4841
881 372
959 621
46 3012
365 2037
839 685
839 3347
877 1436
786 4999
352 3707
446 2237
355 3734
160 2301
723 2449
657 2066
892 3512
125 52
836 774
990 2238
662 775
919 832
352 1125
353 278
413 2903
881 15
220 1109
647 2528
311 1253
305 4255
301 2385
974 2912
433 4151
180 354
433 2120
210 1939
455 3961
22 3224
715 4709
713 3582
559 3065
998 628
658 2887
975 4215
518 1788
392 732
18 3913
273 2985
968 4742
480 4965
312 3194
941 1316
195 364
252 2516
601 1606
807 162
51 756
682 237
946 185
589 650
927 4011
469 103
608 1730
203 2368
241 3517
931 4580
113 3597
982 4601
129 1487
945 2012
440 4622
924 1642
938 2039
299 4411
556 4900
921 1473
842 4898
336 669
969 2355
818 258
229 1196
428 4704
244 415
245 4138
849 2611
795 3665
730 2983
774 4455
11 1027
108 68
769 1223
883 37
447 1961
986 4856
836 4132
536 4097
91 1012
691 2792
346 2842
635 1992
76 518
140 3953
903 568
416 976
550 2494
50 4730
344 2122
748 572
511 2993
754 1374
698 1221
292 852
803 1795
440 1708
466 3246
78 4154
336 3666
963 4958
685 1474
967 2765
651 4330
743 4780
273 846
67 4609
929 4969
632 3186
465 2502
567 1139
342 899
932 732
660 945
184 3440
119 3022
312 3976
278 1403
900 4966
403 2942
193 2266
140 3537
344 3609
61 2097
420 4881
627 3016
352 38
922 4924
758 368
97 3717
801 4211
897 563
228 2549
761 2221
152 1779
501 4995
714 2757
114 269
491 3157
499 4530
287 3541
736 4346
647 1878
465 2100
358 1721
711 3585
735 2393
852 2855
526 2695
807 575
554 4293
441 1360
498 1820
778 2057
69 1606
372 187
216 1932
694 2541
284 2146
595 3149
269 4006
80 214
892 3636
762 396
190 4885
438 4210
867 2179
679 3229
319 87
180 2278
109 4131
631 3276
607 4841
55 1287
903 1050
822 766
978 1503
852 1442
951 4060
634 1577
788 255
200 2820
737 4166
192 2074
907 1366
256 2827
635 373
396 3413
796 3209
434 4938
801 558
412 4727
205 1540
481 175
760 471
708 3374
785 1638
708 2047
342 4580
19 1599
621 1162
55 3968
503 1858
267 2166
416 2230
847 829
689 751
644 4745
30 1166
201 196
648 1351
169 876
747 1992
986 1586
449 799
192 4757
246 1994
816 2597
506 932
957 1984
218 2974
142 2304
151 956
142 3707
581 3652
595 4409
998 4451
968 650
20 1791
763 4718
234 1614
519 3899
500 1190
339 4730
443 1954
649 3834
602 3276
872 1828
595 1253
883 2141
811 510
415 2351
722 3595
937 16
524 2171
646 3905
522 2985
625 561
577 734
632 3744
930 4093
879 1108
137 4205
884 1263
622 4490
489 167
919 2373
366 2117
260 783
668 3718
777 962
955 3309
544 2889
364 4047
732 3491
208 654
231 2459
599 3487
989 3187
786 1251
927 2636
418 3034
737 3391
558 2299
348 2888
410 2381
709 590
706 3162
660 1877
723 2590
678 4211
482 4716
675 2702
578 2881
376 2580
427 4728
158 4074
525 4444
874 1966
449 2153
371 3325
337 212
479 4830
580 3094
398 1917
147 4077
845 2992
902 1067
813 4933
535 1740
465 2107
301 1260
268 3476
843 4111
104 2786
271 2416
472 3558
587 4123
599 3338
647 2331
695 3153
437 3156
483 402
652 2137
149 2033
950 4336
417 1485
10 1553
7 451
187 331
37 2769
606 3503
683 52
632 4802
6 3603
581 1039
150 4377
690 4604
255 2543
957 3000
419 3704
760 3931
271 3548
177 4766
385 4797
53 2814
97 2549
920 3918
685 2574
246 4162
27 1160
174 741
395 2966
473 4891
770 4985
632 4799
248 3644
747 3855
722 4366
755 4243
994 3356
777 802
530 1277
260 4077
93 3468
847 1410
598 1673
384 2482
854 887
411 2315
794 591
133 1727
67 3508
921 1083
821 4134
14 4681
352 4103
567 1238
242 3769
90 1949
875 3854
442 3994
407 2910
997 2248
352 3820
542 2059
473 3578
292 2095
380 2400
633 2591
309 1025
140 1247
701 3063
176 2011
536 1881
763 3613
7 1076
983 4298
263 2359
924 1622
295 2254
724 4652
166 1400
854 4215
219 1849
76 3532
588 769
989 4045
632 314
931 471
724 366
29 4549
457 3079
535 715
444 4677
5 2532
918 2276
292 3044
426 2395
58 111
433 2502
80 1696
465 725
927 475
25 3362
512 1396
527 671
58 4141
194 4030
401 4276
528 4583
737 2850
578 4910
399 4589
611 2538
416 799
645 4471
943 4533
692 4669
220 3945
472 934
608 785
663 252
906 1518
961 2689
525 4125
971 381
319 4097
452 836
907 823
275 1109
456 1352
823 1044
144 435
429 3265
771 3144
910 1351
433 4702
798 3798
387 2758
958 4705
571 4126
403 4024
887 2728
309 543
794 1456
137 1037
995 681
823 1518
44 368
493 1578
364 4119
106 2932
317 1036
476 995
967 3879
922 4308
243 3016
458 1991
465 799
668 4709
35 1546
853 3705
968 4266
494 2356
361 4958
627 2503
23 4806
764 3588
707 3490
767 4709
461 3729
884 4380
30 3714
767 2714
726 1054
186 1248
614 2692
448 1161
247 484
755 86
865 4420
287 2048
949 1190
477 2994
116 960
401 4091
333 4202
524 3681
459 900
322 3961
101 550
741 1056
620 4134
633 3565
944 1765
102 764
684 1954
401 877
573 2558
947 347
575 326
321 3078
400 1380
98 3737
426 1014
220 2684
86 2566
279 1635
628 1808
608 2302
876 2303
975 4503
640 4129
138 4591
863 3606
120 3089
596 356
143 4876
300 1814
527 542
764 2449
860 1844
937 1390
263 4955
262 491
29 834
394 4529
527 1414
631 1095
297 549
251 3966
348 419
803 3059
51 1063
267 105
777 3799
296 1644
698 3736
735 3478
173 751
610 1654
209 1491
186 404
429 1329
607 238
638 2119
994 4279
341 2545
172 378
302 1671
581 2803
2 1860
38 3815
134 4496
678 2583
890 1271
601 2305
339 1257
548 4183
65 584
747 3534
18 3013
467 4175
325 899
40 610
23 1986
648 46
458 1661
110 1346
977 2901
552 4344
765 3204
794 740
139 4818
705 58
60 300
768 3365
371 3016
694 3888
603 3458
438 1233
758 218
702 617
7 4323
817 742
737 430
861 1225
678 2509
645 4376
625 920
184 2285
668 244
32 421
395 2663
820 282
287 2061
470 953
940 4766
966 2420
907 2189
461 330
760 4035
379 3202
693 3858
306 1508
870 3434
321 4176
691 3104
306 2429
825 730
795 2171
561 2796
577 1305
576 3430
552 3704
429 2667
932 4790
966 2964
956 636
515 2459
754 2728
481 2393
532 1404
512 2360
78 3789
542 4705
717 1549
770 4519
93 2473
42 1370
341 548
245 4582
766 154
289 1937
439 3502
31 2041
260 925
410 2611
98 1208
804 2653
404 2229
760 61
65 1287
217 423
588 4514
938 4691
731 4440
860 2165
793 223
419 2435
852 3856
353 42
984 3105
257 2298
370 2972
949 1389
533 4790
233 229
400 1017
662 3011
918 379
160 1256
716 1524
64 2760
967 3796
395 465
924 386
9 4312
606 742
871 2965
212 9
573 2331
296 4735
416 273
209 1380
930 1955
713 3300
429 217
936 2753
243 663
175 2785
441 1627
86 149
184 4115
519 4427
907 2540
512 4685
699 1532
581 4984
590 1265
404 4774
611 2399
887 821
944 4975
797 1438
901 4634
129 3286
958 3002
418 480
516 3177
169 1105
621 1120
319 4906
360 4642
164 1570
210 3398
649 3130
587 3072
951 3407
945 4272
941 1899
60 3026
310 4980
633 4589
536 1611
136 1708
127 4134
725 3456
744 743
114 3595
758 4172
203 4975
200 4789
505 2421
529 1776
865 2326
7 3736
106 4126
21 3898
810 2052
809 3519
145 195
486 868
596 3700
891 3341
283 737
602 2062
436 3828
202 2216
190 3638
485 3218
478 4832
459 1270
774 2166
150 2896
409 2815
972 1562
208 1678
815 2435
361 2956
288 1827
194 836
176 328
370 1029
502 44
345 4636
324 685
986 2703
290 1868
272 2795
233 2662
599 3766
929 1662
430 4286
27 4361
860 913
928 1465
936 1298
256 4594
103 4003
884 2088
562 4677
733 1119
397 4810
18 2082
921 2003
750 1397
890 4218
168 3986
114 2410
281 3656
877 4018
338 4151
475 477
787 13
98 1053
604 1628
433 195
568 2410
317 2601
173 1920
112 1320
238 2020
444 2002
185 1343
493 1130
386 3615
541 1079
262 1845
437 2476
720 3968
683 2779
399 249
126 2341
462 1909
348 4948
331 2119
573 1330
296 155
309 2310
357 4027
565 1942
604 366
691 1440
708 1036
669 1184
359 3435
322 4845
220 4814
770 316
973 1624
737 2355
602 3221
568 2679
749 4066
939 1559
411 1544
332 2287
153 725
223 2301
781 1451
204 4007
353 3567
648 2724
923 2787
884 1022
551 324
268 1335
868 4012
601 417
611 4378
912 3588
548 2365
385 891
248 3589
153 3543
592 2754
8 1123
772 1339
412 1671
645 4744
708 1021
420 1840
134 695
352 2804
233 4783
828 4010
915 3525
726 3355
308 2084
746 901
146 2901
245 1906
531 2987
626 1367
62 4926
112 3557
778 4984
954 3524
525 4715
342 2027
23 3593
55 3522
348 2442
915 2448
518 4530
805 3661
216 1072
804 2753
564 3960
978 4747
654 3561
998 3043
87 3464
499 904
691 2955
423 4995
819 1959
652 1650
844 2699
842 4278
542 3907
931 4349
262 1798
726 2537
548 3208
485 3927
341 4593
854 4657
634 316
438 4765
231 232
465 491
70 2418
276 3611
90 3137
115 2188
676 2593
515 3966
529 4705
946 1585
689 2325
801 1764
706 1733
169 392
427 2915
987 2330
290 225
286 4596
503 3129
229 4492
254 1115
231 4995
624 1203
181 4455
331 3192
336 1322
717 2710
936 1993
725 3349
86 2710
163 3704
475 4791
987 3630
174 1436
334 1628
865 1269
968 473
677 2801
627 1233
914 2352
210 2419
368 2827
263 12
833 2062
39 4569
277 3885
440 1880
116 4500
818 2304
63 1341
587 1204
792 4566
97 3572
69 2128
268 3300
569 2370
537 595
379 3876
56 2109
213 3004
510 994
878 92
668 4885
600 1577
263 4173
891 2902
878 3320
184 2648
631 4251
255 1255
139 2955
826 99
501 2535
784 4261
886 59
666 3145
892 4983
617 3731
607 3742
14 263
514 3455
57 3143
360 4567
883 257
844 3926
12 3591
648 814
261 3837
767 1039
919 2766
203 2085
322 879
936 4024
991 3019
559 2243
871 1685
940 3486
25 441
120 4588
472 4308
784 2789
666 2350
388 4317
491 2823
992 387
488 4464
975 315
484 4406
451 1893
903 546
694 4180
386 2724
796 3072
916 3987
422 3492
199 2718
793 1440
124 1886
301 2192
795 1298
79 1556
308 906
288 3382
625 292
243 1831
673 3114
547 1050
63 3090
442 3191
944 3917
947 4225
905 1457
793 1424
871 3591
446 2416
501 3908
397 2473
546 1756
112 3821
167 4635
474 37
197 2307
878 1172
998 2905
135 826
407 2191
190 2306
229 3979
359 2396
756 871
996 4532
529 3135
128 1002
666 799
661 2088
352 4754
136 4215
804 4171
455 3274
231 2824
650 1673
465 2594
415 1967
955 4431
363 1652
628 2480
776 4221
392 923
2 1359
724 2697
194 2543
484 865
739 1853
445 1108
751 396
211 1551
595 3876
236 261
246 4801
851 3370
430 1401
622 3584
907 3449
881 1038
506 4177
417 356
916 3411
513 825
565 2672
976 2813
997 3371
913 215
570 1844
242 800
3 2678
982 2430
375 634
707 1050
628 4594
100 4482
177 1846
264 3031
805 2227
617 1136
773 3623
710 2630
201 646
497 3871
647 1488
474 3467
895 1248
474 689
830 4199
785 4635
108 1447
265 1910
