1000
0
1 686
0
0
2 684 146
0
2 595 623
2 916 296
0
0
0
0
0
1 289
1 123
1 806
4 982 58 951 676
2 563 541
1 144
0
0
1 530
1 335
1 905
2 982 251
0
2 920 66
3 265 197 165
2 608 428
3 508 108 979
2 149 663
2 248 986
2 963 629
0
1 185
0
0
1 469
3 875 772 698
4 359 482 939 65
1 44
0
1 323
1 789
2 424 65
3 276 794 718
0
1 44
3 167 674 115
2 145 410
1 478
1 489
0
2 603 434
2 9 219
1 847
0
0
0
0
0
0
2 168 330
3 617 304 198
2 67 537
1 650
0
1 616
0
0
1 177
3 283 664 511
0
0
1 765
2 129 824
0
4 101 206 674 918
0
1 925
1 328
1 220
3 543 494 132
1 550
1 545
1 418
3 316 30 883
0
0
1 696
0
3 529 981 588
0
0
0
0
3 754 441 869
0
4 816 911 609 560
1 811
1 474
2 996 731
0
0
0
1 427
2 540 518
1 557
0
2 454 307
0
1 446
1 147
1 899
1 777
2 51 176
2 601 487
0
0
1 483
0
2 347 173
0
1 808
2 325 807
1 763
1 355
0
1 193
0
0
0
1 717
0
1 604
1 472
2 921 313
1 236
2 720 775
1 968
1 701
1 322
1 621
1 642
1 281
2 102 834
1 858
0
1 990
2 899 473
1 383
0
0
1 245
1 235
2 6 756
1 702
2 628 401
1 600
0
2 828 697
0
0
1 969
3 215 585 855
0
2 78 801
0
0
1 87
0
0
1 745
1 327
0
0
1 589
0
2 535 113
1 477
2 248 684
1 75
0
0
1 336
2 326 874
1 644
1 397
2 212 186
1 382
1 685
1 699
2 398 88
3 105 183 838
0
0
1 533
1 725
0
1 784
1 957
0
0
0
3 661 36 714
0
1 627
3 221 381 211
2 831 187
1 681
0
2 267 531
4 933 940 192 49
0
0
1 488
0
0
1 513
1 891
1 26
0
2 122 643
2 403 884
3 406 10 902
1 162
1 447
3 942 707 246
0
2 205 43
0
1 159
0
0
0
2 222 97
3 12 937 263
0
2 851 973
1 815
1 612
2 443 124
0
0
3 760 478 11
1 119
3 226 716 486
3 881 844 302
0
1 476
3 391 62 74
1 213
1 393
0
1 134
1 45
0
2 606 126
3 857 896 517
0
0
0
4 238 492 228 500
0
4 133 739 37 879
2 388 98
1 850
0
1 437
4 787 194 858 803
0
0
1 575
2 466 411
1 980
1 785
3 922 334 984
1 199
0
0
0
2 421 978
3 870 758 352
1 293
2 459 901
1 645
0
0
1 777
0
2 491 658
2 827 250
0
0
0
1 561
0
0
0
0
3 294 404 423
0
0
1 553
3 969 936 5
1 39
3 653 81 329
1 196
0
0
2 73 526
0
0
0
2 782 89
0
2 298 792
2 208 374
1 515
1 445
1 820
1 375
1 259
0
3 101 301 951
1 178
2 1 156
2 464 873
1 846
3 960 42 396
1 349
0
1 972
2 851 378
0
1 148
0
1 615
0
2 579 25
1 906
2 244 669
2 771 904
1 675
2 839 242
1 31
3 281 118 774
1 652
0
3 977 86 202
3 751 191 158
1 142
0
0
2 531 455
2 139 305
2 365 796
1 392
2 633 127
2 666 865
2 189 38
4 966 994 473 143
0
1 522
2 780 274
2 746 682
0
0
1 519
2 361 170
0
1 606
1 343
3 634 888 719
2 586 467
0
0
0
3 53 935 407
0
0
3 683 970 357
0
4 556 534 490 840
2 853 256
1 818
0
1 516
0
2 750 471
1 350
2 541 982
2 667 571
4 886 68 63 465
1 913
1 92
0
0
3 985 639 253
2 188 355
0
2 926 890
1 180
1 106
2 964 104
2 200 400
0
0
1 414
2 871 692
0
0
1 436
0
2 776 907
1 952
2 232 867
3 524 767 169
0
0
0
0
1 552
1 442
2 882 453
0
1 284
1 739
0
1 270
0
1 420
0
1 943
1 237
0
1 753
1 934
1 967
0
1 57
1 509
2 802 885
1 901
1 749
1 40
0
3 788 387 290
2 723 993
1 728
2 56 229
0
1 759
0
0
0
2 538 830
2 512 610
0
2 700 312
1 56
1 380
2 732 7
0
3 502 499 186
0
0
0
1 679
1 812
0
0
1 703
0
0
0
1 362
0
0
1 755
2 479 350
0
1 974
0
0
0
0
1 239
1 450
1 373
1 348
3 931 52 945
0
2 909 224
2 779 813
1 946
3 570 995 462
1 895
2 679 877
2 733 565
0
0
1 578
0
2 106 514
2 17 386
2 377 819
1 150
3 235 626 55
2 833 120
0
2 138 852
0
0
1 862
1 976
0
0
1 76
0
1 602
1 131
2 928 252
0
1 766
0
0
0
0
1 230
2 813 297
1 19
1 21
0
1 152
1 726
0
2 728 363
1 104
1 484
0
1 243
2 136 429
1 730
0
1 324
1 711
1 912
1 569
1 259
2 94 389
2 195 126
2 762 268
0
2 927 175
0
1 568
0
0
0
2 431 648
1 110
1 338
0
1 476
0
2 344 339
2 920 734
2 892 708
0
0
2 266 712
1 107
1 364
1 504
0
0
0
3 941 809 793
1 503
1 31
1 419
1 949
3 409 962 82
0
1 528
1 166
2 710 282
0
1 894
2 783 340
1 567
0
2 930 108
0
1 829
0
0
1 551
3 160 656 564
4 358 452 651 261
1 786
4 288 641 929 555
1 451
2 677 130
1 360
3 558 3 587
0
3 842 848 680
3 430 927 713
0
0
0
1 51
0
1 128
0
2 694 308
0
0
2 908 190
0
0
1 975
0
3 83 724 187
0
0
0
2 61 405
4 573 485 463 984
1 866
1 813
3 310 47 15
3 861 741 637
1 457
3 415 356 412
4 688 868 318 390
1 408
0
2 836 770
1 583
1 449
4 448 278 207 77
0
2 860 277
0
2 620 704
1 333
0
1 825
2 315 923
3 157 593 495
0
0
1 432
1 655
0
2 413 165
4 915 542 961 88
0
1 456
0
1 496
1 240
1 778
0
0
1 214
2 332 440
0
2 860 366
1 48
1 806
1 112
1 898
1 580
1 23
1 806
1 736
1 376
2 597 988
2 85 439
4 524 497 371 125
1 764
1 291
0
1 539
2 837 547
0
2 314 72
0
2 798 231
1 416
1 614
1 678
3 728 638 605
2 28 224
1 992
5 958 78 689 70 687
1 22
1 660
0
2 204 720
0
1 532
0
0
2 14 592
0
1 572
0
0
2 260 582
0
1 810
0
1 351
0
1 998
3 475 895 264
2 241 550
1 233
3 841 665 346
0
0
1 210
2 204 269
1 738
1 737
2 959 209
3 331 24 924
0
0
2 501 781
2 35 525
0
2 369 903
1 649
0
1 742
1 636
3 826 768 725
1 893
1 28
2 303 956
2 997 384
3 668 520 27
0
0
1 109
0
1 577
1 631
1 223
0
1 279
2 171 761
0
1 791
3 435 425 257
0
1 613
3 630 769 566
2 548 550
0
1 684
0
0
2 172 977
1 154
3 991 729 258
1 599
0
3 481 470 345
1 503
2 218 203
3 823 153 379
0
1 887
1 797
1 164
3 916 422 632
1 201
4 723 999 444 654
0
1 598
1 34
1 116
0
0
0
1 433
0
0
1 254
1 64
1 505
0
0
1 618
1 691
1 878
2 832 576
1 673
0
6 914 800 872 911 603 93
2 625 747
1 71
2 100 294
1 856
2 744 242
1 938
1 96
1 480
1 29
2 372 950
2 546 690
1 821
1 470
0
1 622
1 206
0
0
2 789 317
2 955 670
1 525
1 90
1 863
0
0
1 57
1 321
0
0
1 91
0
2 607 46
1 320
2 672 417
1 688
1 385
0
1 4
1 646
0
0
2 611 989
1 225
0
1 693
1 299
0
1 291
2 41 285
0
2 247 594
1 619
0
0
1 280
4 859 255 164 319
1 95
1 287
0
0
0
0
0
2 370 394
1 510
3 536 889 99
0
3 292 18 278
1 468
3 804 272 275
3 79 987 59
0
1 954
0
2 8 399
0
3 900 647 506
1 80
4 721 843 706 971
2 953 135
0
2 584 174
1 16
0
3 711 773 735
1 20
1 748
0
2 43 814
0
1 247
0
1 805
2 309 460
1 161
1 461
1 854
0
1 172
2 50 947
1 137
1 705
1 722
0
1 262
1 709
1 306
2 790 163
0
3 179 983 286
0
2 897 817
1 805
1 685
2 624 311
3 458 596 932
2 103 341
2 122 715
1 554
4 342 337 354 527
3 314 140 549
1 412
1 876
0
0
0
0
0
1 402
2 420 719
3 574 493 33
1 2
0
1 581
2 640 659
3 822 835 539
1 367
2 114 880
3 919 395 181
0
1 27
1 498
0
2 795 521
2 353 757
1 806
0
1 590
2 498 54
1 948
1 271
3 426 69 368
1 368
0
2 910 657
1 121
1 727
3 111 217 829
0
1 591
1 300
1 671
0
0
1 273
3 965 845 284
3 562 227 951
1 658
0
2 864 249
2 523 799
2 662 544
0
2 155 559
0
1 84
0
1 695
1 267
7 743 182 507 904 234 944 917
0
0
1 740
1 849
1 765
1 635
1 117
2 295 32
1 151
1 216
2 752 60
3 13 184 141
1 438
