300
1 32
3 168 137 82
0
1 16
1 255
2 220 110
0
2 177 13
3 103 59 296
0
1 223
2 151 158
1 290
0
1 241
0
1 126
1 87
0
2 95 176
0
1 281
2 20 252
0
1 102
0
2 182 171
0
1 187
1 76
1 164
1 175
1 106
2 15 120
1 269
0
0
2 193 62
0
2 244 157
1 208
1 167
0
2 94 212
1 180
2 149 239
4 260 250 206 93
1 46
0
1 8
0
1 68
2 298 78
0
0
2 299 211
1 98
4 72 1 172 256
1 52
1 121
2 270 65
1 245
1 60
2 184 97
1 113
1 166
0
2 67 4
2 205 51
0
1 248
2 63 202
3 130 86 257
1 58
1 71
0
3 9 224 214
0
0
0
0
0
0
0
0
0
1 27
1 229
0
0
1 17
0
0
1 261
0
0
0
1 160
2 40 124
0
0
0
1 144
1 31
1 45
1 251
2 295 274
1 210
0
1 236
0
1 92
0
1 153
2 287 21
0
0
3 19 197 291
2 246 125
4 271 266 2 186
1 231
0
1 7
1 243
0
0
1 100
0
0
2 198 11
2 284 64
3 12 277 263
2 155 111
0
1 150
1 35
0
2 49 55
0
0
1 222
1 131
0
1 268
2 249 219
0
0
1 127
2 272 225
0
0
3 282 74 3
3 6 221 43
2 123 112
0
2 25 66
2 83 47
1 24
2 41 132
2 140 99
1 48
0
1 267
2 232 247
1 141
2 30 174
1 185
3 89 283 235
1 192
0
1 253
0
2 237 194
1 85
0
0
2 107 114
4 34 294 80 297
1 136
2 122 275
0
3 204 69 286
1 90
2 162 5
1 179
1 133
1 293
0
1 23
0
0
2 61 22
1 44
1 259
1 143
3 105 57 209
1 207
0
0
2 227 201
4 101 135 196 258
0
1 156
3 265 147 242
0
1 203
2 183 189
0
0
0
3 278 37 142
0
1 134
0
1 240
1 29
0
0
3 188 128 191
0
2 28 56
1 50
1 280
1 108
0
0
0
1 200
1 14
1 118
0
2 146 36
1 38
3 53 26 181
0
2 233 285
0
1 145
0
0
1 254
3 262 169 81
1 276
1 119
0
2 279 213
2 230 165
0
0
2 199 152
2 116 33
1 170
1 39
0
0
0
0
0
3 139 104 154
1 117
3 161 234 88
1 42
1 292
1 10
0
0
0
3 288 173 96
1 163
0
1 178
1 190
2 129 77
2 216 115
0
2 228 217
0
0
2 226 18
1 289
0
0
2 73 75
1 79
0
1 54
0
1 238
0
1 91
0
2 273 159
0
0
1 138
2 84 218
1 264
3 215 195 148
2 70 109
0
