500
2 416 81
2 436 113
2 295 219
1 20
1 407
1 341
4 56 357 335 77
4 490 413 474 356
1 482
2 222 98
0
3 265 288 225
4 364 382 349 63
1 199
2 464 13
0
2 51 113
1 134
2 96 201
3 8 400 104
4 298 112 57 285
1 9
2 310 5
3 6 163 499
0
2 479 350
3 420 97 55
4 437 289 9 318
1 374
4 166 376 255 432
2 78 66
1 421
2 305 460
0
0
3 161 206 168
1 241
4 381 151 401 407
1 467
3 414 338 340
2 123 90
1 382
3 138 212 130
4 325 259 204 282
2 272 289
5 424 156 174 450 110
3 72 294 498
1 303
1 262
1 110
0
0
2 300 279
4 94 452 311 108
4 458 192 159 308
4 314 477 323 109
1 142
3 481 396 198
2 298 473
2 163 141
0
4 205 145 217 390
1 389
2 271 416
3 464 355 81
3 309 339 42
1 380
4 369 360 328 10
3 296 423 473
2 65 181
0
1 191
1 391
4 421 190 48 313
4 326 68 427 462
0
4 334 478 148 231
2 334 93
6 419 243 415 118 30 318
0
4 107 158 54 22
5 149 111 194 454 428
0
1 105
2 394 4
1 309
1 425
2 468 362
3 171 301 165
1 114
5 469 304 240 131 324
0
1 16
3 237 351 489
1 193
7 410 223 438 356 59 170 363
2 124 191
2 367 213
5 117 487 333 21 82
0
0
1 451
3 314 17 197
1 165
1 118
3 138 67 102
2 31 363
1 258
2 100 252
0
4 155 348 344 394
4 139 332 261 253
1 35
1 232
2 101 228
4 100 78 359 449
2 262 37
1 239
1 371
0
3 304 157 317
0
4 244 388 64 478
3 91 444 26
1 146
1 274
3 106 2 361
2 46 186
1 227
1 444
3 166 291 126
2 162 247
3 293 216 233
2 161 225
0
2 322 11
1 476
3 271 51 431
2 326 129
0
1 229
3 12 267 367
2 249 317
1 123
3 497 173 176
1 16
2 275 88
3 408 109 33
1 40
4 457 221 442 448
3 178 257 384
0
0
3 28 195 41
3 325 15 87
1 316
1 268
4 409 206 179 488
0
1 128
2 435 157
2 24 214
2 406 440
4 84 189 269 203
2 73 147
3 391 398 372
0
1 413
0
4 160 463 362 263
2 475 8
1 297
0
5 403 266 30 383 43
3 182 178 301
6 441 386 95 493 235 114
1 490
2 475 130
5 408 294 80 70 153
1 348
3 336 211 66
0
2 128 460
1 365
1 341
1 153
2 204 252
3 12 107 373
1 220
4 89 491 310 246
6 105 419 337 216 266 195
1 272
4 358 173 36 37
2 73 46
1 270
5 392 366 284 428 143
2 353 167
2 34 315
2 133 54
2 182 21
1 305
4 40 376 228 197
0
1 215
4 222 476 443 456
3 293 264 33
3 496 238 184
2 19 164
3 218 76 297
2 172 451
2 250 290
1 351
2 457 143
3 35 412 115
2 480 296
0
1 287
4 281 133 85 385
1 489
3 139 283 202
0
0
0
1 10
1 248
3 50 234 269
1 377
1 159
1 456
5 331 196 203 60 38
1 88
1 103
3 50 453 431
1 104
3 83 276 75
0
1 378
1 151
2 410 455
1 135
3 397 2 275
2 388 125
4 56 227 327 31
1 347
7 430 243 458 162 355 434 385
1 477
4 414 260 180 38
1 303
1 417
0
1 280
2 459 180
1 268
3 265 122 492
1 155
0
3 364 45 439
4 116 17 254 23
2 461 495
2 480 273
2 485 148
1 190
1 307
4 210 3 60 418
1 322
3 39 465 234
1 409
0
3 381 321 426
3 380 14 86
4 496 117 257 22
4 485 393 267 120
4 282 486 399 418
4 3 235 324 396
3 171 436 352
1 411
3 140 443 154
0
4 386 69 483 417
5 237 79 219 346 71
5 358 248 276 389 164
1 121
5 177 288 411 461 82
1 125
2 369 85
1 349
1 208
1 94
2 347 220
1 201
3 18 145 5
1 335
3 433 329 308
2 34 469
0
4 332 404 467 401
4 116 135 75 412
4 486 454 80 472
1 127
0
1 141
1 167
0
1 242
2 447 370
4 127 200 202 236
1 86
3 361 76 286
0
2 223 11
3 446 189 68
0
3 287 18 471
4 402 29 79 230
3 406 115 440
1 188
1 327
0
1 343
6 463 172 134 377 279 484
2 255 448
1 312
4 491 277 494 65
2 224 87
2 194 429
3 283 273 132
1 253
2 285 264
1 102
0
0
4 39 169 92 352
1 196
1 429
3 420 19 181
2 392 214
2 254 307
0
4 215 331 404 136
1 320
2 432 422
5 84 7 415 278 124
1 395
2 278 302
1 320
0
2 233 333
1 230
3 177 212 241
3 61 211 70
2 226 47
0
2 387 422
3 23 150 384
0
1 471
1 340
1 242
4 83 245 64 131
2 53 48
3 1 74 99
2 25 176
4 28 25 185 329
3 90 295 152
3 29 218 137
0
2 240 136
1 445
0
4 144 69 47 395
2 397 251
3 221 244 174
3 226 342 466
2 217 43
1 249
3 292 150 284
2 270 315
1 399
2 45 224
1 345
1 198
1 108
1 313
3 6 146 438
6 465 427 466 433 142 93
2 403 121
2 4 494
3 122 207 434
2 383 323
1 312
3 36 439 170
1 299
1 89
2 95 247
0
0
3 430 210 450
3 425 205 345
1 426
3 372 213 373
2 106 246
1 77
1 187
3 479 256 231
4 474 260 200 209
2 232 455
2 435 493
1 250
2 424 328
0
0
0
4 52 449 251 99
0
5 183 321 239 186 27
1 492
2 112 357
5 441 299 91 59 291
2 452 63
2 49 330
2 13 41
1 375
1 169
1 156
3 160 1 495
3 453 126 187
3 193 199 158
2 405 175
3 281 378 27
4 72 188 152 120
2 387 96
3 481 20 379
4 184 119 263 208
0
2 379 346
4 24 168 58 499
2 53 423
2 470 179
3 292 470 459
0
1 98
2 365 140
4 447 74 300 15
1 92
2 342 483
3 238 57 482
1 360
3 129 306 319
1 26
4 337 207 390 484
2 67 366
2 487 97
1 132
2 468 62
2 442 58
0
2 101 371
2 402 336
7 111 497 14 350 32 49 462
0
5 7 103 236 192 44
1 338
4 354 498 71 154
3 370 175 44
3 261 290 374
0
2 245 339
2 144 277
2 393 280
0
2 398 42
2 446 405
1 137
1 368
1 185
1 62
2 259 61
1 256
1 258
2 344 286
0
2 183 52
0
0
3 437 368 330
3 472 274 32
2 316 302
1 149
1 488
1 147
0
1 445
0
1 306
2 319 55
2 375 359
5 353 354 343 400 209
2 311 119
0
1 229
