500
9 29 200 2 19 47 14 21 71 308
5 6 3 207 499 44
5 486 123 163 4 5
9 23 299 35 41 256 131 10 104 66
5 117 7 8 20 334
6 61 375 12 480 228 42
6 17 34 9 27 16 286
5 106 18 299 13 43
5 116 430 265 133 313
4 29 31 120 11
1 139
5 51 178 157 15 22
0
4 281 309 63 33
4 56 30 70 98
1 172
3 100 38 385
6 28 331 67 431 268 32
7 39 45 370 24 234 142 137
2 25 219
4 40 294 231 154
2 36 208
6 50 443 97 37 26 88
3 46 53 461
2 287 202
1 129
0
3 140 394 81
1 272
4 388 91 279 241
4 381 75 64 390
4 156 449 125 49
4 78 79 294 77
6 408 62 90 489 148 132
5 221 300 213 81 59
6 122 89 420 134 162 346
3 398 212 290
3 167 115 55
3 485 205 218
3 150 58 302
4 496 74 389 192
7 282 84 151 52 82 60 462
4 463 190 80 48
3 184 76 253
3 474 452 366
2 336 94
1 240
1 93
3 107 96 113
4 479 468 87 187
4 160 326 95 99
3 86 136 65
3 223 87 54
3 111 147 181
2 57 109
2 224 103
1 411
3 216 327 263
4 83 232 260 135
2 138 177
2 214 429
0
4 393 152 307 341
3 482 330 220
4 146 69 174 164
3 325 72 467
3 68 432 174
2 73 85
0
2 199 245
1 455
2 359 351
0
4 485 128 250 102
2 276 324
0
5 105 158 483 186 159
2 182 261
5 144 101 262 108 384
0
3 196 191 92
3 210 124 246
2 171 453
3 193 340 110
3 347 267 275
2 166 118
0
3 129 163 170
1 217
1 161
0
3 398 412 451
1 444
3 377 208 175
1 440
2 127 304
1 207
1 168
4 266 438 130 203
3 413 149 396
1 141
2 278 495
0
3 320 366 119
3 378 153 357
2 465 445
2 185 330
2 190 230
5 314 135 345 356 406
2 381 121
1 112
1 423
4 172 366 114 417
2 155 198
0
1 345
2 441 451
2 317 368
0
3 288 329 423
0
2 189 306
0
1 173
2 409 126
1 358
4 215 277 379 484
0
1 169
2 369 387
3 386 188 183
2 414 233
2 476 367
0
1 145
2 342 454
1 312
2 270 309
4 293 211 165 143
3 151 278 394
2 206 273
0
2 179 488
1 371
0
0
0
2 239 401
1 244
5 435 195 427 323 395
1 405
3 337 382 407
0
1 190
3 424 411 170
1 169
0
4 249 222 212 192
0
1 446
2 356 176
1 352
1 343
2 180 197
2 204 301
0
0
0
2 295 296
2 271 374
3 229 220 242
3 292 442 316
1 478
2 194 255
0
2 448 410
3 402 243 269
4 314 259 437 242
1 380
1 233
2 335 236
0
2 310 211
0
0
3 397 371 201
0
2 452 459
0
0
3 287 210 360
1 392
0
0
0
1 247
0
2 436 361
0
3 326 258 209
0
0
2 434 225
2 375 338
1 284
1 291
0
2 497 410
2 353 344
1 493
2 226 388
5 254 227 365 400 280
0
1 281
1 421
1 339
0
0
0
3 237 444 235
1 238
2 283 251
1 252
3 257 285 247
0
1 476
2 425 385
0
3 437 362 297
3 375 260 499
0
1 305
2 248 372
0
0
1 309
1 442
0
0
2 348 404
0
3 424 376 473
1 264
1 464
1 321
1 358
0
1 395
0
0
2 475 318
1 489
0
0
1 412
1 274
2 311 378
0
2 333 477
1 381
2 457 381
1 279
1 435
1 328
0
0
0
1 374
2 332 416
0
0
1 499
1 289
1 472
3 303 298 477
1 363
0
1 422
2 321 371
1 365
1 313
1 350
0
1 319
0
0
0
0
0
0
2 391 470
0
0
1 491
1 315
0
0
1 450
0
1 466
1 439
0
0
2 349 500
0
2 403 428
0
0
2 378 418
0
0
1 484
2 481 389
0
1 322
1 469
1 459
0
1 355
0
1 438
1 458
0
0
1 462
0
1 354
0
2 344 478
0
1 399
0
0
0
1 460
1 369
0
0
0
0
0
0
0
1 457
2 397 500
1 373
0
1 364
0
1 463
0
1 426
2 447 442
0
1 383
0
0
0
0
0
0
0
1 406
0
1 469
1 471
0
1 391
0
0
0
2 404 433
0
0
1 415
0
3 406 494 495
0
0
0
0
0
0
0
0
0
0
0
0
0
0
1 398
2 492 472
0
0
1 428
0
0
0
0
0
0
0
0
0
0
0
0
0
0
0
0
0
0
0
1 419
0
0
1 490
1 478
0
0
0
0
0
0
0
0
0
0
0
0
0
0
0
0
1 487
0
0
0
2 446 456
0
0
0
0
0
0
0
1 457
0
0
0
0
0
0
0
0
0
0
1 498
0
0
0
0
0
0
0
0
0
0
0
0
0
0
0
0
0
0
0
0
0
0
0
0
0
0
0
0
0
0
0
0
0
0
0
0
0
0
0
0
