1000
10 61 7 2 272 129 8 3 37 10 550
3 6 134 4
7 420 250 107 257 125 26 44
3 46 5 22
7 39 859 12 546 117 85 9
5 336 348 838 217 146
4 623 124 16 55
6 138 105 212 417 121 11
5 112 13 14 917 907
3 41 58 955
5 72 50 150 101 966
4 17 52 86 15
4 67 18 24 466
4 607 118 21 38
7 34 723 19 36 488 92 98
3 83 20 136
3 265 229 27
11 51 789 74 91 25 152 879 109 87 258 616
4 28 78 29 411
4 35 734 32 126
3 403 223 60
5 23 255 86 64 81
1 500
4 353 580 80 374
7 160 40 244 30 190 153 77
3 31 76 110
2 435 106
3 567 343 114
3 45 213 43
4 975 73 47 422
1 484
6 133 469 68 718 285 33
2 42 54
4 70 59 65 726
5 545 141 252 401 99
3 194 806 163
2 167 57
3 116 89 158
3 188 177 79
4 62 415 773 191
3 222 48 274
1 476
2 53 181
2 498 97
2 426 162
3 276 56 131
4 710 453 206 278
3 455 103 49
2 63 113
0
3 127 172 811
6 760 432 245 119 307 418
1 71
1 69
1 147
3 227 190 383
2 171 144
2 94 66
3 321 218 340
5 232 201 175 104 319
1 425
2 270 593
2 650 592
2 267 75
7 111 524 927 416 532 93 82
1 159
5 419 260 84 333 626
2 168 560
2 899 891
3 668 140 137
1 284
3 490 729 472
4 370 95 108 198
8 413 596 222 123 349 174 748 605
3 728 200 151
1 960
4 237 338 653 802
7 826 364 216 586 344 256 384
1 120
2 624 88
2 254 214
2 233 456
0
2 183 404
2 155 203
4 380 100 96 247
7 193 617 128 504 207 649 462
4 463 439 269 297
1 90
2 130 220
2 910 587
5 766 713 548 164 957
3 199 535 337
2 645 316
1 492
6 739 509 377 102 176 165
2 470 132
4 727 135 1000 186
4 611 342 629 933
4 809 376 808 990
4 402 705 309 115
2 211 195
3 783 566 693
5 221 122 405 582 351
7 243 205 156 867 224 169 665
3 530 520 390
2 391 143
1 248
1 179
2 942 251
1 209
1 665
3 239 399 126
1 359
2 523 539
2 414 371
2 161 308
2 261 180
2 909 541
3 358 318 170
0
6 842 238 139 409 429 286
2 388 187
2 779 302
1 347
2 142 506
4 618 288 460 803
2 189 988
2 743 781
2 277 675
5 623 667 365 680 323
0
0
1 973
0
4 430 788 691 175
2 149 157
1 166
0
0
3 323 197 517
5 612 513 398 719 242
5 303 281 210 503 154
7 843 310 145 619 851 148 495
0
3 939 968 231
1 444
3 304 228 561
0
0
3 707 537 339
0
4 600 196 477 571
1 354
1 392
3 557 185 263
3 930 178 608
1 851
1 606
5 479 997 173 427 202
1 859
2 910 614
3 284 637 241
2 182 481
1 369
3 184 350 225
2 733 345
2 780 698
2 689 768
1 661
3 386 305 208
2 299 746
1 589
3 699 534 253
2 327 235
2 204 355
5 215 298 807 786 192
2 744 363
0
1 283
2 553 296
1 678
2 287 451
2 601 372
2 279 324
2 798 289
1 659
1 598
2 993 240
2 699 403
2 446 837
3 219 511 357
1 301
2 470 515
2 273 565
3 272 895 412
0
0
2 543 758
2 755 249
2 916 642
2 313 236
2 452 651
1 985
0
3 361 747 363
2 474 594
0
2 644 832
0
2 576 989
1 932
2 964 818
3 382 542 328
0
1 646
3 804 778 803
1 226
3 897 622 892
0
4 502 846 230 407
1 332
1 507
1 360
0
6 556 424 782 234 764 440
1 306
3 293 294 262
3 519 387 334
3 259 708 290
1 312
4 722 271 449 246
0
2 877 434
1 436
0
2 544 379
1 438
0
2 375 563
1 858
4 314 315 796 763
1 423
2 810 368
1 464
1 894
0
3 486 268 803
4 580 317 609 935
2 422 356
3 765 393 428
1 266
0
3 679 482 643
2 408 621
2 875 720
1 346
3 831 410 471
4 320 921 531 300
0
1 264
2 335 396
0
1 282
1 291
1 737
4 529 740 311 275
0
0
1 655
3 540 454 406
2 292 389
1 642
2 489 280
1 864
4 963 485 761 395
0
1 578
1 627
2 545 658
3 959 564 295
1 352
3 468 652 631
2 568 433
5 331 730 769 725 555
1 603
1 322
2 458 526
1 613
0
0
2 750 756
1 381
0
4 799 817 521 753
2 496 341
1 473
1 821
1 641
2 941 602
1 775
5 628 459 487 366 554
0
0
2 326 751
0
3 551 854 401
4 888 405 774 538
1 627
0
1 362
2 475 900
2 630 790
1 329
0
1 465
1 330
1 450
1 700
1 720
0
2 421 703
2 325 632
1 864
0
0
1 577
3 400 681 918
1 934
0
1 625
1 647
0
2 624 945
1 754
2 525 385
1 378
3 844 536 461
0
2 787 685
1 587
0
2 607 955
0
0
2 409 907
1 572
0
0
0
1 952
0
1 373
0
1 642
1 549
0
0
1 590
1 828
1 396
1 762
1 912
1 443
1 597
1 367
3 640 494 924
1 497
0
0
2 431 714
1 447
0
2 688 795
0
1 860
4 710 953 807 648
0
1 634
0
2 772 394
1 441
3 419 480 570
0
4 969 447 684 671
0
1 493
0
1 397
1 777
0
0
3 584 711 499
4 518 745 762 528
0
2 501 643
2 562 855
1 794
3 574 442 599
2 706 405
0
2 767 907
0
3 776 823 478
1 770
0
0
1 558
4 595 673 775 445
1 816
1 792
0
0
1 620
2 524 638
3 673 801 581
1 865
2 662 922
0
3 491 871 990
1 552
2 448 835
2 701 505
0
0
2 920 814
1 559
1 827
2 676 610
0
1 979
1 717
2 896 654
2 457 437
0
0
1 508
0
0
1 467
0
2 512 793
2 908 979
2 993 905
0
1 759
0
0
2 573 579
0
1 670
2 866 840
0
0
0
2 719 912
0
0
0
3 992 690 660
2 663 818
0
0
1 887
0
2 525 483
1 991
0
2 600 836
3 514 641 588
1 988
0
2 657 686
0
2 668 704
0
1 587
2 970 715
1 721
2 893 652
1 931
1 616
1 569
2 947 522
0
0
1 510
0
2 633 928
1 575
0
0
1 735
0
2 899 847
0
0
0
1 527
0
1 695
1 833
1 741
0
1 874
2 724 516
1 958
1 635
0
0
1 967
0
1 702
1 687
1 841
2 529 569
1 923
1 793
1 986
0
1 881
1 729
1 687
2 886 742
0
0
0
1 987
1 872
1 615
1 533
1 918
0
0
2 971 889
0
1 749
1 692
1 797
0
2 639 750
0
1 591
4 853 547 944 631
0
0
1 599
1 884
1 943
1 585
0
0
0
0
0
3 656 937 591
0
0
1 583
1 949
0
2 785 737
0
0
0
1 636
0
0
0
1 791
0
1 672
1 913
2 938 880
0
0
0
1 677
2 696 830
1 604
1 682
0
0
1 680
0
2 848 861
0
3 710 689 819
1 829
0
3 954 906 736
0
1 885
0
0
2 856 669
0
1 927
0
0
1 873
0
0
0
0
0
1 708
0
1 664
0
3 917 857 907
0
0
1 738
1 940
0
1 731
0
0
0
0
1 883
0
0
0
0
1 687
0
0
1 950
0
0
1 683
0
0
0
0
0
0
1 946
0
1 716
0
0
1 732
1 902
0
0
1 709
4 996 811 674 977
0
1 921
0
2 805 712
1 666
0
0
0
0
1 694
0
1 746
0
0
0
0
0
0
0
0
0
0
1 892
1 683
0
0
0
1 752
0
2 872 757
0
0
2 839 878
0
0
0
0
0
2 982 890
0
0
0
1 771
0
1 697
0
0
0
0
0
0
0
0
0
1 828
0
1 815
0
0
2 882 995
1 800
0
0
1 862
0
0
0
0
0
0
0
0
1 936
0
0
0
2 834 983
0
0
1 962
1 794
0
1 812
1 762
1 925
0
0
0
0
1 982
0
0
0
0
0
0
0
0
0
0
1 822
0
0
0
0
0
1 813
0
0
0
0
0
0
0
0
1 870
0
0
0
1 849
1 901
0
0
0
0
0
0
0
0
0
3 850 784 824
1 926
0
0
0
0
0
0
0
0
0
0
1 820
0
1 839
1 825
0
0
0
1 805
0
0
1 949
0
0
0
0
0
1 845
0
0
1 951
0
0
1 914
0
0
0
0
0
0
1 944
0
1 946
0
1 915
0
0
2 919 903
0
0
0
0
0
2 965 863
1 852
1 976
0
0
0
0
0
0
0
1 956
0
0
0
0
0
1 868
0
0
0
0
1 904
0
0
1 869
1 876
0
1 898
0
0
0
0
0
1 948
0
0
0
0
0
1 929
0
0
0
0
0
0
0
0
0
0
0
0
1 999
0
0
0
0
0
0
0
0
0
0
0
0
0
1 978
0
0
2 998 972
1 911
0
0
0
1 980
0
0
0
1 981
0
0
0
0
0
0
0
1 994
0
0
0
0
0
0
0
0
0
0
1 999
0
0
0
0
0
0
0
0
0
0
0
0
0
0
0
0
0
0
1 974
0
0
0
0
0
0
1 961
0
0
1 962
0
0
0
0
0
0
0
1 984
0
0
0
0
0
0
0
0
0
0
0
0
0
0
0
0
0
0
0
0
0
0
0
0
0
0
0
0
0
0
0
