1000
1 635
4 925 926 665 737
0
2 292 679
3 804 388 240
2 326 593
2 562 539
1 199
1 933
0
3 205 807 572
1 102
2 91 759
2 761 366
1 116
2 211 984
4 86 505 395 830
1 143
2 337 80
1 710
0
2 838 973
3 853 634 252
3 773 801 565
0
0
1 37
0
3 644 991 883
2 545 132
1 575
1 422
0
3 786 214 726
6 111 370 174 659 814 275
2 185 417
3 820 6 588
5 809 216 421 951 368
2 185 412
1 731
3 743 600 597
1 47
1 58
2 206 498
2 405 462
1 606
2 986 169
1 520
2 94 428
0
0
0
3 568 299 561
1 126
1 852
2 62 494
1 808
1 390
1 613
2 23 987
6 303 39 689 194 629 747
1 826
1 592
0
1 555
0
3 410 812 561
0
2 893 539
1 943
0
1 392
0
4 584 298 140 108
2 413 824
0
0
4 347 519 619 104
1 76
1 368
1 875
0
2 684 495
2 278 570
1 911
3 215 807 516
1 827
2 762 944
3 226 591 451
8 661 496 7 992 350 378 934 951
2 623 612
5 512 167 443 835 71
2 349 181
1 703
4 199 685 377 922
1 142
2 144 263
2 202 450
2 282 120
3 771 587 103
0
2 713 158
5 190 823 857 43 434
0
3 760 755 290
4 843 645 469 572
2 661 960
4 413 997 235 726
3 459 856 946
2 763 802
2 683 981
4 223 135 488 528
5 985 864 947 739 933
2 233 704
2 414 225
1 89
1 141
2 842 615
3 68 239 795
3 900 906 946
2 893 527
3 458 101 295
4 563 597 322 230
3 551 63 979
1 553
3 128 101 191
1 362
2 686 819
2 30 135
1 621
1 251
3 584 772 484
1 730
4 749 766 894 500
3 383 598 792
1 639
1 709
2 688 563
1 891
3 111 664 285
3 531 509 401
1 920
1 117
1 890
5 155 821 844 884 308
1 889
2 380 303
2 287 590
2 471 884
4 35 470 478 385
2 843 624
3 845 493 192
0
2 811 918
2 348 175
0
1 766
1 281
1 798
2 150 560
2 908 119
2 849 218
3 619 93 374
2 887 513
0
2 204 64
1 767
2 447 631
3 230 313 38
0
2 992 620
2 79 448
1 636
2 488 246
0
3 628 901 109
2 7 174
3 281 662 200
3 354 415 462
4 193 40 862 286
0
5 650 777 982 724 125
1 88
4 721 927 168 583
4 479 145 483 60
1 97
3 149 255 867
0
3 782 601 220
3 827 69 968
5 315 256 983 506 297
6 332 13 492 246 158 81
0
6 552 244 283 834 790 764
1 328
1 156
4 73 409 79 889
1 822
3 556 540 550
6 380 28 573 294 27 16
4 910 785 610 302
0
4 116 430 711 24
5 688 683 18 866 753
1 448
1 806
1 977
3 425 157 642
3 526 207 352
1 428
2 705 381
4 529 130 868 137
2 765 962
1 31
4 249 415 504 836
2 557 899
1 310
1 61
3 166 833 302
1 21
5 677 832 366 234 65
0
4 928 554 290 802
2 288 690
3 479 360 346
3 276 480 19
2 39 602
3 398 279 825
4 844 102 780 483
1 947
4 788 147 857 374
1 920
3 959 712 86
3 952 851 81
2 567 231
2 182 531
2 83 550
1 859
2 800 840
1 566
5 898 91 466 472 924
0
5 999 922 433 693 627
0
2 859 596
1 721
0
3 331 686 82
1 213
4 612 559 670 907
3 13 944 198
1 321
0
2 270 779
2 235 555
2 28 384
4 895 532 967 253
3 547 212 533
1 956
2 8 521
3 226 316 257
0
1 504
1 304
1 997
2 134 312
1 876
4 556 221 950 109
3 552 877 693
0
2 212 351
1 243
3 405 423 231
2 173 208
1 371
1 828
0
1 499
2 112 362
4 534 216 971 571
3 903 915 420
0
3 237 98 599
1 914
4 596 376 317 412
1 963
7 958 799 376 460 797 720 275
1 616
4 821 965 652 60
3 647 197 43
2 861 660
3 711 994 803
2 197 418
4 942 74 786 858
3 790 648 319
0
1 268
2 980 238
4 62 916 768 329
1 162
1 549
5 809 459 317 306 229
0
2 719 253
1 367
2 603 950
1 996
5 221 788 750 250 92
3 633 817 818
1 939
1 361
4 969 326 746 280
4 73 706 676 506
1 249
0
3 156 707 427
1 358
4 458 437 609 334
4 892 475 266 774
2 535 16
4 985 710 607 339
4 942 18 382 52
2 886 359
0
2 98 698
2 431 564
0
2 468 153
2 897 254
3 351 566 88
1 181
1 288
4 3 581 130 747
2 371 604
1 92
1 407
3 998 632 280
4 58 543 4 758
1 487
2 799 662
1 993
1 152
1 56
2 89 669
4 239 301 868 242
2 850 47
3 127 574 718
3 508 118 741
2 975 643
1 644
1 842
4 446 485 541 476
1 776
1 245
2 822 586
4 229 224 169 593
0
3 787 443 643
1 575
0
2 712 131
1 442
2 90 340
3 149 323 44
1 675
1 74
0
1 727
0
1 878
1 375
3 490 400 87
3 161 695 206
1 61
1 99
2 171 789
3 903 96 180
1 854
5 831 865 888 971 735
3 1 513 53
0
2 727 291
1 744
2 743 752
1 806
1 375
2 325 122
2 779 989
2 397 453
3 464 164 940
5 155 306 703 764 456
4 919 166 80 737
1 750
2 585 296
1 943
1 553
2 435 641
1 240
2 630 852
1 872
4 50 507 112 658
4 272 322 577 192
2 548 594
3 96 994 730
0
1 293
2 551 558
3 316 279 291
3 117 569 465
3 966 824 962
2 241 335
2 457 138
2 271 195
2 930 398
1 682
2 95 233
2 215 651
3 10 748 363
3 284 93 165
4 765 754 589 576
2 515 10
2 656 934
4 391 628 274 511
3 905 115 979
2 277 410
3 870 696 663
0
2 177 124
1 510
0
0
3 622 243 769
1 745
2 909 241
3 777 365 64
1 537
0
2 909 505
0
2 545 82
2 849 396
1 740
0
0
3 474 106 701
3 718 663 143
1 775
1 386
2 424 2
6 369 475 723 751 146 956
3 673 305 697
1 848
0
7 430 293 508 426 906 880 781
3 441 12 744
0
2 344 473
2 875 704
1 56
2 796 203
3 798 327 75
1 886
0
1 679
3 160 862 247
2 294 957
3 9 49 220
2 150 267
0
0
1 323
3 213 191 258
4 787 332 295 142
1 758
3 733 460 736
4 573 557 927 467
4 732 826 998 808
2 936 345
3 250 15 170
1 84
0
1 52
2 75 598
5 567 546 145 349 33
1 949
3 309 422 605
1 38
0
1 791
3 722 591 493
2 882 794
0
1 456
0
2 907 742
1 502
2 45 489
2 485 389
2 356 373
3 402 961 22
1 190
0
3 455 318 54
3 392 432 752
5 574 778 740 421 361
1 103
2 921 59
2 131 32
0
2 848 423
2 514 978
2 525 198
1 929
2 204 865
5 314 503 625 411 4
2 315 26
1 931
5 232 652 124 988 900
3 3 819 363
2 651 664
3 144 696 834
2 611 925
2 403 681
1 187
1 324
1 931
4 530 178 427 484
0
3 51 444 26
2 442 657
3 14 708 433
2 6 436
0
1 729
1 760
2 917 264
1 694
1 794
2 854 813
3 580 773 774
1 474
1 51
1 581
1 668
2 972 335
6 930 953 680 582 27 935
3 716 559 20
0
0
4 815 419 888 338
3 23 498 278
1 681
1 533
3 666 705 110
0
3 194 123 846
2 300 923
1 355
3 756 48 945
3 578 511 649
2 464 481
2 12 929
3 259 328 610
1 913
1 989
1 420
4 35 437 125 902
3 578 629 724
2 976 15
2 342 855
2 139 833
2 820 877
2 757 59
1 283
0
3 182 353 57
1 69
3 897 793 340
0
1 657
1 269
1 626
1 579
2 755 954
1 735
5 974 210 161 904 354
1 369
2 148 22
2 811 107
2 171 87
2 217 751
4 320 954 939 803
2 436 345
1 792
3 666 416 763
1 699
1 694
1 691
1 299
3 85 196 604
1 66
2 251 42
0
3 282 57 797
4 908 321 313 451
3 457 503 660
6 745 723 261 817 977 713
3 386 455 356
2 287 97
3 408 775 385
2 260 40
1 895
3 579 372 163
4 991 227 602 632
3 892 390 770
3 178 21 5
1 121
0
2 695 885
0
1 439
3 499 136 841
0
3 123 621 159
1 756
3 468 266 134
4 237 83 915 389
2 932 858
0
3 292 955 115
3 898 973 517
1 8
2 645 627
0
4 523 162 653 400
3 580 746 383
1 642
2 67 687
1 818
1 245
2 646 863
3 540 30 879
2 921 869
1 440
2 196 42
4 359 497 14 55
1 94
2 36 202
1 624
1 461
1 547
3 403 63 262
4 829 312 170 715
3 409 200 333
1 277
2 919 184
2 78 258
2 648 538
4 958 878 912 429
4 486 41 828 603
3 650 667 205
2 899 461
6 793 535 618 85 153 154
1 853
4 771 932 880 44
3 298 387 676
1 172
5 435 762 967 940 71
3 347 635 691
1 477
1 839
6 953 431 207 720 522 605
3 228 785 527
2 861 839
2 417 219
5 454 702 263 671 11
1 248
0
0
1 936
2 72 377
3 222 536 148
0
1 831
2 320 640
1 401
1 689
4 678 784 163 692
2 926 9
1 988
1 77
1 717
1 172
3 964 128 330
4 546 84 783 350
1 941
2 262 631
4 871 379 638 429
3 260 449 968
5 222 411 846 208 352
1 341
0
2 860 466
2 518 450
2 271 481
2 722 476
0
1 894
0
1 565
1 17
2 702 923
0
2 509 913
1 518
0
3 801 896 297
1 188
1 334
2 524 146
2 469 114
1 608
3 872 25 273
2 613 296
1 439
3 138 34 671
1 757
5 127 529 370 284 180
4 700 41 560 995
3 339 147 37
3 507 480 685
1 668
3 728 416 77
3 856 526 725
5 952 408 399 637 330
2 337 741
2 140 438
2 914 558
3 50 759 418
2 732 948
2 677 928
2 501 519
0
2 307 649
2 564 549
1 489
0
3 397 502 736
0
2 568 524
1 674
0
2 655 517
4 338 729 179 176
0
2 404 300
1 495
4 372 31 769 538
1 739
1 965
0
1 949
1 543
2 816 189
2 425 355
1 918
2 177 542
0
1 964
1 490
5 105 646 118 570 236
1 360
3 782 960 301
0
3 108 137 132
0
1 452
3 78 318 11
0
2 184 53
4 331 310 734 924
2 873 637
2 881 276
0
0
3 17 829 510
2 654 269
2 238 791
0
0
0
2 667 665
2 224 104
3 447 813 406
2 470 110
0
2 911 770
0
3 168 434 121
1 520
1 114
2 336 882
3 342 876 847
1 881
6 986 497 955 599 467 286
3 983 268 396
2 589 595
3 655 179 636
2 542 234
5 595 728 129 680 482
4 265 577 242 33
3 129 548 692
2 851 395
2 684 835
0
0
4 672 541 444 990
2 188 515
3 119 120 654
3 391 669 714
2 800 273
2 311 957
2 5 154
3 343 333 537
0
3 329 984 209
2 700 289
1 404
1 810
4 393 938 65 544
3 810 867 768
3 189 516 731
4 672 634 29 500
3 606 309 901
3 122 587 186
2 259 905
0
1 982
1 223
0
3 795 136 252
3 453 384 225
1 622
2 365 778
2 804 855
2 658 896
2 139 641
4 314 904 19 219
5 364 981 261 938 407
0
1 626
2 725 748
3 699 305 324
1 113
0
2 452 274
3 959 620 32
4 767 972 879 582
3 183 673 530
0
1 522
6 353 590 106 978 373 99
6 623 348 871 860 211 554
1 941
4 562 887 90 70
1 393
4 232 970 805 618
2 521 76
2 864 214
1 157
1 492
5 512 255 201 218 825
3 441 832 588
3 270 674 264
3 387 866 863
2 100 687
1 616
2 426 379
2 304 823
2 639 256
1 525
1 343
1 617
4 975 344 113 698
2 734 675
2 34 916
2 611 265
1 814
2 446 463
3 601 183 20
0
2 781 440
2 585 586
0
3 987 465 576
0
1 709
2 382 473
7 776 738 937 816 796 653 49
2 935 528
3 67 414 874
2 272 874
4 424 837 948 438
2 836 682
2 25 445
1 638
5 963 706 327 341 66
1 885
1 640
4 402 336 45 707
2 193 678
1 364
1 608
3 107 840 659
2 463 701
0
5 969 133 29 472 995
1 783
1 54
3 937 583 209
2 910 151
5 358 210 186 164 55
3 357 990 308
0
1 534
3 754 100 607
1 95
1 24
1 714
0
2 501 670
0
1 217
1 151
2 966 285
0
2 749 254
3 46 432 917
2 974 203
2 980 126
1 656
3 491 227 406
1 105
3 1 873 715
1 883
0
3 523 160 847
1 841
4 970 514 845 176
2 2 993
4 617 976 48 357
1 902
2 381 289
1 815
2 870 236
2 789 830
0
2 733 378
1 708
3 248 716 532
1 719
3 625 780 319
2 912 742
2 571 594
2 999 247
2 267 614
2 36 482
3 141 753 544
2 838 165
1 367
3 772 68 394
1 72
1 761
3 738 449 961
4 244 46 784 477
1 569
0
3 496 201 478
2 133 394
0
2 592 445
2 690 307
0
6 996 600 419 167 173 812
2 454 891
2 195 609
2 536 614
2 717 388
3 487 647 159
1 228
2 399 890
3 633 494 346
2 615 187
3 837 491 697
0
2 805 486
4 325 850 311 175
2 152 869
2 630 945
2 471 257
