1000
1 287
2 652 495
0
1 285
3 322 312 748
7 809 320 221 67 767 911 856
1 132
2 882 217
2 875 704
3 876 877 65
1 663
3 971 300 103
2 502 607
2 766 582
1 121
0
0
1 400
2 523 932
1 1
2 480 740
2 996 646
2 901 77
1 578
5 952 980 711 217 632
1 540
3 622 354 609
1 897
2 909 720
3 683 228 75
2 90 833
4 270 442 993 913
1 306
4 12 618 246 37
0
2 188 755
3 963 329 104
4 613 697 444 373
3 325 244 203
2 299 770
3 700 73 660
0
0
6 606 718 895 169 863 445
0
0
2 590 198
4 117 630 460 510
1 822
1 58
2 150 219
2 163 307
2 686 675
2 804 955
2 346 979
2 553 350
2 967 747
3 127 640 741
0
4 508 58 845 614
2 194 288
4 166 128 106 26
3 237 12 542
2 422 819
2 837 877
2 496 966
1 180
3 548 731 33
1 785
0
2 458 392
4 435 467 968 605
3 365 157 945
3 757 830 159
1 515
2 364 696
2 529 535
1 591
2 992 882
2 713 328
3 232 498 75
1 887
0
2 435 253
0
4 287 912 638 308
3 211 510 158
2 930 548
3 883 878 825
3 70 120 379
1 492
1 459
2 177 443
2 976 957
0
0
4 864 17 3 423
4 641 647 566 489
0
2 95 21
0
4 453 481 768 31
5 893 416 637 583 407
2 853 885
5 870 617 52 146 252
2 321 613
3 52 905 340
1 816
0
2 932 257
2 530 323
3 644 343 32
6 523 106 35 575 141 737
3 942 656 337
1 939
4 872 669 174 697
0
3 369 887 769
1 894
1 671
3 538 924 550
2 892 111
2 900 484
1 110
1 420
2 731 682
2 497 509
3 463 821 362
2 782 394
1 796
1 135
3 79 795 65
1 483
2 747 847
1 5
4 997 789 438 313
2 919 964
1 538
2 948 665
2 392 147
1 514
5 578 73 29 576 467
1 821
2 881 284
1 257
2 314 848
2 826 571
2 703 5
4 116 249 915 899
3 172 433 736
2 624 107
2 573 13
3 369 672 647
2 597 291
2 298 473
2 956 164
0
4 276 579 938 977
1 832
2 716 695
2 226 44
3 468 173 560
1 226
2 558 274
0
4 337 740 49 902
0
3 855 988 845
5 694 491 871 638 451
3 342 54 896
0
1 698
0
2 828 456
2 576 433
1 512
0
1 984
0
3 432 245 345
4 727 210 271 735
1 635
0
1 708
2 278 654
3 201 86 495
1 690
2 277 195
2 41 38
2 960 109
1 918
3 446 661 934
3 138 651 990
0
1 989
5 591 949 751 102 906
2 2 888
5 557 425 860 442 956
2 725 99
1 39
2 928 554
0
1 973
3 310 488 472
2 491 532
0
5 556 50 475 464 625
4 496 333 372 153
2 338 218
1 643
2 345 302
2 387 781
1 353
1 71
2 196 720
1 735
2 617 802
0
2 171 883
2 225 759
0
2 629 767
4 303 7 541 428
0
6 941 793 23 678 667 27
0
1 959
2 905 170
0
0
1 36
2 507 460
2 641 300
0
2 655 455
0
5 782 84 541 140 107
0
3 382 162 476
2 921 92
3 534 531 999
1 545
2 281 414
3 398 857 121
4 179 526 983 759
2 996 950
1 143
2 923 385
1 186
2 256 27
3 272 30 978
2 375 602
2 50 891
3 259 926 649
0
5 171 662 471 229 714
0
2 774 693
2 806 935
2 573 60
1 208
1 952
4 639 470 784 329
0
1 387
1 239
1 331
3 91 708 594
6 991 639 441 8 922 180
3 353 172 218
2 822 836
3 619 175 22
2 383 880
3 381 98 401
6 712 261 927 889 603 758
1 533
4 189 668 631 797
1 417
5 90 619 86 76 192
1 598
4 221 711 486 648
5 248 815 811 36 572
2 94 645
1 734
4 677 799 634 404
2 409 4
1 294
1 994
1 334
2 355 148
2 234 587
1 215
3 72 474 152
3 778 609 351
3 584 37 263
2 411 230
3 436 477 422
1 681
1 203
3 709 385 209
2 564 493
3 656 624 663
0
2 570 418
1 657
2 685 636
1 154
1 318
1 132
3 943 999 537
2 847 550
3 375 178 87
0
3 776 278 15
4 305 675 417 698
1 17
5 644 987 240 357 236
1 125
1 827
0
3 222 894 792
5 547 575 615 32 82
2 344 285
3 63 773 159
1 478
3 199 156 976
1 626
0
3 309 722 140
1 561
1 995
2 772 126
3 628 723 190
1 670
3 796 533 440
0
4 151 823 962 632
0
1 547
1 765
2 437 659
1 331
2 793 2
1 946
0
1 750
1 93
2 68 850
5 567 358 903 162 399
2 684 307
5 964 95 954 580 173
1 518
0
5 413 706 603 819 621
2 916 835
1 753
1 860
3 565 115 517
1 586
2 193 136
4 744 63 81 296
3 348 443 372
5 413 881 673 844 390
0
1 814
1 517
2 1 568
3 854 216 101
2 57 236
4 72 694 145 598
1 958
1 559
2 947 800
2 45 818
3 988 972 252
4 193 309 322 97
2 556 100
3 205 761 235
2 749 8
3 601 646 527
1 764
1 402
0
4 111 580 692 891
4 482 130 367 907
1 211
1 829
2 142 649
4 490 975 801 962
4 679 492 273 682
3 311 879 43
0
2 554 714
3 463 190 841
2 722 348
6 754 424 205 96 405 175
1 449
2 818 165
1 561
3 508 890 692
2 315 781
3 507 943 224
0
2 993 131
3 487 339 341
1 602
3 268 604 291
4 805 596 120 803
3 866 19 913
1 853
1 397
2 783 427
3 78 779 972
1 395
1 812
3 339 637 263
0
4 358 986 414 899
2 56 862
2 705 751
4 837 816 763 258
2 227 753
4 788 773 410 126
0
2 834 16
2 240 9
3 519 168 394
3 696 102 427
2 895 506
5 864 707 388 384 297
2 243 150
2 184 572
1 886
2 688 146
5 336 464 68 756 658
4 459 129 762 544
2 359 197
0
2 452 744
1 179
3 975 262 87
3 447 354 768
1 439
1 136
1 438
0
2 835 131
4 743 501 378 43
1 665
5 349 80 840 807 543
4 488 478 38 330
5 546 216 499 989 137
2 910 648
1 20
1 294
1 210
2 479 164
1 366
1 869
2 970 123
2 892 42
0
1 775
1 658
3 543 885 852
2 316 588
5 820 419 535 581 824
2 593 406
1 288
3 623 134 487
3 293 316 779
3 28 794 586
2 761 323
2 925 746
3 974 787 108
4 281 47 284 273
5 766 382 730 483 66
3 985 34 14
3 908 699 286
2 651 476
3 614 752 176
3 831 122 124
3 519 954 279
4 585 114 852 181
3 3 983 846
1 811
5 444 158 582 825 374
4 661 265 469 241
2 581 588
0
2 689 466
0
4 376 371 80 142
0
2 243 814
3 289 884 411
2 61 594
1 506
3 612 327 313
2 452 46
4 650 839 324 280
1 579
1 549
0
1 564
0
1 687
2 255 664
0
1 618
0
1 94
1 587
3 465 113 780
0
1 253
2 408 758
3 303 53 879
3 623 668 462
1 721
1 931
3 83 56 807
4 534 607 15 896
2 513 212
4 424 177 728 69
2 986 311
2 942 693
0
2 40 948
2 399 851
2 197 522
1 45
2 958 20
5 589 138 199 439 77
3 674 223 119
0
3 926 719 813
4 662 366 407 11
3 149 245 301
5 134 186 269 935 99
1 925
3 404 4 599
0
0
1 157
4 431 383 230 225
4 6 326 431 110
2 790 335
0
1 116
1 776
1 62
1 514
1 406
2 430 569
3 204 849 786
3 973 687 577
1 401
2 18 363
2 298 527
1 629
3 130 389 362
1 536
1 867
1 844
0
0
2 966 840
1 160
0
1 202
4 920 326 855 597
2 518 66
0
2 936 549
1 167
1 589
1 571
4 823 961 917 412
1 878
1 669
3 127 133 275
3 734 724 642
4 810 163 389 813
1 873
3 851 21 396
2 959 674
5 292 206 290 418 22
2 889 511
1 189
2 901 505
0
1 145
2 552 841
2 380 355
2 680 11
2 634 965
1 409
1 794
2 248 176
2 953 797
1 196
1 51
1 201
2 398 741
3 228 824 10
0
6 981 937 537 961 862 477
2 466 880
1 67
2 732 558
1 497
3 701 536 378
3 842 592 170
1 213
3 743 89 264
2 520 990
3 920 266 374
1 921
2 447 642
1 390
4 985 650 51 112
0
2 724 416
2 151 680
1 739
1 516
3 974 809 969
2 859 944
1 786
2 919 436
3 969 267 856
1 717
5 820 909 425 471 627
1 247
3 377 104 55
3 237 181 858
1 923
2 640 274
1 670
0
3 963 57 267
2 232 195
3 633 729 685
2 251 224
0
3 998 553 494
0
2 900 565
1 103
3 667 574 352
5 215 810 338 834 152
1 202
2 788 475
3 410 185 928
4 25 967 659 93
4 854 843 246 748
1 139
4 391 503 357 528
1 688
2 499 869
4 122 953 454 10
1 299
3 74 421 803
2 511 792
1 616
2 244 185
1 689
1 760
2 441 524
3 545 678 604
1 830
4 336 200 317 379
0
1 480
2 817 968
3 620 978 60
1 13
2 391 606
2 787 453
4 474 304 174 64
0
3 364 832 272
3 596 448 709
5 941 745 85 868 703
2 261 239
0
2 846 808
5 897 6 645 904 426
2 838 907
1 242
3 251 26 940
4 850 769 808 456
3 933 918 308
2 194 321
2 752 489
2 728 25
2 574 178
1 91
2 888 269
7 183 805 965 509 951 671 330
1 31
2 259 849
3 552 310 19
1 48
1 88
2 683 85
3 315 238 97
1 621
2 314 979
4 563 301 208 264
0
4 380 432 791 368
2 838 563
2 653 484
3 898 739 955
2 7 872
3 182 815 89
0
1 490
1 798
2 540 55
0
1 906
2 755 376
2 630 911
3 70 241 946
0
1 402
0
3 842 771 69
1 636
1 730
1 388
0
0
2 783 960
3 725 654 275
3 386 254 590
3 144 625 207
0
4 600 370 147 187
2 560 247
1 608
1 302
1 577
1 61
5 370 486 262 957 165
3 347 108 873
2 922 290
1 562
2 839 528
2 817 643
0
3 760 49 231
1 763
0
2 562 166
2 207 352
1 282
3 927 125 92
1 214
2 381 857
4 898 293 169 868
0
2 83 396
1 324
0
3 512 498 790
6 915 283 14 350 428 220
3 890 494 863
2 356 384
1 733
7 908 403 191 780 555 280 115
2 789 620
2 35 24
3 710 254 335
1 504
0
2 124 681
4 292 977 785 676
2 188 200
1 485
1 403
1 612
3 762 421 770
2 568 367
1 160
1 914
5 717 812 53 593 929
2 950 434
1 319
2 128 465
1 524
2 184 616
5 397 371 250 707 76
3 673 608 473
2 227 64
5 937 332 168 631 995
3 633 804 429
0
0
4 914 260 723 109
2 167 861
1 231
1 415
1 500
3 501 28 119
0
1 676
1 183
2 771 340
5 655 938 559 516 395
2 727 258
1 745
1 40
1 214
2 144 268
3 700 801 461
0
1 454
2 54 82
0
1 219
1 434
1 546
1 777
1 297
1 635
1 557
1 757
2 223 143
3 936 652 153
0
2 610 627
4 732 161 833 570
2 455 412
2 884 351
3 349 250 742
0
1 448
0
4 347 78 917 719
1 945
0
3 904 503 118
3 105 156 657
3 139 112 715
2 865 702
2 539 33
0
2 255 306
0
3 233 690 470
2 493 939
3 666 377 504
2 970 806
3 893 327 191
3 469 420 902
1 713
3 826 592 500
2 295 521
3 600 96 256
1 386
2 611 341
1 220
6 584 485 133 365 30 317
0
1 472
4 695 998 555 192
3 105 738 526
3 458 871 583
1 666
3 320 733 212
2 361 742
2 865 373
2 765 182
2 595 84
2 62 827
5 712 701 532 368 737
0
0
0
1 777
1 947
0
2 479 929
3 39 129 916
2 360 912
4 585 79 910 702
1 686
0
0
1 513
2 457 101
3 551 29 405
1 462
2 859 282
2 611 684
1 118
4 710 903 98 445
2 843 994
1 716
3 930 141 940
2 525 328
2 271 544
0
0
2 123 279
1 461
7 525 393 949 542 42 235 615
1 715
2 419 304
3 430 34 344
4 342 361 229 137
1 155
3 325 987 505
1 46
0
0
6 628 18 530 360 828 836
5 222 437 289 704 286
0
2 798 198
4 305 206 312 951
4 848 161 400 451
0
2 213 764
3 450 296 924
3 736 16 209
3 672 100 502
2 481 242
2 706 539
4 831 664 874 566
3 415 726 429
1 660
2 270 449
2 799 295
2 265 44
2 653 791
1 356
0
3 23 756 440
2 117 992
1 234
3 359 981 333
0
1 622
3 750 266 135
1 874
2 551 24
1 343
3 738 601 88
1 677
1 605
2 778 187
4 705 276 772 363
0
0
2 886 754
0
2 393 626
0
2 691 114
0
2 997 858
4 991 800 982 610
1 982
3 468 729 450
1 41
4 249 520 334 59
2 699 599
3 457 149 867
5 567 277 971 933 59
2 238 522
1 482
5 866 426 531 521 346
2 691 423
1 802
3 595 332 829
0
3 749 784 726
1 870
4 875 233 679 795
4 980 408 876 569
3 155 931 148
2 74 113
0
3 984 71 319
1 774
3 446 260 861
0
2 934 154
0
0
2 944 9
0
2 529 81
6 204 47 746 48 318 775
3 283 718 515
