2000 199
532
956
160
32
316
648
57
462
459
750
241
72
233
77
449
168
316
950
366
790
316
312
64
19
677
461
93
517
82
774
972
487
666
711
455
263
700
517
434
328
560
843
263
251
32
714
297
949
192
209
611
938
271
223
681
162
558
813
617
722
887
892
379
684
285
133
684
671
550
864
758
642
111
856
99
261
355
886
475
451
778
935
445
33
649
836
176
154
545
273
861
264
939
597
660
820
959
926
402
598
983
419
215
309
208
569
549
351
91
209
225
86
820
107
778
558
874
485
667
71
599
968
314
938
50
541
58
93
291
570
639
854
98
944
555
982
119
84
356
363
498
556
786
100
405
188
921
703
406
498
198
85
392
676
170
221
945
121
303
430
959
19
398
82
659
286
647
6
837
444
658
784
934
80
598
709
398
816
281
725
717
477
788
102
658
849
100
930
654
688
628
119
182
227
293
858
423
673
907
630
611
636
435
510
35
343
45
720
788
112
314
298
420
113
419
25
673
359
16
601
821
609
288
712
214
127
382
179
456
667
889
654
621
404
571
299
83
38
556
693
448
640
28
728
708
651
301
392
328
29
562
70
835
75
491
934
446
194
244
82
189
545
654
947
765
479
717
189
800
811
874
760
929
88
641
501
132
643
694
248
507
126
209
558
192
862
848
595
45
797
100
978
767
667
115
122
949
170
133
959
364
808
817
337
800
517
909
254
514
345
267
516
134
362
11
263
968
216
191
570
301
477
405
163
823
312
634
405
318
243
95
782
519
196
929
950
767
236
329
114
371
148
497
901
472
142
630
381
434
206
215
747
130
740
77
191
173
776
370
983
197
368
640
700
70
214
360
26
494
371
667
452
927
563
93
671
117
615
358
591
343
99
607
232
177
426
66
142
865
484
509
485
804
571
404
393
505
901
246
380
443
269
471
410
361
778
195
971
579
406
392
42
363
342
862
51
60
986
794
7
931
102
982
932
462
125
540
802
522
723
7
477
353
858
349
979
169
332
724
336
232
408
1
276
951
790
267
364
187
507
224
267
429
910
719
67
112
173
524
144
891
137
753
977
583
520
890
875
441
511
636
128
327
433
564
684
455
559
174
91
835
185
194
534
705
748
368
540
14
57
69
937
387
878
932
750
345
68
586
462
900
44
153
538
901
251
52
799
77
521
27
504
212
792
392
781
779
721
760
108
697
112
974
701
779
233
979
417
776
823
513
318
667
344
163
260
375
500
343
890
820
137
781
315
653
611
155
517
325
1
251
956
177
802
39
382
739
965
244
286
593
398
340
13
788
474
276
205
891
420
519
407
361
540
482
348
526
64
579
781
82
831
239
566
300
246
809
462
112
743
297
361
286
833
565
447
580
188
169
350
845
159
437
413
710
981
821
59
540
555
69
672
280
155
689
432
86
665
188
537
559
3
609
953
895
666
967
663
770
607
59
727
180
819
578
712
109
335
535
886
510
555
760
13
398
865
542
491
448
708
800
677
73
182
86
142
489
5
97
241
739
618
722
474
942
473
391
35
241
506
201
428
970
495
528
231
319
311
682
788
594
228
152
918
723
682
899
20
950
210
547
448
705
875
781
317
369
427
169
904
258
38
972
580
306
66
919
402
324
860
522
353
225
135
796
838
62
728
169
595
670
714
32
74
229
540
48
627
147
207
157
282
849
938
427
664
804
798
176
969
359
553
564
363
626
728
40
927
900
594
761
85
392
167
519
290
749
849
594
611
273
896
128
514
599
977
634
640
459
178
578
12
945
819
741
78
377
267
482
724
44
745
460
590
137
667
683
956
209
51
335
628
109
198
662
709
456
626
274
121
373
713
260
777
129
502
48
756
737
464
598
550
497
417
894
281
985
615
919
336
695
74
706
909
286
253
842
880
691
767
962
771
765
585
2
260
545
868
933
574
387
686
535
152
707
523
511
539
93
431
686
217
789
671
19
842
328
871
366
107
990
328
257
667
464
381
95
180
790
173
577
785
234
811
767
148
637
175
22
313
651
874
790
61
468
690
830
867
710
79
470
793
137
583
25
969
515
499
717
728
466
917
493
534
303
775
48
300
450
700
697
958
938
451
566
629
285
294
336
157
576
768
119
150
709
669
451
58
570
243
475
138
899
155
519
57
821
201
826
169
526
975
740
810
723
43
217
191
587
466
213
297
358
36
953
987
417
701
814
694
243
888
182
485
37
523
52
38
341
248
319
658
481
594
818
647
712
188
553
49
99
422
506
396
68
121
154
341
562
545
72
113
566
956
395
170
751
28
329
545
889
79
324
918
813
115
433
239
917
930
475
39
131
7
542
364
50
359
643
878
808
511
368
335
286
986
759
974
769
283
318
199
296
124
448
268
183
221
455
216
646
893
733
102
730
22
171
393
901
645
341
390
284
680
62
974
576
429
785
140
122
204
40
66
616
553
781
984
208
987
186
14
614
556
555
959
444
805
884
72
560
644
94
864
960
734
304
781
923
355
13
269
764
73
456
618
915
557
253
295
372
3
13
961
98
203
461
354
411
127
182
558
382
117
194
311
938
554
323
2
47
378
209
344
175
877
639
937
346
936
640
325
626
868
903
251
820
533
224
374
527
960
301
375
67
103
254
239
709
300
493
986
243
779
263
457
625
592
148
875
849
43
604
695
687
746
210
159
461
487
422
32
472
863
970
461
19
497
636
484
80
488
329
240
73
708
312
29
829
380
29
538
515
326
525
940
169
984
536
749
364
208
933
480
588
66
533
36
281
26
537
910
426
830
962
148
907
520
595
736
563
369
751
104
615
441
882
42
503
570
541
642
794
12
531
63
862
528
763
531
508
734
476
256
210
233
48
556
137
170
484
869
528
20
610
66
957
790
123
827
878
814
876
72
748
520
890
850
243
499
666
911
33
768
730
679
931
839
923
58
184
38
264
274
690
11
276
598
566
612
296
3
829
486
626
835
657
581
690
124
20
616
705
944
451
754
731
732
611
292
352
825
269
183
226
97
723
300
463
196
939
429
777
987
896
286
393
683
755
652
639
209
93
87
800
110
5
899
708
634
660
629
101
594
673
225
69
906
833
195
767
115
31
777
204
554
851
649
899
151
743
481
263
802
194
985
354
734
396
651
427
561
48
349
256
800
233
578
7
91
588
948
882
937
448
2
403
148
908
909
159
474
20
188
553
735
959
461
175
608
787
125
317
626
766
953
678
569
590
520
655
878
652
594
676
123
960
596
313
21
641
210
165
924
214
921
716
265
430
565
945
665
738
50
875
798
979
35
384
185
86
728
429
690
641
311
916
618
304
932
420
362
680
473
847
641
940
145
253
924
234
550
850
175
122
747
700
139
879
453
417
821
604
160
131
957
175
728
570
150
480
221
965
928
671
460
211
805
275
469
642
17
535
659
422
305
256
764
954
990
140
344
281
795
898
66
860
65
189
600
502
42
522
35
713
542
41
712
445
575
158
51
356
343
984
928
953
855
657
95
117
782
930
42
182
60
241
64
364
500
61
665
633
774
408
148
761
225
190
972
207
918
483
800
226
494
87
97
946
42
623
326
986
930
565
465
132
427
62
913
460
126
781
987
599
94
841
902
934
873
940
443
43
411
447
127
398
872
638
159
587
575
708
198
538
840
716
275
688
51
94
632
796
572
4
435
705
943
239
289
492
238
868
14
192
858
707
164
205
580
738
913
598
765
855
739
99
156
489
674
4
640
445
658
275
459
748
333
327
421
852
939
618
247
230
926
697
892
751
58
305
192
381
912
766
849
538
76
350
620
115
66
750
880
660
633
226
811
748
976
317
657
370
354
686
391
645
522
798
830
399
88
796
950
876
611
464
445
112
739
683
38
845
95
55
903
592
281
213
131
25
331
68
747
849
930
392
167
263
77
97
805
864
96
513
184
208
352
384
854
627
396
609
11
379
251
72
797
900
984
320
812
387
485
393
67
208
327
448
758
719
23
191
982
952
467
195
111
475
572
760
847
760
493
258
517
102
101
273
603
641
722
534
972
626
108
936
259
739
530
747
825
975
457
144
83
512
274
313
564
462
931
674
644
437
294
695
892
276
243
699
106
330
585
746
698
917
136
46
537
173
295
478
42
483
34
184
836
287
134
973
968
109
311
357
310
359
907
29
965
226
954
227
907
820
958
475
124
465
233
484
61
234
951
622
282
729
185
52
676
319
263
828
201
619
149
247
947
689
837
852
403
551
338
924
438
734
689
99
617
929
923
913
622
360
342
642
892
638
266
703
351
898
741
93
839
730
669
850
581
271
114
401
343
114
821
95
956
577
149
617
305
59
641
357
431
332
834
136
636
649
335
907
126
737
339
347
668
969
155
544
694
893
488
908
38
116
417
962
124
551
748
152
781
894
388
196
83
483
955
723
960
800
934
805
486
552
34
561
513
906
262
967
211
738
649
227
700
783
680
865
878
123
59
23
80
492
640
977
488
285
760
979
933
642
259
702
729
474
515
522
82
732
498
556
774
55
15
552
576
899
8
899
622
905
142
859
247
486
180
436
712
845
501
184
526
962
629
171
793
