1000 20
903
502
353
309
738
770
264
303
37
389
451
613
99
507
366
136
195
667
505
590
542
495
106
632
88
131
186
15
36
459
454
569
989
815
901
762
840
848
203
712
359
971
912
11
123
755
607
594
924
876
905
267
117
426
225
611
674
556
657
25
38
8
768
498
695
61
345
377
629
880
774
523
963
586
656
536
738
602
376
536
713
803
51
233
915
399
847
220
614
52
969
132
245
706
848
44
324
356
827
405
850
759
501
966
287
805
343
809
51
432
449
450
1
839
147
297
531
299
849
15
280
845
706
768
892
700
673
785
2
189
66
489
791
610
717
32
454
163
7
545
233
267
357
758
442
614
341
343
86
550
598
766
970
620
868
121
204
5
429
415
15
692
570
159
35
778
332
272
790
169
326
512
639
610
664
751
91
651
245
939
611
531
877
480
490
618
585
197
263
715
463
175
65
656
364
769
841
91
86
896
597
637
21
235
162
97
978
694
834
324
776
721
439
974
218
492
734
209
430
65
937
38
829
235
669
581
425
48
734
399
218
947
419
736
161
311
903
897
343
412
905
707
763
195
882
234
876
759
640
858
510
711
877
267
773
693
612
316
298
450
243
407
698
381
372
271
29
754
893
551
289
629
883
327
738
698
394
873
72
111
90
485
474
904
850
877
966
888
32
319
179
330
557
362
399
523
661
907
589
730
711
438
528
568
422
42
659
680
620
638
684
217
99
582
129
810
468
422
102
129
736
832
606
703
775
696
834
387
164
630
416
554
775
528
41
31
525
917
526
214
830
813
76
549
412
144
608
172
820
853
745
52
316
789
321
115
151
471
166
719
191
229
748
46
245
240
86
295
139
474
352
158
168
168
771
346
240
101
803
623
78
256
334
507
396
633
758
658
986
291
611
108
187
895
643
175
279
812
484
212
427
377
101
163
775
336
391
745
816
128
901
347
847
881
313
347
67
849
746
176
936
195
688
530
892
415
361
677
695
112
926
737
629
967
162
171
98
745
811
664
632
121
13
191
244
215
347
260
158
896
631
652
418
538
706
118
957
9
314
28
140
298
711
160
894
350
838
211
641
453
420
465
101
139
269
935
165
727
678
734
279
587
462
77
894
156
714
162
379
284
798
463
664
230
19
898
3
22
165
405
532
923
194
18
84
791
379
679
819
914
75
84
853
205
264
373
260
676
669
859
570
156
333
325
984
162
716
94
922
422
552
275
77
328
506
672
746
798
900
74
906
125
440
59
743
502
194
753
680
785
965
656
9
845
454
875
276
723
237
176
481
249
487
304
430
58
584
462
352
242
607
3
935
62
849
61
302
605
650
441
576
603
83
581
138
410
479
214
671
14
821
138
209
476
439
942
584
406
558
292
147
204
406
311
681
242
773
725
109
859
491
989
298
805
497
911
462
879
555
103
859
806
18
131
695
623
703
884
959
795
609
208
594
825
439
932
609
962
389
663
981
178
797
868
147
546
450
377
119
490
464
767
528
394
90
295
11
247
876
558
881
58
542
686
789
758
493
527
83
630
521
168
413
345
230
375
802
386
402
783
391
344
447
306
746
481
331
940
982
943
596
205
980
820
60
860
837
673
196
392
300
650
419
732
730
533
320
732
123
425
896
823
977
887
758
727
589
891
345
741
8
781
581
705
735
552
663
549
610
846
938
951
24
57
76
931
200
355
630
68
507
107
38
566
118
264
591
696
80
497
462
747
330
623
624
869
328
18
479
295
920
932
904
55
207
29
595
172
180
608
849
137
349
869
933
198
165
537
150
372
895
537
339
692
946
947
606
913
360
366
554
908
551
45
902
990
122
946
793
518
713
339
530
61
938
948
868
219
542
934
867
280
732
118
804
488
916
731
376
420
453
925
367
297
386
934
255
364
57
110
634
184
295
334
827
968
822
34
274
372
123
308
668
952
780
948
131
473
823
797
697
436
508
686
41
416
925
701
757
979
516
702
454
297
549
164
445
457
270
423
118
971
701
476
413
404
108
685
69
904
369
731
923
567
631
549
558
454
645
666
636
489
567
163
679
596
820
796
325
256
590
370
65
504
477
263
446
926
987
511
489
690
116
971
853
497
722
663
358
14
46
824
987
431
832
75
219
763
762
246
207
602
482
945
963
754
677
51
311
96
448
477
383
240
130
767
396
341
14
556
27
632
574
716
645
230
804
768
335
792
483
798
663
506
209
611
87
225
851
281
254
93
903
129
526
840
714
457
356
397
396
240
868
642
224
498
938
139
713
154
363
40
31
632
339
950
572
871
984
368
