2000 20
385
460
690
325
15
427
370
880
223
316
72
780
901
86
191
61
252
742
50
462
273
356
803
507
797
86
951
892
549
169
961
641
299
915
466
2
455
785
801
178
872
970
23
520
547
36
68
404
245
275
290
718
689
384
310
671
530
344
979
180
557
813
223
7
855
524
457
6
104
360
822
970
199
654
578
677
818
519
50
264
765
319
94
380
95
323
703
509
34
613
618
931
588
259
977
967
744
113
210
27
877
47
942
83
552
365
508
535
264
739
653
303
482
615
536
912
82
634
837
80
897
395
130
533
198
506
605
186
789
382
246
808
413
624
118
727
322
256
311
701
333
55
571
415
367
344
382
23
749
586
159
912
804
452
260
259
581
651
588
971
733
788
883
470
363
185
6
240
233
527
680
964
573
697
108
37
476
341
250
882
857
37
773
174
687
128
559
449
641
448
438
184
481
874
257
629
467
177
403
752
462
938
530
631
858
601
195
63
960
238
799
146
41
551
304
46
555
698
184
859
990
171
532
218
353
316
492
182
484
527
143
437
735
26
290
300
492
285
861
750
405
188
535
590
965
276
487
475
516
28
57
770
752
220
92
642
220
822
471
375
516
126
666
660
635
636
3
429
970
921
155
756
536
540
678
524
201
807
246
460
855
630
748
727
172
612
850
630
19
389
700
125
307
741
225
523
652
247
247
929
851
907
299
912
120
651
718
61
803
881
2
562
246
974
102
219
57
6
728
825
970
513
219
627
720
302
233
43
433
49
597
552
689
713
801
670
707
456
444
104
111
355
769
936
236
34
122
121
813
819
192
519
867
438
884
16
210
524
184
79
109
549
977
194
397
27
359
671
199
880
375
740
673
57
487
476
929
937
109
713
101
345
958
780
677
336
617
857
152
448
268
177
830
103
926
591
980
752
253
289
86
758
844
16
671
766
942
582
124
328
769
226
770
212
13
103
854
110
990
627
549
539
379
763
362
104
960
833
950
833
357
167
393
26
952
564
975
812
962
511
153
359
23
473
212
336
436
414
10
243
165
842
35
391
977
544
592
527
831
321
126
956
520
142
410
162
729
37
765
750
327
174
159
16
446
626
911
760
70
813
552
970
109
316
415
766
561
486
790
400
286
608
558
431
225
307
210
858
28
414
432
728
303
226
34
877
139
828
793
327
857
536
296
833
600
652
789
201
667
332
747
947
943
517
421
776
141
459
729
599
430
270
190
405
233
761
523
953
378
187
427
820
419
485
231
658
982
646
422
436
529
748
9
236
790
301
917
287
889
392
2
170
239
107
225
905
799
656
191
539
733
586
771
676
237
129
655
705
645
50
328
361
770
972
290
767
185
769
959
422
297
938
223
813
865
509
126
547
77
866
444
414
278
796
407
118
625
96
720
69
526
656
371
756
585
29
417
784
570
692
202
26
8
229
820
690
506
946
305
601
447
886
202
334
928
257
861
179
422
492
69
258
586
104
654
460
713
885
63
351
511
214
197
405
565
122
789
115
410
6
533
335
337
401
940
194
181
899
862
735
210
338
248
347
853
262
627
639
227
941
731
270
304
86
913
381
377
618
87
970
211
710
569
352
431
613
515
620
452
535
980
255
60
521
108
618
369
311
876
863
989
289
631
829
435
769
636
615
689
567
69
113
98
452
541
171
16
303
78
21
787
968
687
505
680
587
165
811
214
98
844
278
18
874
950
411
432
235
235
525
751
403
40
934
306
456
775
858
765
782
168
643
711
451
750
629
782
754
917
596
779
356
570
663
542
205
391
902
988
481
537
898
19
320
897
488
887
759
143
283
797
881
535
267
978
445
472
142
196
695
933
937
414
671
872
868
281
308
502
821
321
928
461
825
391
234
875
287
950
663
670
631
799
735
624
65
620
426
796
220
299
149
975
614
423
942
264
616
832
77
100
246
193
571
710
919
376
860
766
728
399
471
932
141
510
720
281
557
753
932
609
616
10
466
694
174
529
590
396
872
173
740
241
346
966
269
944
964
203
145
23
670
886
782
663
737
466
242
370
619
954
891
852
681
565
706
837
322
78
192
63
45
557
737
342
255
565
870
56
398
78
232
5
11
618
344
744
744
315
99
61
666
81
178
858
299
181
519
591
853
611
279
984
127
662
430
284
172
689
943
511
318
939
911
465
708
764
354
504
64
952
273
784
193
866
689
28
339
569
913
765
323
674
789
437
933
255
146
470
103
947
941
972
905
324
446
937
525
726
891
333
426
759
219
85
3
314
200
918
966
367
565
4
370
694
939
460
159
155
895
739
772
544
618
961
763
68
326
165
786
329
364
533
740
303
577
576
450
617
26
963
558
666
236
56
919
201
645
901
773
99
877
283
109
793
225
319
137
940
378
594
239
652
579
788
629
661
477
777
971
619
357
555
526
940
195
643
810
29
448
229
941
395
75
223
190
437
675
120
291
63
254
226
488
228
634
801
965
577
811
521
513
791
280
26
763
31
3
68
902
302
284
49
115
106
903
86
644
800
501
51
873
137
776
758
808
743
898
747
544
802
675
694
834
960
371
817
581
484
772
945
63
980
161
886
333
524
954
214
938
258
752
554
232
75
19
684
289
630
100
694
26
668
73
817
402
726
51
260
628
516
159
751
139
852
141
350
99
135
677
521
77
174
719
528
255
577
766
487
210
112
203
426
85
703
62
496
902
923
122
11
129
496
683
946
99
614
764
82
469
236
508
989
138
17
825
534
176
366
191
358
107
769
237
871
750
274
601
361
609
368
830
20
437
353
855
37
733
466
237
293
277
27
315
537
483
144
265
429
511
500
656
615
537
31
938
774
856
225
633
367
693
802
929
823
96
501
628
496
124
810
648
270
680
210
826
243
913
626
568
294
692
736
40
441
274
669
180
134
664
64
114
521
6
773
214
208
592
928
442
324
969
893
91
198
932
399
700
445
584
535
121
755
756
838
205
859
453
191
796
61
265
898
352
221
186
778
140
620
164
133
608
197
793
952
559
564
119
546
756
130
529
113
244
964
668
761
950
622
487
395
262
977
935
624
240
314
242
138
611
876
214
461
5
611
397
14
363
549
690
191
18
293
481
531
445
620
391
747
968
152
91
981
593
63
948
399
230
725
790
15
440
210
191
116
258
715
54
280
237
261
369
20
16
858
148
578
81
971
414
708
512
710
864
710
521
394
701
411
549
933
758
980
158
734
181
506
136
549
347
38
986
286
78
385
912
489
675
586
603
155
463
742
934
181
787
912
948
185
191
294
456
498
406
664
894
61
101
891
454
251
612
521
63
458
375
573
293
341
911
312
777
18
267
982
638
62
338
86
842
95
480
452
410
716
674
973
12
56
840
705
816
550
899
648
952
576
88
33
171
266
31
626
818
828
790
374
216
902
690
299
942
386
542
206
841
938
323
966
884
822
246
302
260
136
822
396
595
944
350
135
385
657
948
246
751
202
147
696
117
501
464
789
761
762
935
545
55
356
9
105
180
303
871
662
173
549
981
872
702
561
659
225
256
777
597
210
316
401
956
337
584
191
578
481
519
445
460
5
19
536
430
419
72
189
603
37
356
557
554
867
735
364
850
497
798
190
340
217
76
247
34
284
10
684
29
253
748
136
956
477
138
127
282
442
445
509
362
816
1
645
931
21
70
735
93
843
472
787
125
536
426
346
159
446
592
482
339
473
822
38
269
719
608
796
381
666
208
665
876
476
522
899
72
42
805
867
245
45
762
858
57
737
690
64
808
196
896
670
660
447
347
599
439
135
350
561
55
728
669
439
704
486
531
578
778
694
303
716
503
354
483
330
679
413
453
226
737
404
496
305
973
246
435
537
291
869
939
27
588
625
533
366
210
328
124
760
606
659
14
897
548
859
983
547
872
173
799
345
966
926
788
522
590
376
544
200
695
29
496
263
865
146
696
842
642
689
91
644
722
971
133
470
631
58
909
551
63
637
739
540
818
412
167
539
857
582
11
985
40
488
880
608
208
654
638
255
44
659
723
450
242
261
518
705
298
411
700
17
815
610
104
852
697
201
550
983
551
126
953
22
648
881
928
572
352
582
683
480
71
205
594
975
589
378
659
931
107
194
206
623
89
329
13
161
601
236
848
545
933
935
58
968
277
269
797
512
814
930
564
774
406
234
714
24
441
375
958
959
416
724
48
843
134
984
383
811
323
683
336
54
548
123
355
423
564
550
563
739
824
754
306
203
520
398
17
272
692
662
264
878
372
435
238
386
83
237
630
937
271
870
30
924
465
794
172
731
30
158
391
161
381
362
665
286
346
979
828
290
376
56
658
37
705
57
936
257
497
779
757
429
969
253
679
872
570
581
73
617
463
969
439
675
531
786
930
149
63
711
798
225
470
387
364
514
703
616
315
943
264
264
659
452
879
350
477
833
853
105
474
83
73
527
115
907
521
929
414
639
324
397
611
921
514
408
822
618
804
598
330
917
462
228
216
132
768
479
285
501
599
204
638
511
818
104
536
180
249
167
586
524
222
598
503
6
378
88
302
28
742
308
440
371
135
804
758
131
81
968
633
