2000 10
503
944
83
103
771
892
932
307
963
354
333
180
874
590
146
579
146
237
376
480
648
736
155
770
766
52
151
191
787
726
388
667
233
769
656
616
963
723
805
611
694
106
164
972
270
568
442
885
16
142
380
118
429
607
707
577
753
749
349
433
878
137
251
711
30
53
790
846
75
386
569
821
724
33
672
205
137
316
480
709
530
78
371
744
588
702
816
806
538
752
306
666
952
987
958
369
742
839
852
157
488
74
518
731
833
507
415
921
29
488
114
444
845
38
861
126
849
683
350
541
11
69
161
117
155
868
625
378
944
560
621
142
443
727
456
652
32
938
538
750
119
471
29
806
322
682
763
226
787
680
286
632
734
272
190
656
762
557
981
685
604
628
85
782
489
383
435
12
189
504
625
656
704
259
261
786
358
29
665
669
152
761
330
51
280
434
15
42
185
390
280
800
216
898
782
504
621
1
239
542
877
171
58
653
984
153
542
644
204
293
543
137
496
877
926
481
422
53
640
535
627
933
215
758
603
560
146
704
913
76
596
421
782
478
151
79
190
237
229
369
158
417
582
806
291
921
330
749
213
17
609
736
474
497
20
229
214
266
765
272
821
712
563
158
827
926
591
230
43
672
763
210
5
359
373
435
337
942
906
844
267
381
815
5
292
859
113
128
575
521
808
394
871
686
575
339
980
107
286
978
947
978
465
462
553
49
3
661
318
240
695
855
817
611
949
230
892
329
732
60
818
680
907
684
180
612
460
98
884
957
278
429
116
246
556
83
554
343
443
506
414
152
700
820
120
298
477
889
250
147
569
332
354
154
763
643
162
458
93
168
164
228
983
818
128
862
145
888
326
834
444
291
289
227
597
314
821
913
89
688
893
431
765
281
144
276
378
300
253
856
149
823
766
936
173
761
54
747
793
655
135
763
984
768
625
464
393
408
412
173
94
885
919
838
729
40
477
519
979
185
214
30
982
619
825
333
770
509
580
207
106
711
279
635
172
746
886
267
577
985
383
887
499
508
639
733
575
862
43
564
935
168
972
197
497
595
648
695
309
182
842
676
978
114
465
564
428
832
366
621
129
735
531
921
874
19
271
771
751
788
283
73
759
885
314
886
843
475
257
70
204
736
379
360
817
426
250
748
786
60
347
825
99
495
293
385
386
451
658
722
408
306
344
763
379
380
814
493
846
820
387
535
390
660
952
611
614
909
501
93
205
273
634
96
812
761
879
579
800
318
509
661
917
208
739
492
9
777
492
834
33
234
251
856
34
19
591
769
987
269
878
713
527
612
255
393
525
183
121
405
165
532
571
31
4
493
486
291
975
163
429
820
278
139
126
867
965
936
188
836
580
247
444
614
554
588
891
958
757
138
819
820
68
717
419
503
569
378
754
223
893
176
949
510
890
770
827
807
406
682
542
56
72
197
553
872
541
594
704
99
958
73
648
400
224
406
938
894
966
786
257
767
793
939
632
952
716
372
772
638
340
873
570
315
277
876
112
632
490
861
677
810
756
829
558
460
774
842
558
494
212
535
382
450
960
655
622
808
27
734
410
913
101
842
160
527
864
488
89
781
984
321
452
422
954
554
202
743
621
307
856
924
283
765
55
894
381
18
400
537
170
277
283
852
707
188
408
234
572
634
382
437
772
191
227
362
275
108
744
97
131
560
373
941
497
332
266
462
99
888
437
483
85
511
213
356
565
38
753
524
990
954
275
283
67
225
835
85
904
549
390
849
779
760
57
748
80
328
986
111
937
532
377
68
976
271
495
779
136
11
511
794
721
671
930
202
777
127
939
24
545
106
578
572
796
444
401
133
699
874
283
3
589
496
270
58
154
353
892
151
714
7
896
672
85
156
237
446
436
488
60
640
580
658
297
414
436
944
351
728
334
658
15
973
260
247
627
340
891
159
498
485
583
279
180
543
287
933
100
533
280
762
530
919
883
665
488
462
75
216
780
524
455
136
505
318
449
139
155
887
900
433
259
14
786
121
753
791
349
311
704
473
501
310
595
395
37
939
52
383
717
125
529
977
857
738
954
982
631
357
355
184
79
116
229
379
569
903
714
338
641
165
944
408
676
246
346
843
887
356
760
478
634
365
654
521
230
985
467
198
189
299
147
615
513
951
200
272
714
720
183
114
146
754
319
466
345
25
148
701
783
936
262
438
651
43
810
584
579
414
829
683
447
511
603
331
4
314
344
737
841
795
965
344
829
630
614
15
17
968
461
533
855
42
706
570
573
967
915
126
156
386
563
88
775
69
74
906
772
68
404
736
695
141
349
139
65
5
375
976
352
125
616
492
473
235
265
868
523
840
818
168
536
785
306
893
969
805
210
101
577
310
524
9
276
441
844
707
454
469
235
777
980
328
15
128
615
18
107
573
135
777
130
377
616
466
474
494
492
851
758
952
307
635
311
808
817
588
119
249
105
962
292
898
397
456
497
13
514
647
399
196
398
875
338
211
591
386
174
29
573
334
690
296
536
572
929
491
34
182
965
412
340
211
146
261
244
793
6
43
491
446
322
662
303
257
741
189
955
939
809
834
9
326
373
241
11
882
181
660
374
672
52
650
863
413
958
851
304
244
451
208
343
198
275
109
698
84
252
732
118
120
979
258
181
898
597
66
692
698
911
271
907
651
57
98
887
284
581
615
675
155
678
539
715
294
876
951
443
132
269
50
645
189
188
569
304
536
908
154
325
498
324
614
812
705
538
821
913
533
686
926
308
908
241
235
319
15
580
822
467
604
691
351
335
602
160
51
612
523
484
700
117
388
245
277
696
475
659
683
848
513
960
289
437
275
777
508
51
73
219
392
760
777
956
680
339
852
546
185
271
580
136
72
452
671
790
26
847
171
51
177
152
773
542
216
653
411
929
567
951
462
719
248
825
412
791
120
572
36
688
464
786
885
425
277
178
496
307
638
406
632
414
756
955
610
106
852
772
891
408
119
904
487
486
29
747
5
91
903
829
129
984
547
351
790
517
451
382
851
357
421
615
768
326
630
293
363
49
877
573
309
76
845
548
290
134
415
154
930
176
320
144
779
867
311
561
133
914
109
817
151
954
492
296
833
410
889
287
277
701
557
200
665
918
977
680
325
908
391
157
95
101
923
686
150
868
749
113
231
779
945
546
827
441
342
313
990
852
47
283
538
195
384
45
664
452
157
752
784
194
935
876
828
47
326
231
300
978
533
801
333
58
131
92
893
467
232
950
130
709
187
382
719
701
911
108
288
5
895
276
748
920
282
210
38
479
809
809
617
551
275
985
727
208
129
969
175
116
180
831
668
471
232
876
742
826
446
559
199
157
474
887
394
146
802
191
926
96
769
738
489
36
52
650
237
922
215
529
518
213
527
966
310
683
71
559
748
685
368
540
945
102
256
835
498
817
485
705
170
619
443
856
923
958
507
927
675
389
69
588
215
714
183
6
963
297
267
146
96
818
870
683
866
940
637
770
165
438
257
430
148
544
185
2
543
698
438
974
915
558
850
476
241
900
604
210
75
476
504
663
668
533
902
329
204
409
759
337
323
486
311
403
789
558
329
25
11
834
250
495
278
120
266
613
84
606
735
89
234
653
859
895
109
656
641
514
485
314
635
281
712
342
247
900
387
179
329
282
378
482
303
266
383
111
784
712
610
164
736
285
775
677
974
352
465
552
328
899
388
377
321
558
878
401
710
337
312
856
402
532
870
125
454
717
637
548
589
423
932
526
290
775
113
659
667
868
722
308
354
203
798
677
336
340
751
868
188
72
883
256
766
661
412
529
323
821
985
960
560
64
985
886
713
880
699
219
865
78
114
690
374
353
42
485
528
374
919
476
439
133
533
266
760
429
112
436
511
501
16
939
134
377
411
560
911
357
904
647
312
580
190
989
134
291
960
624
579
684
513
718
318
907
241
48
128
470
137
614
11
608
373
686
122
312
109
189
720
238
955
850
99
297
909
793
404
683
248
22
827
949
686
2
742
748
805
823
352
151
953
480
968
524
734
458
342
981
67
363
810
94
327
415
288
240
4
633
836
427
758
121
56
139
254
393
2
949
870
411
840
187
241
655
366
988
962
700
158
73
955
778
299
674
296
705
779
114
536
404
175
875
457
34
637
860
682
571
372
944
392
471
336
385
525
573
412
172
610
353
711
535
165
174
401
508
140
359
462
442
192
225
131
524
865
304
332
887
634
387
771
428
179
907
311
707
979
542
501
699
786
156
78
277
257
46
258
566
684
912
869
422
273
693
701
196
987
127
339
641
851
399
785
349
354
982
633
966
319
142
529
56
241
869
413
473
291
723
393
595
591
61
423
828
660
83
55
100
34
643
967
804
571
497
791
979
221
430
519
753
338
478
729
111
306
339
620
250
840
713
758
46
644
843
196
757
917
426
577
487
385
411
26
860
478
958
358
413
454
557
862
87
713
569
494
616
521
604
535
620
546
200
674
28
288
112
53
739
176
115
568
852
133
29
103
686
868
19
163
344
959
34
2
785
814
966
319
262
156
188
118
804
271
589
376
894
169
555
98
864
464
