1900 100
69
154
831
376
17
39
829
305
72
777
502
325
543
363
141
57
875
180
449
129
867
350
362
935
95
697
367
375
346
898
603
118
434
62
56
810
218
942
922
739
119
371
220
112
606
41
159
477
170
263
263
929
617
416
770
318
64
494
347
479
371
901
495
370
657
48
727
493
580
988
563
279
530
557
927
729
51
738
562
80
491
901
370
218
777
308
656
421
91
452
435
595
755
161
132
374
909
17
167
62
149
323
704
573
561
522
13
257
444
957
909
199
427
819
162
705
644
689
663
927
267
830
653
476
332
20
29
497
355
462
213
487
987
274
796
53
902
267
764
506
202
243
306
333
251
731
709
696
592
342
149
884
86
737
208
652
469
249
392
514
289
308
718
717
534
752
125
810
239
82
248
218
223
623
791
188
539
780
773
579
529
811
741
725
793
795
920
713
395
540
284
505
130
665
172
54
281
574
514
988
451
98
435
208
79
619
637
180
424
140
511
526
55
57
832
881
376
123
262
57
848
634
825
151
947
628
899
227
854
242
841
493
22
340
658
459
232
776
368
850
386
976
779
893
812
388
664
882
281
953
32
509
562
142
562
94
900
856
976
603
289
719
808
210
717
811
133
295
353
635
446
682
271
629
242
118
182
615
698
252
702
198
787
738
686
444
324
49
422
935
173
504
339
913
712
446
404
103
14
11
528
599
116
740
964
290
227
389
547
93
447
582
578
974
279
837
412
680
880
650
837
558
537
744
815
877
381
911
817
321
538
6
792
534
658
593
701
985
2
140
93
332
930
214
412
960
731
898
944
73
423
781
161
209
411
178
358
628
888
601
610
388
704
246
824
190
824
531
563
282
944
355
143
260
3
913
446
171
600
513
791
877
875
519
165
233
857
656
977
857
858
899
280
535
363
160
878
545
812
430
215
489
152
406
663
278
918
446
492
945
722
458
953
554
844
977
301
882
242
716
612
717
933
399
101
208
571
287
500
8
275
575
856
846
795
559
412
658
564
900
851
35
792
650
529
497
305
846
624
311
415
202
148
641
927
311
68
114
113
952
892
892
724
126
701
205
226
688
229
343
218
936
6
415
135
160
593
393
64
400
299
579
783
264
345
540
826
530
775
245
511
3
538
112
570
594
565
599
643
12
360
433
754
732
10
777
203
384
442
763
13
341
215
316
708
558
687
596
462
852
931
439
468
3
954
488
279
579
790
632
217
734
323
591
82
797
127
865
664
202
602
638
161
826
875
14
557
4
847
899
126
223
717
635
796
672
326
245
344
121
685
104
387
845
320
440
978
509
50
200
33
546
49
508
853
782
350
505
675
273
531
379
441
711
563
48
468
870
841
526
286
222
920
49
493
57
781
654
327
430
581
840
679
81
778
836
775
392
821
239
774
801
7
92
963
391
107
256
337
763
980
21
341
976
535
561
167
900
809
54
371
712
222
200
230
306
975
900
599
144
291
637
92
787
395
614
472
789
404
542
194
274
975
375
732
577
579
613
261
591
388
553
526
979
252
185
978
525
539
435
874
256
48
927
434
159
402
126
263
93
465
298
228
21
223
508
625
168
924
181
457
318
449
576
102
157
791
379
541
324
436
100
284
311
347
855
879
749
911
351
285
266
857
257
622
214
753
99
6
484
632
338
250
145
962
894
301
431
123
332
891
623
337
423
443
931
182
319
94
212
894
963
892
691
965
529
427
156
275
119
417
877
337
676
769
466
758
295
869
808
344
887
946
755
500
262
919
148
623
116
851
432
803
31
715
373
429
911
420
647
300
930
704
510
77
475
128
345
71
151
108
374
532
132
498
755
339
582
900
196
742
708
647
489
37
338
10
729
829
869
545
890
340
432
918
874
940
888
377
10
165
939
492
50
923
756
103
870
92
802
271
5
122
294
396
565
985
414
566
835
289
418
424
87
962
478
867
690
747
173
931
972
638
267
330
761
675
102
780
207
77
924
389
376
928
694
905
884
294
942
100
802
602
173
274
216
723
229
965
801
124
321
840
935
645
387
426
165
860
367
539
923
453
118
740
467
850
855
562
551
105
837
916
497
943
200
448
443
866
210
520
801
173
666
924
144
687
538
646
794
658
318
74
912
187
31
418
906
466
370
574
946
187
278
92
876
370
433
765
874
301
58
884
665
690
156
946
223
91
385
762
433
386
713
137
953
15
429
674
605
441
350
798
564
162
546
923
320
106
809
607
431
210
945
832
624
129
584
664
967
454
173
670
469
193
294
723
314
805
950
77
334
542
134
802
262
65
596
937
802
886
332
221
212
276
761
489
538
600
617
95
556
921
917
44
100
721
436
855
554
430
815
71
826
554
967
565
244
699
498
74
123
34
628
886
411
896
471
242
483
670
903
688
327
165
654
711
639
228
38
534
807
87
156
74
96
456
984
394
931
72
498
971
584
372
764
571
225
172
986
201
833
637
132
876
198
256
520
28
517
709
714
743
784
609
989
93
121
627
15
256
949
783
4
798
900
827
117
978
195
600
61
489
27
375
440
581
24
585
753
916
39
638
848
727
242
457
449
849
653
758
905
950
723
198
250
37
531
900
21
784
532
317
607
225
671
208
815
870
352
981
224
368
36
54
303
81
357
955
109
282
122
663
833
516
405
60
337
955
41
766
941
179
646
401
982
729
468
377
576
234
960
377
46
839
213
327
221
380
859
516
705
722
408
448
287
149
161
272
874
91
614
52
306
309
535
731
356
54
679
926
50
518
687
712
916
104
124
5
727
727
494
813
777
251
535
880
39
1
861
767
805
771
796
283
557
700
637
484
364
618
804
345
454
759
520
52
468
963
498
398
793
885
142
524
303
84
647
432
265
190
163
914
903
294
515
525
907
754
810
298
672
220
859
472
352
730
896
635
250
736
371
56
308
475
842
770
679
21
770
848
773
889
649
155
310
979
10
271
344
173
841
62
743
57
981
221
184
759
181
356
88
434
325
37
642
718
294
79
922
720
629
24
856
400
438
749
278
522
454
746
764
815
646
896
52
736
871
3
626
814
461
899
478
692
969
135
944
824
554
41
118
685
9
920
517
795
19
111
914
186
671
463
151
301
424
535
789
120
65
399
693
127
898
946
224
184
596
956
113
820
257
137
235
632
73
691
276
510
1
761
551
462
334
776
307
943
512
946
748
322
120
71
442
289
649
134
897
913
888
240
739
429
237
689
872
506
304
521
153
287
243
387
839
946
918
526
531
925
852
302
212
926
987
485
232
62
281
454
713
883
543
534
898
532
197
192
268
698
579
634
927
683
52
612
609
316
766
882
401
495
453
289
628
825
488
976
5
182
665
182
144
617
508
956
657
459
56
144
338
167
257
615
128
718
641
521
830
27
646
29
910
149
949
577
422
533
541
178
532
442
123
155
327
542
58
295
503
911
283
717
213
735
166
257
674
1
886
563
360
25
106
55
676
856
596
319
753
908
759
818
879
158
768
30
129
188
172
403
644
384
115
796
77
552
944
813
359
333
302
731
110
260
72
103
7
246
84
12
805
769
24
85
72
35
148
335
890
17
40
566
803
696
754
286
459
854
78
4
719
166
672
554
180
987
632
206
373
152
343
69
701
448
136
32
102
971
945
852
250
636
647
128
279
553
410
181
612
920
897
191
107
58
910
304
941
378
443
883
19
458
13
383
416
455
444
702
710
65
112
638
209
114
321
720
28
788
129
923
106
303
966
615
284
285
319
590
523
937
319
690
791
595
841
925
579
925
184
589
24
389
907
485
297
527
949
498
544
678
636
867
229
329
765
846
59
210
633
691
202
310
178
847
160
210
314
389
740
951
401
871
2
627
505
834
494
557
634
308
171
227
644
818
583
302
108
396
483
509
786
121
117
242
944
208
505
845
97
284
685
964
901
128
155
700
379
128
788
48
776
269
78
575
537
578
762
563
166
984
282
496
722
558
760
53
490
948
280
348
677
310
569
788
334
312
786
174
670
22
393
675
609
790
921
11
373
718
854
134
296
155
277
299
243
230
575
721
366
389
635
762
182
415
102
138
489
169
453
594
885
412
163
409
274
781
856
398
302
481
499
241
330
124
583
111
353
439
26
596
572
132
451
444
807
204
666
708
811
120
509
727
400
716
155
910
824
676
679
964
774
984
517
619
678
683
778
760
669
480
331
495
290
367
968
437
593
501
938
6
894
306
878
941
90
127
792
787
619
376
761
630
920
351
544
607
233
378
885
642
582
93
835
218
147
944
886
487
117
432
552
501
6
54
562
714
614
687
751
497
652
801
354
71
949
878
571
264
429
175
489
896
876
643
595
121
852
831
964
877
605
