2000 50
290
193
742
414
399
579
946
656
126
210
104
432
473
92
14
210
111
749
204
806
646
20
118
693
162
358
635
793
17
594
941
378
853
631
622
233
925
169
499
208
610
866
588
458
2
685
68
51
257
104
749
873
186
323
885
707
20
777
180
512
353
67
20
356
500
249
246
809
85
905
120
171
558
576
871
154
896
317
225
522
714
155
458
752
70
327
980
353
205
665
422
232
291
648
137
698
112
36
106
189
856
286
780
750
299
750
400
79
837
708
885
878
26
910
1
600
503
606
338
616
605
193
724
308
956
358
622
363
302
149
443
219
553
612
916
510
321
506
159
560
41
724
663
864
389
613
189
97
667
815
819
291
7
351
303
360
976
814
644
845
898
145
510
273
362
692
550
325
98
283
510
42
646
84
62
328
530
282
976
255
9
211
105
125
476
148
791
445
676
478
520
111
848
935
880
808
528
906
756
538
665
302
187
871
745
852
623
199
21
626
933
688
207
580
204
385
900
304
901
329
873
301
706
574
498
345
950
964
32
447
128
237
199
420
539
899
394
694
686
614
704
356
517
357
192
402
294
758
492
758
937
798
564
392
810
603
800
365
685
227
480
529
169
121
607
124
625
931
365
564
685
442
273
725
452
35
601
27
430
672
52
716
253
25
206
253
315
609
458
685
589
825
314
399
121
9
939
62
505
477
441
658
41
598
716
106
181
345
323
154
240
228
281
96
417
56
884
317
96
461
697
283
319
464
964
126
265
877
480
222
766
976
124
881
88
128
174
128
426
14
157
505
249
427
37
67
764
485
577
55
966
983
965
646
672
677
483
501
842
815
57
36
400
220
472
705
409
642
45
130
887
463
698
9
516
71
493
588
990
956
83
876
549
931
758
259
923
127
348
429
343
323
895
230
426
451
783
923
854
163
730
780
757
638
739
694
964
98
6
244
134
575
617
276
498
435
872
925
420
133
108
264
293
729
542
307
180
848
848
170
546
466
371
625
893
804
170
492
376
402
253
312
788
425
582
200
626
307
529
609
68
465
946
7
416
610
204
631
189
708
551
211
45
837
161
409
767
962
366
94
768
535
731
57
257
324
881
345
75
262
79
731
323
816
140
166
778
874
511
59
31
953
233
697
592
269
500
814
946
295
967
896
863
449
407
740
556
279
501
343
634
59
803
648
26
479
25
362
413
620
88
564
410
167
969
189
736
84
719
831
810
831
16
639
320
342
588
159
746
264
131
227
216
741
979
786
324
949
505
137
741
179
433
554
395
257
107
916
325
840
545
335
408
756
474
810
731
327
897
602
914
406
572
47
337
509
560
318
408
304
667
11
333
242
606
223
557
608
619
287
744
150
702
58
17
734
640
247
313
372
677
36
539
580
424
590
149
635
12
969
884
209
279
263
792
395
714
396
525
954
114
593
867
217
236
844
491
579
90
350
660
257
533
228
2
644
873
604
350
474
737
801
792
312
404
735
478
60
764
288
417
180
270
358
771
485
230
866
917
481
376
738
17
152
277
277
129
138
663
292
214
414
468
289
612
70
509
282
445
454
243
204
560
605
553
209
639
65
58
625
925
484
311
247
682
735
2
888
236
117
292
367
682
802
388
150
81
80
729
52
547
156
480
411
391
762
475
832
261
807
453
308
535
405
639
988
475
396
763
834
855
508
77
14
29
491
331
695
804
609
248
779
296
66
957
524
227
333
561
809
859
537
151
561
456
793
685
664
517
108
876
912
465
49
368
360
856
38
472
527
773
932
339
570
171
188
492
588
558
321
478
263
126
819
59
769
668
331
27
299
453
869
188
276
885
830
748
651
100
984
445
544
575
191
411
376
734
565
434
38
926
642
62
578
604
583
416
526
201
757
590
461
671
95
261
942
983
460
876
46
608
905
749
481
981
339
742
732
880
67
969
341
427
38
3
165
967
666
21
823
168
295
912
60
350
176
75
88
842
248
31
412
102
958
440
202
746
102
423
194
212
126
542
189
772
441
672
370
355
267
584
473
856
385
719
639
349
192
216
854
935
795
780
839
562
23
384
300
985
147
48
272
970
240
114
230
624
606
794
635
44
904
384
568
790
139
794
72
519
436
777
749
882
639
125
425
672
96
854
402
198
533
105
581
301
253
747
637
241
982
957
807
311
596
462
860
801
430
839
748
101
265
33
625
691
798
374
618
300
357
921
170
881
904
84
489
561
221
27
975
887
201
464
900
795
116
35
337
346
525
910
464
736
556
629
218
968
373
241
50
530
927
628
154
949
236
537
289
81
307
896
381
17
210
606
18
447
230
306
804
962
783
638
893
145
717
811
594
554
231
362
800
964
369
184
401
591
926
940
664
126
725
496
640
192
667
171
477
346
686
178
821
324
573
260
223
355
700
734
847
5
153
916
649
295
237
938
442
828
251
700
234
768
46
343
597
511
565
632
817
435
978
822
125
293
724
791
182
328
101
267
502
907
676
833
359
670
180
838
887
815
5
534
66
949
125
638
553
685
248
60
771
348
149
653
674
515
242
212
680
305
923
512
576
17
871
162
421
448
625
269
338
59
217
511
523
38
748
364
859
203
291
396
826
93
217
613
128
127
767
171
500
568
896
472
167
944
480
507
639
342
857
920
28
613
322
395
1
165
496
690
50
527
459
859
903
539
873
154
591
303
567
203
391
608
176
593
601
908
336
575
655
778
575
90
536
520
552
336
440
264
735
14
101
488
325
207
901
645
906
43
471
862
319
629
496
569
885
534
505
100
742
370
539
97
14
348
467
374
825
119
187
593
269
182
94
771
755
203
145
525
254
799
901
446
58
479
552
292
100
133
958
8
575
899
579
204
222
541
168
527
605
926
756
332
648
876
808
893
625
880
467
38
232
886
477
41
532
166
883
701
283
300
224
939
378
714
408
20
332
470
175
476
906
451
960
297
463
80
21
197
62
423
202
911
509
644
516
979
849
52
951
965
210
467
951
453
717
684
805
384
345
227
884
515
438
820
521
406
610
928
437
637
207
989
234
979
582
285
226
803
886
846
671
405
232
561
115
616
650
615
500
616
133
958
2
209
776
810
17
592
860
456
553
524
582
39
528
633
58
947
287
428
753
982
433
146
502
879
210
564
785
264
533
238
323
191
594
588
161
812
523
558
388
342
865
971
412
880
671
492
930
54
869
446
899
623
921
703
355
581
425
622
784
983
100
706
704
887
8
866
697
715
89
426
196
330
841
239
778
973
420
458
926
231
694
621
888
743
968
386
465
284
706
279
803
712
551
400
443
787
198
949
346
253
31
805
209
179
675
56
728
21
500
21
373
615
903
589
641
613
960
903
593
345
144
140
789
792
156
335
672
417
710
543
105
303
549
119
561
1
5
749
813
888
951
259
394
916
44
118
780
205
231
310
577
809
489
52
716
260
622
597
547
322
552
592
302
160
210
552
415
515
236
495
298
304
449
320
203
838
134
99
396
114
926
990
36
977
600
492
177
870
695
37
532
752
48
531
210
672
775
521
148
956
217
733
860
772
352
966
877
428
271
696
737
481
928
143
417
88
512
403
759
610
754
815
331
6
290
298
939
620
400
226
792
980
489
931
287
317
618
580
471
104
24
855
290
709
988
707
258
395
275
823
636
412
176
224
759
914
670
377
611
331
325
360
705
510
603
545
558
680
87
787
589
412
910
464
233
347
919
260
757
926
325
403
816
597
921
50
563
315
192
508
483
199
695
365
211
932
258
411
502
306
693
178
514
112
269
56
748
729
700
627
319
881
142
421
687
605
379
2
403
536
221
598
299
709
537
156
658
981
161
241
520
708
300
668
477
905
899
189
797
465
593
954
169
614
577
87
129
819
567
953
422
941
812
95
123
546
554
712
752
87
250
780
737
511
50
662
167
842
112
457
990
665
493
975
516
749
378
510
941
28
500
981
805
670
602
725
876
499
456
375
35
24
354
754
214
637
738
208
736
306
354
757
555
395
486
743
542
464
801
416
852
811
78
79
746
762
728
452
627
826
114
647
523
404
44
439
357
315
27
796
684
94
565
131
396
633
386
390
39
254
267
637
174
210
330
109
5
831
869
157
212
372
203
770
958
7
760
789
689
981
934
757
692
302
933
136
306
148
761
373
972
854
28
282
903
962
733
620
280
54
584
137
338
171
149
947
80
41
247
17
865
719
791
444
25
923
278
502
710
601
461
147
137
845
58
902
199
599
254
210
186
624
945
817
54
133
955
946
909
482
120
251
132
9
406
397
712
712
968
858
906
186
924
521
455
725
11
691
717
683
352
856
841
253
929
656
667
812
398
669
783
716
369
170
218
760
739
177
382
316
857
425
321
290
208
220
226
670
191
294
529
508
924
379
582
268
188
24
890
981
909
777
205
592
791
267
244
477
883
626
444
778
396
751
584
805
525
396
457
652
347
641
109
258
570
525
340
961
887
446
308
699
766
622
522
631
97
26
730
787
185
720
653
577
834
624
366
395
937
233
697
325
504
370
2
864
393
125
663
516
782
736
59
502
173
980
74
285
346
581
386
421
60
950
241
