2000 100
649
664
450
667
397
466
683
702
730
544
272
638
462
709
924
443
5
227
832
568
356
837
197
207
412
735
63
564
249
654
616
185
687
397
675
179
560
213
476
498
263
257
672
154
973
843
458
537
124
678
186
758
548
944
483
945
458
477
445
190
832
424
937
230
449
732
206
102
402
914
410
622
341
392
540
260
504
755
937
783
41
427
766
156
110
732
845
293
456
422
222
309
728
231
784
967
833
234
638
547
212
844
988
52
905
936
736
110
600
101
848
870
926
840
823
776
367
977
107
267
593
267
262
677
680
503
369
369
495
982
733
877
70
890
577
196
484
923
15
400
760
515
439
226
960
936
134
888
33
885
476
111
134
939
938
839
45
330
474
96
583
198
290
914
741
303
980
160
447
881
293
397
969
964
798
90
632
169
26
751
571
859
569
169
873
326
875
102
230
735
573
308
497
334
143
290
486
233
448
882
72
693
567
447
526
710
174
339
569
174
887
745
688
356
279
770
918
102
530
99
296
636
128
161
306
98
354
251
371
532
472
524
464
920
144
758
27
625
157
165
857
434
88
503
227
369
225
652
619
831
762
759
556
417
208
548
201
230
825
643
464
31
293
814
509
235
826
754
397
638
972
465
664
519
178
7
847
749
249
302
465
911
957
906
892
218
336
199
414
821
137
682
620
698
53
199
82
631
386
479
312
608
770
77
362
310
6
741
478
151
949
691
54
135
424
887
25
467
741
687
392
876
596
883
227
479
847
537
930
910
178
160
296
784
378
244
657
338
894
735
552
606
631
429
193
262
802
352
778
679
753
473
44
561
31
432
307
805
594
943
575
777
367
696
484
530
459
856
869
821
34
821
58
409
380
526
921
455
661
980
925
92
601
282
926
224
350
20
859
461
43
892
181
828
433
964
348
541
313
320
129
70
829
725
555
514
705
362
845
945
464
207
398
7
467
20
113
196
630
760
770
363
85
508
816
708
575
983
701
922
329
562
795
790
853
572
291
463
439
657
174
352
25
906
261
86
742
491
474
57
171
132
188
316
742
219
708
575
384
324
221
864
325
951
190
921
15
567
168
497
143
212
407
405
779
770
364
321
121
325
856
791
78
850
856
923
316
853
73
662
329
893
771
171
1
318
892
647
182
31
901
489
961
260
143
52
472
852
114
470
10
791
123
538
744
845
370
143
317
511
586
879
306
633
972
201
619
51
988
102
277
126
905
462
838
818
545
391
72
807
737
461
276
82
945
132
95
748
163
569
466
181
535
565
626
330
905
839
298
234
316
452
76
840
738
519
147
850
31
360
957
348
616
957
337
85
366
249
694
115
567
281
189
690
402
943
355
443
194
56
836
720
976
688
636
736
301
765
926
938
568
856
225
638
877
772
332
790
718
334
228
72
953
416
557
371
670
566
192
151
919
124
634
212
387
662
168
398
656
921
118
99
82
530
893
42
94
492
559
270
535
765
561
403
596
407
373
558
651
732
795
353
95
547
556
202
432
898
886
959
430
401
679
821
803
513
181
457
381
935
559
796
223
13
284
789
655
706
826
179
128
459
539
200
6
717
76
948
622
922
120
186
245
598
381
635
136
98
908
695
990
558
547
218
928
984
905
360
700
484
357
919
443
421
484
37
5
691
596
817
285
433
464
517
100
898
467
918
327
5
78
857
760
495
188
519
494
269
807
410
209
847
964
799
743
576
655
271
871
526
930
964
126
763
167
654
945
194
964
84
663
945
176
418
242
958
970
931
267
392
825
623
279
755
876
942
988
137
881
950
771
654
447
466
593
187
952
394
453
771
888
395
719
617
89
709
503
196
64
820
362
508
733
614
891
337
521
45
504
739
496
62
981
976
240
542
932
173
136
805
375
450
107
199
90
407
505
534
600
733
327
71
375
192
427
55
223
227
36
984
577
767
945
47
709
913
605
566
496
162
246
180
953
758
133
778
828
865
901
125
861
713
11
981
345
331
768
785
196
874
438
710
737
451
753
921
614
466
574
297
478
104
594
673
361
965
456
30
26
960
160
438
943
496
550
923
905
523
64
280
229
305
391
954
163
821
683
156
563
974
879
621
576
258
477
129
391
952
579
715
946
48
674
418
311
43
586
740
410
866
695
249
762
730
192
295
841
82
848
532
656
970
465
842
739
988
677
800
291
976
108
723
193
161
891
445
1
687
753
440
787
905
455
357
726
260
892
902
593
418
862
783
555
447
943
40
957
657
635
593
635
957
190
893
207
419
417
714
947
362
939
393
429
671
430
128
101
498
470
195
180
902
727
263
808
327
60
105
23
10
526
186
820
307
153
729
234
984
36
853
914
569
435
146
891
391
739
595
27
687
429
985
664
681
449
568
198
717
750
737
113
602
180
979
477
706
406
30
716
478
218
602
606
971
518
128
612
842
550
769
336
465
198
30
635
606
282
20
111
315
768
911
334
197
986
721
394
104
886
979
602
46
150
451
295
728
268
131
697
378
715
606
52
560
790
122
590
63
942
484
894
48
893
220
460
515
617
177
590
75
807
870
80
374
70
720
363
7
795
525
536
490
403
178
843
51
904
260
842
743
903
673
529
409
305
348
284
244
577
983
65
824
747
181
177
212
572
754
70
437
139
519
486
973
136
67
534
251
155
724
301
584
430
181
656
696
301
133
975
607
329
403
971
254
925
155
123
87
780
240
775
751
565
151
945
890
855
924
510
899
213
877
282
495
611
777
183
179
627
277
497
311
610
260
464
863
273
788
54
124
560
36
249
8
965
703
154
519
396
539
508
303
723
775
508
457
425
395
464
255
129
720
233
167
632
168
454
817
832
613
303
77
759
618
698
966
178
210
526
261
564
556
101
642
816
490
69
761
91
639
775
753
926
674
292
217
124
446
562
246
247
124
223
696
352
130
942
775
324
925
17
379
846
152
793
825
653
829
146
579
66
511
517
118
625
353
471
255
52
424
251
968
733
616
656
563
369
200
581
601
407
932
54
776
908
727
351
902
47
453
454
475
98
805
5
49
408
827
119
384
735
20
46
762
198
758
776
154
935
791
277
50
953
265
836
305
497
166
628
858
777
123
419
642
355
695
118
857
300
543
542
494
770
320
549
814
552
489
877
88
590
538
496
36
329
932
297
989
631
100
960
882
773
685
742
423
149
518
39
683
799
382
70
547
104
442
484
444
316
690
932
233
532
173
565
757
416
676
192
185
84
514
25
144
36
980
187
520
92
503
29
348
403
51
799
613
823
117
7
892
450
674
476
244
700
970
162
714
778
88
158
546
53
463
63
310
637
866
412
134
48
213
931
395
56
112
16
651
810
407
221
289
663
755
661
478
18
625
170
117
637
10
907
695
216
865
45
404
422
910
685
149
678
57
178
139
51
793
840
657
518
354
881
546
790
66
910
388
649
435
136
237
182
928
205
956
847
462
510
801
348
234
773
365
950
868
331
337
77
164
514
796
399
777
831
483
248
731
411
596
815
222
734
187
246
903
414
22
971
127
867
171
609
657
329
298
303
638
206
391
578
923
916
124
804
323
341
5
434
146
845
29
755
516
979
568
632
927
212
939
327
664
570
576
448
170
713
521
456
672
386
369
962
256
553
522
556
139
770
77
974
214
79
851
326
58
40
103
978
125
91
805
263
933
93
280
537
191
385
257
624
269
528
977
97
3
577
289
561
364
689
507
504
523
496
470
560
424
243
809
695
726
439
394
72
254
805
533
160
832
10
385
820
687
470
462
746
952
762
409
508
796
864
339
403
290
336
652
70
966
478
625
234
371
261
312
25
869
890
493
276
793
435
798
506
578
361
790
398
190
199
977
533
291
723
641
973
311
784
254
60
281
588
148
715
426
960
611
819
60
243
843
19
16
840
807
602
816
400
536
97
876
934
679
371
188
946
769
424
308
112
715
71
898
760
63
914
84
825
403
926
946
798
589
433
215
719
537
874
905
336
645
279
415
257
625
652
907
711
189
582
975
105
924
779
508
70
985
872
17
875
364
614
587
690
24
707
104
560
467
692
62
248
667
205
463
135
232
218
291
582
904
715
26
432
307
280
852
970
398
47
951
922
911
565
287
599
4
896
519
69
543
383
975
69
155
816
506
75
933
466
875
834
245
547
426
352
246
829
256
106
223
616
604
276
27
231
296
258
284
745
231
407
202
282
571
725
303
633
695
855
756
72
804
691
700
231
396
369
539
52
515
118
143
175
824
862
576
229
833
466
592
189
94
881
573
29
583
391
838
440
320
310
651
10
818
449
87
876
659
817
429
701
541
266
700
40
914
977
428
242
496
508
316
430
784
727
983
42
217
406
117
63
426
626
618
285
34
909
229
779
421
960
831
250
790
860
328
949
944
612
19
538
115
265
487
336
849
297
398
627
411
501
651
238
308
861
251
724
264
767
785
33
447
961
611
604
471
707
269
287
768
683
303
990
50
436
116
800
941
615
258
769
321
256
489
126
564
404
876
888
462
540
121
823
193
280
455
889
442
452
369
75
523
282
511
37
619
272
828
797
60
307
474
205
544
618
70
744
982
