800
69286
72676
39844
29772
52123
19899
90958
51481
85591
62041
78526
38625
72378
20554
20279
17365
41013
10995
55670
67309
85288
78301
13742
33722
43192
2183
23137
36115
97360
45735
59278
9641
24478
29947
8699
48044
40427
31048
77362
45360
5846
95937
89932
73971
35819
95912
94505
43864
2966
82005
76503
58188
80788
98604
27123
35178
69349
91646
95748
40514
44189
23770
21084
13912
81979
11868
15722
61176
4272
25428
63885
48887
80744
64815
8774
28804
10305
28451
24661
11278
42600
76906
33658
10269
75991
21378
71616
90202
15582
73310
34631
70680
25346
86045
98429
5503
70844
2303
46319
56350
55735
8348
83661
75469
84675
89540
86802
97769
31488
97088
10344
18352
91068
77956
44553
6431
31145
12622
62477
52088
52461
57555
27630
68077
62401
12657
44677
24275
1035
25174
9675
48974
64866
8518
9430
74272
28554
83090
75584
75496
63362
5285
21353
71024
3587
45159
6544
96713
31265
66336
5636
5820
46747
90540
2801
9545
80300
75543
86773
63407
30502
77876
70324
61983
71335
57014
79462
4632
45652
28182
94415
89349
24556
84878
84197
24614
5515
26008
25261
86817
80329
92194
8853
26607
72036
38557
90803
25270
56878
78294
68404
56875
57571
45082
75414
89271
98646
64849
96550
66551
2036
15668
8909
59721
37019
49912
13021
90416
11508
61887
24113
25279
79185
75396
69401
77188
98977
21081
6155
20631
94783
46939
93446
97688
53606
82953
68414
36688
93888
92161
75400
24881
29812
79762
97224
12859
26520
7463
92022
17848
33605
12647
60254
14597
15345
90134
12887
7125
63136
64223
92177
23636
18268
73833
91996
99104
76567
71600
42271
9844
25462
56752
31879
55954
54709
22599
93381
28987
53902
57741
15195
67614
59509
44605
87953
68067
99918
86184
14411
1469
44188
40080
25858
78153
59045
73587
18238
1629
96212
11587
66801
71446
38124
54772
38415
72627
35988
69012
24188
57419
60814
66096
70647
47579
79995
63257
12324
64079
26824
58636
53717
75408
94438
13846
63661
65296
51081
82026
80337
19736
38259
39997
84859
43408
69689
79993
52449
26979
64830
34836
58831
73001
66538
97385
55579
35073
35714
99549
90409
78494
58847
58656
50776
10442
13868
17679
85604
31957
28111
41169
81510
79345
78236
56483
69630
16986
12416
58904
47926
18027
85906
43943
8740
68064
29393
20435
47230
53196
83023
79837
84834
90834
67934
39018
15329
71500
31245
32775
17649
2648
15309
68376
68225
18259
22211
72498
16621
36510
72649
74469
90589
87760
53751
78748
40712
28238
7528
47904
72450
24085
24066
47845
35059
98988
53192
30801
10946
23938
85837
68460
82177
44044
72556
10158
65911
48993
39168
81461
88379
12504
53198
28592
76654
44941
2953
72106
12596
39222
95396
9638
66686
8925
10584
87250
49806
80213
94428
11363
84862
98940
74887
61909
91566
99898
83987
64956
17265
78843
14632
68709
63328
59169
95130
65289
36388
83031
35
77766
88231
50148
33279
33176
21067
5507
51849
8525
27631
81551
42899
65908
35340
59467
18879
35431
54105
48885
87820
64836
29213
12330
52541
33150
55864
98113
48503
2350
77857
73013
91787
99625
60905
50756
60970
44011
92249
78455
59599
34445
33112
12404
17837
23186
5497
19015
12832
59293
19739
66971
78713
42760
85391
16427
72991
33902
4932
81400
98318
15113
66485
96742
31497
91079
77224
5569
78285
108
38285
13204
3574
28746
4891
23864
22550
59376
73867
74339
63359
11407
45675
62638
37196
75685
57556
86349
77591
31081
81589
30993
82970
45223
30183
26501
23392
24579
54422
27365
4091
27750
30864
13700
55743
54143
21102
4283
11117
72981
84727
3725
78918
63103
20932
4437
39485
98103
67460
74292
6694
56574
47610
75276
91086
2039
99250
72337
23988
71883
12549
71351
59762
59290
58327
61270
8404
4830
88332
45906
3439
71797
76497
97553
74522
90476
64973
49359
37792
61042
3829
24895
98011
55793
9789
42934
539
65432
27626
98418
80936
57766
40169
2192
38725
23766
64481
71308
52769
39037
33404
7949
74128
19695
70907
90868
99362
49611
72186
94059
9449
20240
58901
34971
50311
61456
57861
88178
23124
56563
68293
87798
31377
82665
4630
34815
82116
77374
80281
32386
61638
39386
90102
27844
24037
60624
2365
7868
37569
32747
95561
21037
65033
39561
18201
53564
86371
25983
137
56891
86180
22611
10614
38280
88757
92090
93653
98812
6744
41105
32381
18180
70533
75580
99820
52467
11413
59195
4820
89456
32602
22599
64999
23260
24585
54282
30596
97198
84664
65132
49019
1776
67426
70205
79334
49317
33806
51275
99955
45251
27428
41549
14707
62236
87823
29870
92141
3494
49232
81475
94264
50877
34436
9232
61287
42519
18270
93362
74741
30418
82644
34433
74685
97658
49535
62804
3396
42945
6600
90128
18457
41401
55279
68855
94073
49670
49518
82252
80715
28859
12618
39654
5629
53257
29309
5930
71135
26312
32043
2462
46961
86119
2643
17622
77977
56165
51130
78984
18407
14775
8583
57119
35916
31328
44245
11522
63555
74461
30683
7873
58200
18043
66512
73856
70874
61066
23663
30793
14987
41363
25014
23504
48724
81053
