200
41
34
51
49
5
83
61
88
62
84
88
84
7
45
23
97
83
72
35
91
43
55
56
65
4
18
63
30
44
84
22
20
94
98
67
29
25
89
53
40
56
33
97
8
95
85
4
1
95
59
12
36
42
3
39
17
39
85
7
94
100
35
17
69
59
3
70
24
24
7
38
39
15
65
81
44
57
70
43
36
37
96
82
12
59
95
1
15
30
19
77
80
58
13
26
95
71
92
7
61
23
49
42
46
17
99
72
70
70
32
87
14
90
77
21
6
5
14
55
73
20
81
81
43
77
94
6
10
6
3
17
57
100
12
24
3
46
15
98
98
26
9
21
45
13
11
22
69
29
40
26
96
57
5
68
11
13
52
13
61
6
50
43
12
48
71
22
44
2
32
62
13
57
96
86
40
2
27
42
43
64
29
86
67
25
85
29
29
27
84
100
35
48
25
57
82
52
64
35
61
