500
30
174
195
28
160
179
184
195
95
168
116
47
176
109
126
187
129
200
37
79
128
17
118
130
101
72
75
184
132
107
34
116
16
23
97
48
50
183
129
177
175
190
40
47
71
165
178
176
79
183
71
84
52
125
178
1
189
73
74
200
185
79
64
94
83
142
5
60
102
55
141
76
12
191
122
168
168
70
118
30
190
10
96
144
160
112
41
58
164
40
56
122
107
91
136
177
104
121
101
171
10
63
194
34
189
193
167
47
170
102
158
89
110
186
30
103
144
49
194
21
61
189
50
17
144
118
9
117
164
84
98
62
39
6
11
103
95
25
188
36
161
17
30
169
12
144
39
59
173
86
135
90
9
117
11
51
130
64
108
168
172
111
162
47
120
123
65
121
106
156
7
52
131
61
174
31
62
181
170
138
192
169
169
15
22
100
78
13
197
145
71
199
191
145
93
2
26
84
85
26
140
187
181
140
76
40
60
134
193
181
58
110
192
144
36
193
94
81
50
22
101
125
35
65
178
114
175
63
26
117
88
8
122
145
14
9
59
24
24
160
12
29
127
60
188
72
13
24
67
142
154
164
127
21
174
192
55
117
115
49
12
89
198
165
62
125
65
14
99
106
121
48
105
97
110
83
49
85
166
107
55
127
112
115
53
145
99
172
25
91
149
81
174
134
69
143
54
52
65
67
75
195
68
172
131
35
35
78
33
138
124
177
166
109
142
69
97
158
46
76
147
53
33
77
98
102
40
92
139
16
67
99
36
40
27
188
112
86
14
140
106
4
120
111
87
42
52
181
184
156
17
196
172
172
71
145
148
69
47
178
13
63
25
43
67
16
123
93
29
178
144
70
191
182
83
145
151
185
121
171
171
184
7
27
137
20
12
190
184
12
186
23
114
70
56
115
109
106
28
168
97
36
117
54
146
169
51
28
163
70
111
64
130
12
64
162
35
90
194
18
167
168
107
21
185
19
124
39
6
88
156
41
36
145
151
146
107
103
69
184
165
10
181
41
154
175
44
11
54
72
72
200
27
124
197
140
190
158
129
102
174
149
179
42
61
120
2
199
75
129
104
161
193
123
93
100
12
180
125
171
103
63
22
171
174
55
49
43
6
186
193
14
184
172
190
29
42
106
127
148
