800
329
370
688
989
280
189
362
783
298
877
535
805
16
419
404
268
757
934
457
690
280
669
314
354
915
461
52
617
67
493
56
58
859
144
995
36
530
378
494
368
512
51
132
851
349
31
425
524
523
183
413
266
644
781
896
966
761
247
877
980
170
815
906
662
766
956
257
154
852
254
419
324
957
878
395
598
689
769
881
93
936
374
312
117
412
891
475
456
919
571
780
626
172
393
3
655
615
547
700
804
652
620
615
164
967
307
628
316
195
778
988
260
972
837
278
966
60
335
131
515
243
700
961
511
318
627
300
631
628
730
204
669
861
251
537
984
345
748
869
755
121
661
598
931
535
285
422
989
17
455
902
715
596
693
120
609
319
204
600
762
664
233
45
625
405
679
285
301
926
780
301
830
901
880
77
477
541
163
716
454
660
353
770
128
724
26
764
306
363
522
634
440
79
877
795
135
434
240
26
844
966
758
267
384
278
301
223
736
478
474
496
873
414
259
48
674
142
973
940
399
914
881
796
339
456
304
812
809
869
454
120
440
245
214
292
698
999
911
58
856
697
903
747
298
227
799
389
68
692
625
669
595
155
918
196
799
557
662
399
966
95
502
856
842
170
431
638
396
551
293
957
573
986
624
858
393
902
84
878
164
506
186
107
56
153
469
780
837
542
441
559
70
551
258
605
585
809
632
563
654
65
787
148
84
818
551
256
773
268
611
674
911
250
523
614
707
567
176
346
50
660
141
397
624
112
768
26
309
103
884
245
826
438
362
462
364
276
111
603
404
679
32
83
382
570
903
112
364
526
548
893
37
412
137
759
872
43
930
358
958
357
230
537
880
39
653
562
543
140
874
888
804
840
870
901
635
992
967
791
653
496
905
259
812
818
167
990
289
773
105
110
601
53
905
239
134
298
186
360
568
693
772
176
106
547
815
510
752
933
904
711
387
198
869
573
523
323
344
945
49
737
742
386
476
916
917
535
482
998
728
86
778
682
404
839
874
735
42
151
642
859
609
200
240
533
844
470
218
169
67
294
890
597
903
896
244
784
731
903
686
577
170
95
400
245
653
419
285
633
132
141
797
128
168
428
712
672
33
1
341
9
348
142
19
297
944
51
869
412
428
968
862
814
494
322
619
280
442
281
581
708
174
191
746
765
931
692
738
501
425
912
153
654
630
16
418
378
798
376
608
238
608
234
578
537
881
502
725
432
284
949
225
58
180
595
229
657
184
734
394
316
474
481
102
526
521
264
327
238
796
612
543
380
968
33
315
289
662
744
247
487
808
605
196
311
406
702
29
305
977
361
204
944
327
10
220
700
667
395
449
465
476
574
332
976
176
778
98
121
730
947
604
262
966
222
270
111
567
170
763
741
976
697
249
360
707
350
458
281
840
789
629
511
321
88
684
38
79
951
291
656
405
891
496
367
352
14
528
671
299
464
974
420
182
723
671
829
429
910
584
314
962
554
724
50
342
606
679
861
511
667
809
655
901
126
355
745
76
929
999
352
813
75
372
146
567
119
323
542
211
247
948
914
133
281
990
523
120
896
891
700
581
612
661
403
88
255
514
57
319
646
773
960
345
226
884
152
969
188
391
767
857
640
668
117
430
612
317
792
859
652
711
999
564
519
533
787
494
693
249
606
906
766
809
185
788
927
601
309
987
999
982
329
666
513
752
779
990
394
984
266
496
94
206
834
114
843
414
849
496
171
545
190
429
161
20
668
293
485
636
959
78
460
891
502
108
556
233
602
276
523
408
901
129
960
503
816
476
6
201
151
541
381
89
284
84
675
323
970
568
753
72
598
697
130
595
727
377
23
851
