800
579
740
481
514
823
450
208
641
984
847
566
273
775
837
695
24
988
657
729
443
914
558
126
181
916
679
599
656
740
929
336
940
301
871
137
636
996
666
583
19
534
71
486
450
683
923
414
473
970
150
610
244
106
403
650
350
828
969
605
126
57
875
629
699
292
342
416
869
305
420
785
409
368
54
215
23
346
433
606
937
917
97
737
136
930
888
392
868
692
984
677
35
952
305
41
794
876
849
140
118
428
190
398
221
318
981
584
406
440
158
427
678
659
682
122
828
113
511
436
903
831
833
140
549
405
919
301
688
955
147
171
32
929
442
730
11
52
382
241
1000
369
726
681
77
966
734
656
692
840
488
516
445
116
544
231
59
679
139
216
486
374
544
707
56
999
145
693
870
173
618
243
247
919
235
363
472
16
769
963
525
620
752
905
602
556
130
593
673
831
659
671
112
147
237
720
422
558
794
480
371
227
819
134
524
867
773
693
676
732
608
424
150
880
704
993
226
862
790
436
21
945
611
978
926
982
559
213
425
653
285
872
496
668
745
990
464
877
976
235
779
827
320
928
695
139
150
52
91
444
685
581
677
551
385
690
484
852
862
134
329
436
919
169
279
714
173
497
235
570
381
21
363
551
674
156
206
299
21
277
781
546
970
91
964
351
615
30
990
805
519
240
607
888
170
304
819
329
916
450
301
69
447
563
379
431
977
113
221
49
467
556
980
430
421
916
784
417
299
143
902
827
640
308
67
619
930
104
953
214
468
841
740
757
304
375
449
900
225
803
114
376
69
66
795
618
753
140
755
785
244
552
772
500
754
254
983
692
638
163
315
969
112
363
137
86
154
398
28
130
796
902
996
226
485
416
801
348
25
136
148
87
244
659
102
655
363
273
530
167
193
935
779
104
983
342
202
130
414
872
442
132
546
544
645
940
984
65
998
608
613
216
608
240
615
299
357
716
871
113
180
94
794
902
323
848
861
428
20
659
446
407
311
7
429
664
956
464
721
440
845
539
527
514
226
654
245
972
182
285
685
813
315
645
719
529
830
76
344
971
256
116
515
946
635
711
70
743
168
526
427
402
737
33
844
678
794
608
64
724
107
189
305
318
296
746
572
475
855
986
160
705
922
480
476
330
707
659
963
247
687
5
839
710
257
553
250
456
939
41
507
618
25
716
614
819
485
589
541
221
778
703
466
896
377
549
885
640
90
885
947
826
631
886
606
612
535
648
54
483
251
489
336
986
932
636
513
762
160
471
742
92
3
935
327
924
744
311
990
838
894
308
140
12
832
547
810
363
10
397
445
279
673
585
378
762
54
537
913
209
249
805
52
290
353
377
540
591
604
246
173
26
953
230
935
17
40
132
282
427
544
956
178
792
344
898
657
422
179
299
153
326
441
181
746
706
16
841
469
991
153
809
240
51
63
301
992
197
820
792
800
314
892
116
958
821
598
88
42
110
878
257
718
959
738
793
375
128
781
803
755
674
479
10
56
830
47
326
594
858
792
499
295
256
867
174
133
543
589
860
217
688
323
378
611
508
841
693
676
671
121
266
424
564
330
18
192
307
947
635
971
714
854
580
818
110
578
387
67
537
210
374
686
842
573
499
229
729
451
48
180
458
839
536
993
113
678
907
542
987
410
239
873
493
829
402
216
505
688
945
16
460
29
215
390
946
327
373
108
190
913
736
178
259
884
209
380
280
980
380
600
798
508
142
13
950
265
499
442
539
138
864
297
89
921
229
969
661
93
313
886
433
165
994
568
748
139
56
168
682
203
839
209
168
102
616
730
769
802
879
224
681
889
375
630
145
925
513
318
472
841
