1000 1000
2373 4056 2574 3876
1769 9618 1957 9577
8487 6092 8508 5739
6935 7748 7207 7652
5197 4540 5285 4173
5132 1915 5167 1629
6605 5243 6708 5002
6526 9594 6613 9275
7130 6319 7571 5987
7931 4390 8008 3929
4910 4196 5373 4004
5803 87 6200 12
5286 2906 5740 2711
1356 4513 1585 4220
4730 7814 5163 7438
3716 8450 3973 8250
1764 1142 1786 647
3044 6183 3368 6180
4812 5326 4909 5147
9396 2945 9446 2509
6313 6867 6355 6697
3079 7179 3555 7152
2579 1673 2580 1281
246 5307 378 5012
6568 5016 6769 4522
33 8405 404 8285
3296 6518 3510 6398
1646 875 1932 745
1575 6854 1826 6412
1891 1856 2029 1618
6312 1902 6612 1751
6636 1323 7020 875
1471 1487 1636 1409
8882 8451 8967 8000
1135 3868 1440 3734
3937 1628 4296 1592
3803 360 3839 235
1318 3991 1583 3581
7178 6333 7596 5851
5800 8587 5905 8265
3627 5373 4017 5105
3435 7188 3534 7080
6049 5856 6542 5530
7303 3191 7638 2901
2012 9693 2109 9664
1386 7190 1765 6731
4546 5919 4846 5890
7012 9490 7127 9354
9551 2398 9647 2316
9025 3390 9334 3203
3265 6509 3388 6291
7298 7951 7341 7543
4752 567 4804 421
8648 2387 9050 1978
2294 1381 2493 1105
4440 825 4573 683
1788 8900 2208 8471
4466 8392 4643 8127
2439 7576 2785 7407
7670 2050 7891 1981
9185 6098 9308 5751
9245 936 9636 462
7947 2127 8337 2016
5112 2935 5162 2503
1201 4225 1290 3987
4972 4291 5273 4084
9364 4077 9525 3744
7888 5542 8363 5147
2920 6134 3305 5927
8514 9401 8697 9038
7539 830 7835 716
8627 4443 8940 3965
5141 2284 5268 2152
4857 9279 5291 8929
6791 6173 7230 5698
5180 1062 5413 1061
4980 6786 5315 6705
3559 9744 3868 9330
2688 4932 3123 4564
3790 6726 4144 6248
9925 2984 9968 2810
908 4614 1129 4164
6844 5791 7234 5477
4403 755 4638 436
5859 1809 5879 1686
1543 8452 1961 8078
9202 1221 9351 985
5945 9838 6351 9466
919 3755 1067 3298
1479 6100 1976 5803
6602 8472 6762 8141
8895 3276 9349 3195
7124 9486 7418 9120
1247 3673 1491 3402
263 7623 722 7296
2194 220 2625 76
3683 6039 3698 5810
1590 8553 1876 8201
303 7697 598 7536
4464 6145 4685 6028
6149 6179 6295 5872
5237 5518 5656 5162
3481 573 3757 284
2461 8938 2763 8917
1244 9518 1556 9339
7962 8014 7975 7563
6714 1591 7080 1576
699 9602 727 9473
989 1690 1107 1397
9277 4393 9732 3965
3971 7419 4076 7125
6284 3262 6697 2788
6602 3377 6957 3256
3599 4995 3610 4635
8920 796 9100 297
1940 1274 2415 963
4619 4425 4810 3930
1429 3559 1703 3332
3819 7499 4123 7456
4954 7700 5361 7352
9216 4854 9511 4667
7006 1556 7457 1377
5934 3703 6358 3574
726 6774 926 6465
4071 472 4430 381
8703 2576 9066 2269
8686 4272 9182 3835
9700 8838 9930 8452
1384 8927 1495 8459
1458 2286 1944 1876
7949 8787 8279 8749
1850 7826 2201 7783
6817 2690 6904 2304
1532 4931 1816 4928
8032 2930 8059 2821
7395 6729 7696 6555
9351 8852 9597 8823
3514 1234 3752 1096
1458 5284 1817 5033
5260 1432 5652 1101
5988 9999 6189 9551
2858 9787 2951 9533
9455 9910 9614 9765
7451 1956 7776 1818
7325 7758 7644 7683
7884 2967 8056 2655
2582 7448 2825 7103
6064 9086 6149 8900
3257 6248 3311 5939
5932 9261 6304 8981
1691 865 1742 586
2082 9228 2540 8918
5609 7417 6011 7336
3058 3089 3228 2837
7881 4226 8063 4046
2650 1820 2892 1391
1972 4935 2438 4744
2693 6395 2777 6272
9304 5223 9748 5146
8924 8303 9346 8120
36 7884 175 7453
7102 5526 7452 5277
4553 8377 4911 8256
1464 5100 1673 4947
5838 8356 5952 8348
7906 7653 8194 7479
8451 4541 8649 4221
4662 2079 5004 1716
1886 7548 2177 7059
3894 6054 3926 5836
1925 5366 2274 5023
2699 2732 3129 2379
748 5145 1208 4700
9376 2466 9775 2139
1489 4978 1502 4505
120 2332 559 2214
3573 3157 3692 2726
1149 2270 1574 2075
2926 6018 3082 5877
9568 8413 9882 8059
1023 2038 1385 2031
765 5267 1021 5192
1475 9718 1598 9628
8797 3499 8830 3276
3084 2212 3384 2150
4042 860 4358 743
8908 601 9070 152
6862 6200 7021 5746
3119 7655 3385 7352
3564 1428 3818 1005
2196 5366 2571 4868
324 8561 824 8155
3417 264 3559 226
9213 2976 9455 2502
3496 9593 3846 9263
3095 2987 3133 2495
2116 1898 2454 1788
9428 1180 9810 731
9614 6639 9782 6414
6533 6086 7008 5879
3890 4428 4182 4350
4815 3776 5212 3326
9583 1323 9773 1034
1257 6218 1455 6042
4934 4105 5277 3845
6565 3669 6692 3257
1300 9226 1333 8816
7897 5828 7926 5498
1410 6934 1431 6750
4090 2956 4529 2778
3006 6820 3211 6774
9126 2277 9276 2142
615 6660 927 6316
1275 4327 1731 3984
6440 2645 6517 2434
9243 9170 9668 8990
8373 8530 8803 8293
8203 6243 8287 6222
6417 8615 6567 8602
6519 4604 6990 4159
6861 2940 7288 2696
7742 5689 7815 5235
6155 6987 6516 6971
9139 9077 9565 8845
6601 9687 7052 9199
1573 5818 1915 5431
5244 7276 5440 6863
6726 9240 6770 9192
4675 5224 4748 5192
3879 6770 4289 6591
7698 4553 8190 4198
7968 3745 8135 3430
9398 5134 9892 4666
965 1974 1229 1646
5599 6813 6030 6427
1220 8148 1417 8036
2329 2361 2598 1918
3573 4771 3624 4281
3592 6602 4039 6400
3458 7920 3598 7762
2135 6809 2601 6622
2238 7436 2603 7312
1794 2359 2035 2252
7417 8235 7885 7942
4617 5406 4937 5277
632 5056 636 4754
8568 6903 9010 6530
8908 4047 8942 3730
4639 5556 4720 5531
9335 9409 9801 9387
9924 1874 9955 1803
7353 2382 7792 1909
1119 6023 1553 5839
8921 7527 9026 7031
5099 4858 5140 4641
8687 5273 9185 4811
5118 6844 5459 6413
786 2874 1054 2872
5742 1997 6182 1956
8857 5588 9346 5213
1446 6864 1531 6675
8955 1606 9186 1285
6930 6683 7102 6633
6082 7346 6315 6907
8456 3597 8608 3406
3949 1501 4168 1409
625 8061 1005 7991
8260 6697 8703 6444
889 3089 1042 2650
6151 1251 6155 1062
1389 6411 1818 6145
2706 8016 2733 7865
2419 4439 2504 4159
977 8193 1290 8054
8180 3266 8519 3005
4599 5910 4961 5583
4536 4984 4568 4726
7040 8862 7260 8655
350 3264 492 2985
7628 5316 8100 5242
2508 5020 2871 4834
1310 794 1716 421
6265 4215 6308 3776
5408 2718 5658 2373
3382 5784 3554 5689
2247 3154 2710 3083
7859 3035 8333 2702
4140 3699 4500 3561
8547 6400 8749 5978
3448 8161 3571 7742
2339 1644 2515 1245
3524 7444 3792 7321
5996 8393 6301 8305
1377 1352 1530 864
2642 652 2658 647
329 6228 517 5762
8057 4611 8169 4403
363 7500 467 7145
909 578 999 320
7515 8093 7975 7762
3588 3172 3996 3142
3837 4020 4238 3943
6681 9108 7041 8988
1269 5486 1611 5367
8715 7404 8810 7214
3958 456 4003 216
3154 5696 3328 5345
3467 558 3882 336
353 2399 823 1982
3746 1314 3959 1262
7971 8181 8260 8055
423 8005 914 7941
3197 8381 3400 8271
4441 459 4523 140
7037 4769 7256 4644
4260 1731 4404 1660
9854 8410 9994 7925
9312 6713 9799 6607
7504 1361 7688 913
5653 9671 6145 9315
3559 1572 3723 1381
1886 3950 2141 3545
1720 1077 2156 951
4208 3090 4372 2740
7022 5715 7238 5426
8547 5414 8976 5146
1151 844 1161 496
2183 712 2469 433
1459 7603 1560 7233
3272 4547 3758 4350
8633 7475 8722 7381
9133 600 9391 166
7228 296 7457 227
9011 4410 9402 4085
5189 7469 5342 7344
971 7571 1067 7255
7156 1174 7361 875
8730 8518 8769 8020
8320 2238 8392 1928
6731 1179 7223 1083
2434 2319 2659 1965
2953 4106 3037 3894
502 1239 694 888
7326 8474 7525 8416
3866 1595 4135 1462
9208 9905 9482 9453
2752 906 2976 760
2570 8143 3045 7949
2632 2983 2905 2693
2715 6763 2900 6487
4062 4238 4306 4234
9654 6806 9759 6491
7467 3486 7774 3255
8432 7338 8896 7003
277 1895 489 1855
8795 1916 9150 1912
6848 3712 7092 3452
9152 8732 9319 8727
8349 1881 8488 1428
7324 4801 7356 4454
1728 8426 1791 7993
5653 5234 5877 5176
8946 1540 9102 1359
2618 3539 3112 3069
5804 2018 6183 2011
1944 9890 2055 9862
5580 8232 5850 8154
7141 6041 7144 5596
3481 753 3634 345
6732 3710 7232 3275
7827 7657 8195 7428
3437 2121 3495 1686
4781 2272 5148 2136
1659 2027 1965 1645
3766 3805 4106 3359
942 976 1030 750
8894 2418 8970 2079
3678 9094 3894 8599
8867 6520 8923 6466
2084 3089 2133 2955
1061 9065 1209 9003
6226 7018 6519 6902
2730 3170 2994 2828
8171 5693 8601 5554
5697 5097 5977 4948
6348 2254 6568 2166
7594 8932 7811 8452
6834 2794 6989 2674
1222 1881 1405 1509
7952 6597 8240 6411
3299 7132 3565 6929
3733 4671 4044 4445
6642 618 7064 187
7127 7806 7222 7641
2261 7855 2324 7601
7251 2520 7434 2376
4784 9014 5133 8725
4485 5698 4854 5417
834 517 1317 245
5808 8720 6219 8438
848 5873 891 5586
4377 2860 4429 2594
8926 7012 8983 6640
1734 1226 1877 1041
5123 6520 5140 6032
3933 9790 4144 9695
2838 8980 3185 8947
9687 8887 9771 8692
8751 5034 8857 4672
6196 5683 6365 5511
2957 9489 3289 9012
1271 7867 1518 7502
1630 177 1667 92
3461 8317 3569 8069
4356 512 4769 25
4860 642 4934 168
510 8977 799 8600
9633 9580 9703 9163
5935 4561 6238 4329
2555 3366 2797 2915
5350 9801 5742 9446
7602 6268 7696 5897
9505 4269 9960 4057
4109 432 4395 203
8509 8155 8990 7799
7271 4967 7731 4564
8705 5114 9090 4949
3052 3377 3302 3250
5974 7214 6176 6966
5876 8929 6212 8541
9175 4882 9459 4756
6875 6693 7333 6395
2129 6533 2452 6076
2334 6019 2497 5595
7899 4535 8292 4378
4330 5049 4600 4758
2985 1279 3478 822
9305 8344 9521 7955
1447 7073 1793 6631
2639 7620 2786 7131
208 1521 280 1082
3922 3058 4208 2644
5420 3722 5614 3297
691 3295 1183 2968
6199 8636 6231 8298
3554 2095 3903 1992
3250 8689 3376 8245
3252 899 3657 453
9027 6702 9309 6524
8263 5488 8725 5334
350 6030 682 6007
506 245 990 119
6594 6823 6914 6626
1235 5860 1370 5761
1326 6184 1741 5740
1770 2538 2264 2351
6063 721 6152 708
7998 1362 8446 924
8485 8320 8755 8258
2402 790 2728 747
763 7908 1101 7712
7218 2310 7550 1877
7975 6088 8256 5633
1997 6013 2211 5783
4443 1508 4497 1134
3943 2835 4242 2592
1260 9603 1343 9443
2633 8084 2865 7872
4689 8539 4755 8101
1012 9354 1304 8971
3738 945 3820 760
4941 6548 4953 6159
8428 1219 8627 768
2588 2803 2609 2681
4616 8115 4709 7855
1907 5401 1967 5301
5174 4651 5295 4184
6192 6861 6605 6561
8486 6170 8727 5893
8530 8014 8931 7752
4961 3005 5412 2984
9127 2341 9360 2105
5317 6230 5438 6197
7462 9370 7701 8921
5766 930 6257 493
2543 3693 2656 3372
3739 9896 3742 9733
7640 5350 8013 4996
451 7286 600 6788
6723 2507 6882 2304
4389 6178 4585 6165
9732 3969 9826 3697
1175 5512 1523 5296
7356 6574 7847 6235
5771 7662 5919 7609
3740 6410 3920 6405
5990 8847 6392 8483
6492 8861 6919 8833
8444 6629 8485 6366
2538 2663 2893 2441
7912 4502 8287 4209
1195 4236 1566 4138
3255 5653 3257 5302
9442 6989 9861 6801
6310 5055 6663 4660
7727 5891 7963 5610
9766 9832 9790 9347
103 4871 389 4490
733 3759 958 3551
6133 5627 6551 5444
4875 3453 5210 3222
365 5239 440 4807
3723 3168 3776 2994
6884 1321 7236 1152
7310 7210 7373 7082
7273 6629 7473 6418
250 4993 556 4847
1988 4280 2410 3887
6434 557 6587 210
6636 6884 6777 6829
9390 8880 9518 8761
5032 9585 5238 9532
115 3986 485 3783
4960 4977 5369 4665
5730 3968 6211 3529
1045 9435 1485 9371
9877 210 9915 22
3561 5809 3729 5784
3991 9707 4456 9645
3366 9017 3773 8645
9590 1860 9712 1364
4223 2271 4460 2164
7892 8026 7908 7898
3927 3189 4279 3023
1391 3949 1751 3532
7346 8556 7620 8244
33 3570 256 3298
9188 1472 9260 1078
6263 8580 6343 8105
7716 4303 7779 3998
961 3221 1173 3188
4859 2679 5176 2660
5556 7670 5686 7207
5120 7139 5306 6746
1816 8086 1934 7973
1027 5566 1230 5367
6250 4301 6489 4174
8384 2455 8618 1958
4378 5318 4703 5191
7018 9935 7155 9768
3843 9305 3965 9292
3440 8917 3454 8592
5718 1540 5773 1287
1254 9039 1395 8686
8750 1037 8955 639
9302 1730 9521 1444
6558 7149 6707 7131
2979 2363 2991 2089
5151 3863 5579 3447
6370 922 6515 768
4390 6481 4553 6188
8214 4691 8411 4591
9283 7605 9400 7125
504 6807 913 6410
6236 4005 6577 3521
160 9216 594 9119
2866 5976 3237 5930
3628 9588 3773 9283
8760 9383 9131 9030
7329 504 7538 463
3374 8916 3673 8722
6163 2689 6265 2319
7302 8144 7785 8022
9279 9318 9668 8845
3622 6561 4121 6296
9106 859 9353 415
2627 2392 2793 2109
1271 958 1345 602
3288 8422 3444 7955
91 4471 586 4157
1561 3823 1882 3808
6457 550 6536 359
8767 2543 8870 2185
2279 4517 2747 4303
3634 1772 3751 1681
8433 2474 8464 2437
1699 3091 1869 2726
6024 9384 6190 9160
2746 5012 3134 4887
6870 3992 7084 3823
8953 8426 9289 8316
7754 1877 7921 1527
2630 217 2668 12
9223 1550 9614 1212
2869 1522 3200 1195
5287 595 5648 531
2041 7662 2430 7382
1121 955 1287 905
8618 5116 8623 5058
1822 3125 2148 2628
4293 7302 4483 7079
2335 6846 2763 6580
3567 6501 3726 6134
6743 3715 7041 3332
8504 892 8586 605
7031 1884 7256 1586
5188 5901 5374 5540
2904 3532 3116 3346
9112 3097 9535 2739
7704 1046 7841 933
7534 8043 7647 7853
8463 4896 8922 4669
1047 8291 1486 7944
1055 6345 1058 6051
2956 3106 2979 2989
1139 8971 1334 8674
5400 8812 5860 8572
7545 7195 7752 6766
6966 2959 7381 2778
2548 2170 2871 1954
2906 8908 2967 8683
9133 9606 9392 9318
1815 8011 1851 7882
1918 2814 1994 2432
3639 8034 3762 7588
6292 7221 6723 6919
7425 2870 7480 2667
1838 1994 1882 1573
2642 4158 2747 3748
1241 7548 1348 7101
8101 5061 8201 4606
185 1396 424 988
6704 8568 7092 8186
2927 9496 3064 9376
6278 1011 6496 666
8650 8565 8843 8127
3235 626 3294 265
1738 3431 1908 3385
9164 549 9476 520
7357 2849 7590 2518
6819 7539 6837 7501
9081 5701 9421 5513
2189 5191 2635 4782
281 9873 394 9751
169 4179 607 4122
6863 3735 7345 3655
6687 3398 7138 2990
4945 9007 5075 8858
7823 5816 8146 5637
3987 6081 4189 5586
2059 8545 2452 8129
6788 7040 7217 6780
5816 6134 5880 5702
6079 8250 6112 7838
3081 3812 3286 3745
1408 1160 1469 758
547 929 1039 501
7954 9884 7986 9553
5105 774 5372 275
2741 1261 2888 1192
7207 5016 7478 4701
1243 3062 1538 2757
8394 3078 8745 2656
912 1165 1263 669
7111 9139 7126 8827
7470 823 7932 418
6029 5821 6373 5635
6715 1062 7116 912
9551 737 9869 341
7024 8846 7445 8672
2173 9207 2261 8868
9187 1052 9495 900
9036 7774 9494 7660
1349 3835 1647 3690
3774 733 4149 596
6834 6157 7289 5814
8834 8251 9247 8197
47 7281 60 6913
7650 7915 7768 7635
1754 801 1857 577
1541 4793 1708 4644
1909 3729 2120 3456
586 375 912 167
510 5635 663 5196
7929 5630 7948 5167
1284 9393 1526 9375
9118 363 9316 298
71 5399 75 5032
799 3271 950 3258
8537 5971 9015 5675
6138 8430 6248 7946
4907 7828 5255 7798
3911 7228 4182 6890
5919 6663 6027 6251
710 6832 1067 6491
4708 3924 5031 3768
8290 6487 8598 6055
2575 9351 2737 9275
1431 7613 1442 7359
6420 7556 6779 7499
3503 4595 3995 4195
3496 7567 3963 7075
2025 2276 2126 1908
4801 4309 5258 3944
4726 6124 5116 5934
7276 3474 7661 3324
7625 9847 8072 9599
7906 8301 8161 8124
9449 9244 9803 8812
5486 5549 5947 5457
1077 9104 1244 8665
7779 2385 7834 2165
5092 257 5351 14
4604 2642 4710 2630
3504 1064 3851 1012
6421 9286 6727 9278
2171 4102 2545 4049
1657 4267 1982 3910
7110 6901 7504 6626
8639 6052 8666 5814
4695 2920 4945 2568
7350 8479 7563 8105
6919 9151 7401 8708
3978 3668 4368 3247
4255 2718 4496 2472
5152 6106 5435 5658
4363 8168 4683 7680
7531 6543 7954 6169
3438 3118 3820 2822
3449 483 3828 170
658 9636 1105 9349
1910 763 2317 272
9415 5002 9528 4746
2377 2368 2597 1926
3721 8657 3745 8537
5635 7876 5973 7532
1589 8704 1705 8566
9193 7728 9294 7258
869 5944 983 5601
7731 7730 8095 7664
7636 4918 7954 4643
1004 2902 1094 2780
3670 5978 3988 5643
5724 4792 6005 4439
4396 2145 4613 1985
8436 7157 8775 7137
5285 9398 5392 9057
3707 1478 3827 1341
5116 7649 5169 7643
2318 7299 2755 7079
2472 3259 2960 3176
9072 7740 9480 7510
8963 5390 9396 5086
4837 6599 5203 6484
6765 8408 7175 8348
2898 4151 2976 3845
5336 1875 5800 1780
9392 1631 9817 1276
4149 3393 4649 3160
1231 4343 1684 4242
8296 7725 8643 7281
8806 1894 9164 1431
5524 4994 5657 4890
6615 8009 6879 7520
2449 3986 2645 3580
2169 334 2577 1
5025 5631 5229 5298
3614 983 3691 602
3281 7846 3458 7806
391 6769 842 6767
9805 8527 9849 8087
1094 1334 1457 1017
2973 7155 3259 7030
3234 7345 3329 7136
9548 433 9883 192
8647 8508 8683 8302
6262 3396 6584 3145
865 8553 975 8274
6888 5361 7238 5166
1334 3424 1510 3207
8913 2431 9100 2171
3504 9223 3814 8915
4027 2873 4326 2707
7248 1052 7620 754
9475 2013 9890 1900
6343 1523 6455 1295
2459 2366 2620 2363
8183 2001 8211 1645
5645 7608 5800 7216
3763 761 4010 394
4513 2002 4823 1764
9422 5379 9711 5194
3915 8927 4377 8812
9281 9703 9591 9402
4304 5082 4722 4997
4370 7903 4732 7466
9762 8461 9791 8009
4138 941 4148 533
7450 5500 7763 5453
7015 4880 7485 4549
1053 5347 1357 5119
8782 6478 9114 6006
1135 3496 1559 3467
7956 3340 8326 3209
9739 5726 9775 5616
6281 3096 6375 2727
8894 6893 9188 6743
3150 8553 3450 8239
1052 4698 1527 4585
9044 1170 9172 1153
3553 3916 4027 3850
1000 6063 1179 6000
3007 4302 3362 3825
240 6816 478 6633
4941 4939 5312 4542
9660 2866 9931 2465
3708 6744 3792 6680
4161 3204 4214 2882
3000 6064 3029 5565
4066 7715 4227 7479
5856 9607 6163 9300
686 8725 690 8550
6221 6550 6497 6119
8100 4029 8248 3660
8242 8868 8569 8647
680 3219 796 2756
8701 4232 9010 3869
6805 6061 6954 5711
6814 2737 6907 2345
4705 2779 4837 2771
456 9200 837 9068
1266 5525 1508 5362
8608 4682 8909 4524
3330 819 3438 383
9626 5557 9877 5185
1858 588 2092 317
8717 3609 8934 3280
6340 3910 6664 3693
2970 3611 3267 3375
6789 9596 7252 9144
2342 5640 2485 5624
6814 3705 7034 3350
8544 6646 8557 6301
9602 963 9709 945
5952 1983 6186 1637
7768 6356 7817 6093
4087 5211 4280 5131
5374 8001 5501 7539
2364 3952 2502 3590
1332 3597 1777 3294
7145 4026 7591 3976
1120 4538 1438 4046
134 9723 410 9509
4289 5519 4468 5048
1143 1806 1426 1658
928 5590 1078 5462
4336 1173 4541 1029
8190 3987 8267 3850
2030 1212 2160 755
4886 3422 5209 3188
3866 1038 3991 996
5577 4257 5703 3999
6000 8890 6390 8517
2865 568 3230 555
4701 4687 5193 4622
7273 2766 7510 2638
3654 5229 3740 5225
8550 9720 8630 9507
4575 6400 4967 6387
4114 9924 4497 9615
9140 3707 9164 3660
5797 9842 5923 9839
7041 8458 7150 8456
5581 4493 5767 4012
5077 8927 5363 8669
5253 7090 5460 7080
3206 4132 3547 4027
6421 4473 6767 4038
2671 4541 3167 4409
3877 5790 4333 5636
2792 7798 2917 7528
2195 5050 2287 4809
4961 5184 5403 5098
2278 2720 2405 2358
2852 5296 3292 4933
7692 8821 7777 8442
8572 3750 8887 3739
4456 3935 4794 3456
8427 6787 8582 6528
1169 7833 1343 7471
5953 7738 6055 7695
7380 4326 7800 4047
5504 3250 5551 3186
7944 8014 8115 7825
8370 6965 8604 6952
5681 6076 5784 5658
6059 8871 6095 8731
3260 4836 3517 4467
4591 3914 4998 3530
6709 6905 6883 6837
4024 3859 4490 3542
9439 3919 9452 3429
9753 2103 9830 1611
1251 5012 1717 5009
4618 5035 5023 4889
7350 1296 7636 801
4447 7007 4708 6652
6315 1380 6693 1160
9575 7672 9788 7345
9000 8437 9486 8242
3035 7978 3380 7959
3935 7390 4011 7117
4986 3358 5116 2971
6369 4323 6525 3908
613 3486 876 3232
9553 9851 9642 9627
6303 8011 6701 7583
5383 8715 5453 8503
9624 9939 9916 9934
5746 5074 6008 4644
8319 9267 8522 9171
4138 2925 4609 2704
1634 9955 1666 9564
9364 5970 9540 5519
8256 5493 8563 5319
4793 1354 5078 1262
3595 9656 3872 9574
3371 1049 3802 648
3651 8433 4100 8101
1849 7544 2300 7422
6009 7396 6095 7010
1687 4463 1922 3993
7771 732 8250 329
2765 7156 2940 6704
910 5534 933 5201
1532 9865 1991 9481
2347 9363 2700 9031
6914 1171 7110 963
5154 6429 5392 6059
9406 7999 9433 7810
7795 520 8192 123
6410 8984 6662 8630
1303 6704 1790 6449
6861 3241 6981 2746
9230 8116 9560 7990
5831 5305 6223 4836
6283 4211 6338 3860
4639 2836 4893 2339
2569 2037 2611 1783
6897 2255 7125 2077
189 6380 635 6315
7147 6356 7492 5923
2689 7349 3088 7258
6511 9344 6606 9256
882 9489 1221 9466
1760 5910 1899 5780
830 1503 1027 1125
9603 9495 9680 9362
8549 959 8660 806
5214 4586 5317 4440
5105 8543 5328 8254
6566 5270 6790 5088
1840 9613 2125 9531
2122 8473 2445 8082
8984 6611 9307 6556
7529 2475 7899 2233
4501 2524 4968 2220
718 6205 1133 6072
588 8133 589 8127
7942 2919 8006 2857
7135 3596 7275 3568
2389 4352 2718 4241
2249 919 2488 742
9682 1975 9982 1928
269 8630 418 8415
4180 4322 4287 4224
1338 3106 1746 3027
8617 8225 8767 7910
1262 5525 1498 5485
5943 8759 6234 8280
893 8070 1106 7883
4079 704 4118 357
9579 3250 9676 2761
4530 4894 5022 4499
4250 8676 4665 8459
8871 1120 8887 997
3099 4114 3459 4022
7667 2414 7975 2068
2773 6355 2925 6036
4977 9678 5211 9342
9425 8288 9727 7806
5429 4331 5809 4041
8640 4587 8879 4487
803 5493 887 5357
7039 5555 7103 5122
7862 8933 8154 8572
2888 1786 2966 1754
7789 3303 8216 2930
2948 1787 3199 1476
1089 8684 1205 8467
3253 317 3563 275
7098 2574 7407 2447
4566 5504 4771 5066
8249 7858 8300 7568
5888 5431 6172 5300
6389 9094 6701 9012
8670 9975 8750 9792
8145 8227 8296 8150
3622 5776 4089 5684
328 6792 555 6298
6112 1450 6196 1263
8777 9456 9149 9443
2653 6216 3120 5839
2902 4039 3148 3672
9315 3721 9348 3226
4661 8792 5098 8764
1021 7740 1412 7468
3896 868 4207 780
2589 7732 2775 7343
1399 2168 1612 1789
4017 4037 4154 3731
1943 1716 2177 1234
7751 8803 7964 8463
1932 8748 2163 8317
4994 5642 5243 5185
5969 905 6136 483
524 1103 823 841
1320 3547 1702 3200
8239 5127 8426 4744
6177 5091 6584 4833
6260 9207 6353 8752
3939 5110 4365 4926
2440 3422 2577 3369
2804 1184 2946 772
6078 2127 6540 2081
8821 8152 9245 8025
3044 6621 3324 6569
2240 8887 2408 8797
5387 4191 5737 3888
7165 4465 7649 4399
6720 8399 7206 8117
984 6165 1300 5970
345 3345 462 3039
4987 9582 5397 9511
7904 3064 8204 2770
2124 2739 2264 2671
3583 4995 3695 4574
7701 4812 7989 4313
5237 7256 5635 7197
6100 9476 6167 9052
2921 1370 2982 1076
1821 1128 2147 907
5879 7228 5969 7186
2342 6433 2740 6382
7349 2966 7444 2473
6596 708 6913 508
7131 6109 7277 5671
8663 8836 8775 8625
5886 2323 6244 2053
9176 4546 9502 4447
2653 6610 3084 6355
8415 9887 8897 9808
4724 6061 5221 5664
4128 6981 4304 6944
7108 1803 7279 1686
771 982 1153 633
1843 5835 2321 5818
2832 1577 3026 1116
748 9926 998 9735
7445 3178 7659 2984
5561 2524 5570 2300
6833 8928 6850 8811
2700 923 2832 644
2038 5616 2189 5328
5858 1376 6029 1246
8305 6364 8464 5931
3810 3118 4164 2717
179 3598 439 3147
798 3807 995 3377
3465 7757 3548 7303
933 7633 1002 7399
3183 2361 3643 1943
1390 6552 1609 6253
9286 3650 9457 3304
8335 4819 8541 4804
2906 5696 3126 5593
7729 5828 8225 5409
7953 4771 8368 4521
5017 5819 5387 5360
9229 7890 9421 7498
7789 702 8283 541
1579 3894 1873 3638
8954 9194 9204 8826
1852 4877 2329 4568
1037 4582 1535 4463
6551 2413 6951 2290
764 1722 1138 1522
3723 4149 4060 3680
6857 1648 6951 1332
77 2782 175 2534
4669 6612 5155 6564
694 2157 804 2098
7226 9579 7276 9148
6823 3335 7015 3022
7079 577 7486 94
2722 3270 2849 3263
7419 6322 7455 5938
7226 3750 7668 3360
3078 8974 3257 8506
9119 9834 9277 9609
8972 1645 8982 1583
2946 9596 3192 9161
3928 2591 4304 2338
217 3238 700 3077
4684 8825 4717 8573
4896 461 4939 265
8945 7611 9370 7265
9465 9707 9924 9624
2029 7668 2142 7477
2016 5368 2439 5137
8935 6930 9130 6882
7179 6581 7492 6472
4504 3578 4600 3457
5516 8022 5619 7918
583 1917 757 1708
920 9489 1076 9186
2625 9313 2955 9173
7688 8508 7835 8190
6774 9515 7140 9274
1877 6631 1983 6192
4109 9596 4300 9126
2898 534 3063 73
5203 2299 5678 2135
6207 2399 6486 2311
6798 1485 7128 1224
5403 9705 5466 9555
2464 4892 2755 4590
2763 5164 2883 4693
8764 7566 8870 7471
5016 1732 5450 1721
4628 5941 4836 5733
7385 7893 7439 7434
5983 6466 6004 6288
3917 6177 4128 5981
3974 2722 4471 2458
7003 6905 7074 6885
5705 6636 5963 6285
7121 3124 7318 3105
3659 2667 3946 2478
9328 5898 9446 5703
8854 3740 9193 3621
7265 3401 7520 3269
9016 1622 9096 1555
8585 4917 8972 4835
3211 9493 3610 9224
2718 6635 3020 6522
2509 4923 3007 4853
8665 5621 8732 5576
2576 9361 2824 9013
4855 9963 5225 9657
745 4619 1173 4516
3702 9772 3802 9290
9733 1126 9948 1063
1756 9714 1901 9604
1831 2916 2031 2417
7463 600 7675 594
5915 1299 6226 878
4891 5733 5038 5552
4172 9008 4489 8557
6565 3083 6925 2998
3753 9847 4241 9708
4667 3167 4843 2834
1137 4401 1314 4022
1534 2695 1971 2413
1159 5497 1384 5346
7478 6819 7614 6331
7708 4180 8094 3975
9340 9115 9499 8649
8284 1198 8431 1116
4542 2582 4893 2378
4556 9702 4592 9302
8667 5412 8692 5160
6510 5812 6519 5750
2812 8820 3064 8692
2294 3494 2593 3082
8080 9389 8322 9007
1511 7067 1526 6823
4074 8293 4225 7801
9784 6590 9816 6417
7180 4181 7396 4040
960 6311 1195 6024
6946 8288 7293 8008
7632 9225 7918 8782
8038 6275 8072 6222
9244 7975 9321 7754
3340 709 3362 293
1924 3984 2099 3905
8765 3363 9072 2954
6003 3134 6156 2712
7858 9253 8017 9197
3936 1260 4270 869
4982 6058 5449 5710
7769 4140 7961 3829
4740 7100 4794 6924
692 6892 1024 6645
8909 8437 8979 8322
8624 8483 8938 8388
8279 3704 8523 3514
8860 1672 8958 1500
6974 4447 7445 4146
2094 8711 2547 8398
8549 3961 8601 3941
6814 4378 7048 4049
5995 7298 6021 6975
4740 3355 4794 3219
1249 1033 1589 591
142 9470 543 9114
4594 4535 4754 4456
3967 675 4059 372
2906 1396 2999 1313
9624 9487 9887 9282
6181 848 6520 355
3994 5304 4224 5203
46 821 525 548
5396 7236 5541 7204
1479 6539 1969 6500
4042 8956 4298 8724
2556 6705 2783 6388
526 9536 555 9514
8679 9980 8907 9523
7591 2172 7722 1800
9595 7621 9604 7583
1532 1737 1942 1723
8162 4290 8421 3790
8445 9769 8652 9764
7605 186 7912 28
8454 7360 8704 6956
1957 8095 2261 7876
5287 7791 5517 7442
8318 8755 8599 8436
9382 9106 9658 8898
6449 2408 6602 2149
7281 8524 7568 8351
8419 7934 8863 7719
7265 896 7435 734
3749 3830 4001 3507
8411 4730 8497 4295
1337 7127 1687 6675
8321 1339 8449 1032
6945 2259 7074 1807
9783 1018 9795 589
7825 3790 8173 3584
1739 6464 2100 6007
7346 8710 7731 8603
171 8362 468 8300
7439 3250 7841 2785
944 3313 1108 2949
3527 2650 3802 2537
4550 1319 4950 1004
9174 9597 9476 9239
9345 8102 9640 7749
5112 7398 5430 6948
5624 1155 5998 981
8582 3505 8619 3474
1012 1106 1313 950
7625 4004 7797 3699
6035 8140 6360 7732
8031 7654 8084 7414
4378 3325 4653 2998
3859 745 3874 681
5705 4555 5869 4490
1725 4385 2138 3933
3305 6947 3484 6512
9343 2950 9396 2518
107 888 597 546
580 2653 997 2492
1389 2810 1728 2651
1767 9254 2191 8788
3114 2904 3262 2749
6639 271 6960 128
9633 9121 9940 8937
8235 8343 8593 8033
6913 740 7344 551
6960 8289 7280 8092
7179 8814 7311 8536
2770 2269 2934 2076
6772 806 7034 676
1629 8779 1670 8374
1339 6373 1777 6308
5736 6970 5977 6967
7595 8160 7770 8006
8936 9645 9134 9567
6453 5945 6510 5713
2801 3985 2906 3883
8543 3588 8685 3412
9263 1645 9315 1146
8866 2414 9049 2104
4222 3973 4399 3502
5958 7929 6416 7582
4277 8856 4763 8626
2540 3126 2810 2634
2934 5154 3022 5049
2973 192 3086 132
1738 2882 2006 2637
1882 709 1991 381
4058 5133 4264 5066
7151 4212 7501 3743
9000 4254 9134 3785
353 466 612 243
7118 1159 7192 893
4310 9521 4684 9501
874 9800 1302 9590
7513 8821 7665 8717
6095 8128 6466 7993
834 7496 1062 7262
67 6515 413 6058
4972 7969 5173 7926
2448 5997 2712 5807
7370 6995 7413 6603
6006 6525 6417 6357
9526 9961 9926 9540
825 7896 983 7479
2722 3986 3139 3977
8187 7802 8412 7702
6194 9944 6246 9787
8029 2397 8166 2257
1081 5457 1356 5447
3386 6440 3747 6414
905 1464 999 1085
4057 5828 4507 5704
2997 9046 3044 8817
1240 3853 1342 3553
4560 8451 4808 8059
786 8580 966 8339
7631 4145 7817 3767
2471 6559 2951 6247
4643 2259 4645 1841
1832 7668 1876 7555
2536 1769 2663 1513
934 3543 1045 3090
2467 8791 2520 8472
1357 5909 1724 5847
988 6118 1050 6070
8831 8718 9164 8612
7594 8048 7935 7725
1073 8394 1271 8049
2478 8525 2838 8052
2189 1036 2652 604
2129 4593 2272 4592
3295 4866 3368 4388
4092 6966 4256 6825
62 7527 525 7138
4441 4105 4511 3913
4718 275 5015 45
5001 9920 5401 9915
4955 2788 5080 2429
7702 2332 7936 2244
102 3834 324 3530
7536 6402 7865 5947
2812 6027 3293 5937
4247 1738 4671 1413
645 6663 1112 6372
4159 7916 4221 7757
9384 2099 9709 1601
7949 4223 7976 3986
7346 1190 7448 768
2645 3583 2682 3402
2455 4106 2576 4059
2122 5338 2183 5321
5313 7501 5480 7011
4078 5387 4503 5316
2491 5263 2641 5196
8231 4912 8266 4866
6199 8106 6239 7904
4959 3981 5267 3664
6513 8349 6826 8247
6424 5979 6854 5972
2377 3323 2467 3266
8027 1926 8382 1690
3066 5430 3480 4943
9350 4693 9844 4412
7535 2109 7918 1971
2330 9755 2818 9688
7816 7867 7845 7825
476 8895 732 8597
1398 3828 1552 3749
4391 7609 4763 7515
6463 1411 6786 940
8785 2000 9242 1934
5498 3713 5591 3313
271 8025 418 7553
5861 4026 5931 3897
4579 7266 5032 7101
670 8811 1089 8417
8696 5209 8726 4741
4766 3691 5050 3312
9094 4525 9354 4520
3030 4852 3484 4664
4278 3851 4378 3427
7136 6029 7149 5579
9231 1966 9377 1522
842 3083 904 2820
4398 3030 4682 2843
1750 6123 1937 6000
4299 9961 4379 9641
1973 4246 2011 3855
2546 528 3033 371
3868 5422 4242 5122
416 3251 471 3001
8001 6655 8090 6451
2237 9572 2259 9435
6224 9799 6426 9326
8724 8884 9063 8580
6114 4491 6290 4178
185 7489 626 7197
6122 8409 6155 8177
7717 8135 7856 8114
2762 1998 3193 1521
1831 2258 2195 1764
2536 9452 2612 9444
1299 1276 1556 1044
8325 3467 8808 3355
1835 4857 2093 4435
9714 2826 9740 2554
3202 6132 3293 5800
8591 4889 8664 4654
1325 1032 1378 983
5336 1686 5653 1612
5790 1493 5900 1092
24 619 289 319
5227 4688 5337 4554
3485 5841 3662 5528
1638 2205 2100 2195
1879 3492 2338 3394
8121 7817 8616 7482
3140 6753 3396 6379
4631 6776 4910 6576
6887 8317 6995 8149
458 1717 854 1309
8150 2110 8616 1630
4904 1304 5386 930
3789 2307 4160 1985
135 7745 483 7391
4501 2704 4908 2557
4150 9328 4451 9259
4880 1302 4901 1211
597 4387 758 4386
1349 541 1723 96
4658 4281 4668 3812
3148 5193 3498 5107
1128 1105 1617 1097
8392 495 8485 476
261 8361 453 8204
5173 2022 5447 1976
2418 2824 2712 2708
2540 9028 2848 8957
7327 1259 7721 1041
9399 2297 9847 2158
4693 6684 5094 6559
4237 3990 4482 3702
4998 4437 5344 4191
2670 4364 2911 4197
7591 9526 7804 9135
5824 6158 5967 5808
6551 3089 6835 2870
150 4790 301 4737
3339 203 3601 24
6359 7548 6811 7241
4944 1804 5442 1770
3586 1727 3601 1614
2017 513 2392 445
5716 949 6193 935
484 8120 827 8104
3656 1240 4133 951
1682 4318 1877 3913
6579 1946 6986 1489
1730 5286 1795 4892
5730 9973 6057 9837
6668 1090 7083 898
1384 8925 1639 8426
4400 2753 4791 2665
41 6704 405 6271
5443 6882 5659 6439
819 9052 1011 8760
3226 8848 3558 8583
5773 2787 6090 2416
6093 3336 6336 3084
6089 2082 6188 1679
7710 331 7728 139
3741 3172 3924 2866
4444 2635 4854 2377
257 8506 584 8370
9288 767 9359 521
8052 6996 8522 6815
9590 6541 9985 6454
4603 3251 4937 2842
1136 5660 1302 5516
6089 3963 6431 3733
379 2742 676 2676
4938 2572 5299 2108
7773 7146 8219 6766
747 5557 802 5123
1544 8850 1836 8734
8587 4466 8917 4131
1665 1049 2165 762
6295 3533 6497 3462
9194 5519 9623 5141
4659 6574 4925 6412
871 7035 1335 6555
8422 643 8587 370
698 8067 977 7929
5170 6635 5316 6333
9453 799 9576 381
8920 5041 9064 4916
6155 5514 6383 5509
5158 9818 5484 9486
1586 5682 1678 5365
2076 9057 2169 8598
8537 2216 8707 2072
5339 9095 5387 8857
5025 1572 5268 1480
6837 7375 7082 7227
7760 7426 8250 7005
7906 8261 8400 8006
9821 3099 9880 3026
6157 2276 6397 2016
1276 9687 1638 9431
3683 8820 4117 8381
9376 8552 9861 8298
9069 2837 9481 2833
5792 1247 5930 1032
7681 2635 7943 2299
1634 4769 1664 4548
8851 9575 8874 9225
2536 6932 2839 6537
4309 5794 4514 5439
6030 7145 6033 6752
4297 9020 4356 8642
4789 1152 5138 805
7903 8945 8004 8827
5711 1779 6154 1775
4379 9242 4662 8963
8724 2212 8876 1905
9050 3935 9199 3744
2793 7718 2979 7621
4865 5073 5117 4828
1612 8239 1659 8053
8959 3412 9240 3261
3656 9623 4032 9515
8492 2173 8611 1801
3592 9579 3923 9456
4724 9560 4908 9541
9654 2467 9883 2084
7748 3516 7756 3218
3503 1683 3620 1493
5591 1824 5806 1744
6603 6698 7052 6400
9102 4453 9338 4050
207 2703 433 2473
387 6614 856 6238
4231 8598 4353 8417
9615 1274 9931 855
8794 8477 8998 8388
3930 5035 3942 4670
5563 1313 5757 1286
5492 6244 5698 5917
7350 5639 7796 5448
6765 5085 6895 4944
1826 8569 1979 8333
248 5974 298 5590
5505 6861 5894 6365
2934 3106 3179 2643
4891 4559 5044 4259
430 7310 571 7008
6433 5882 6469 5672
8787 2006 8907 1974
2110 5755 2138 5347
2887 8349 3370 8063
6736 8122 6837 7901
5010 7329 5231 7020
1335 276 1530 0
5756 1150 6083 969
5774 4295 6171 4148
2191 1221 2339 1043
3814 7443 4169 7169
1115 6784 1375 6675
9225 9649 9681 9537
7933 4942 8000 4747
4503 6042 4560 5649
8099 5799 8598 5612
6581 8437 6805 8341
8315 8113 8386 8101
8184 9146 8508 8893
1428 8923 1615 8776
6389 4252 6588 3754
4427 6272 4718 6119
4518 7322 4992 7256
6350 7545 6639 7097
3262 3566 3306 3079
338 3812 802 3637
5832 2351 5874 2152
9061 7093 9423 6661
1085 2102 1257 1679
5764 3427 6168 3014
2267 4903 2600 4603
6753 5010 6876 4934
8183 6169 8299 6054
6237 5818 6541 5779
2446 3955 2618 3470
1203 7767 1552 7377
9313 8901 9550 8556
4019 4802 4358 4652
8750 9741 9180 9392
3722 1591 4061 1487
2389 7488 2802 7002
5422 4566 5629 4551
8626 4272 8790 4078
8202 275 8391 55
8288 6796 8494 6488
1210 4494 1426 4407
8534 547 8720 115
4689 3922 4698 3761
6055 1868 6431 1783
1150 9587 1624 9325
7384 4243 7606 3997
9641 421 9693 105
3434 1994 3454 1884
3614 3397 3845 3233
8258 9034 8559 8568
8163 4034 8560 3648
6813 1643 7172 1548
5715 8664 6114 8404
5001 1093 5313 753
784 4445 1078 4223
7682 378 8182 302
743 6600 824 6328
1093 8839 1454 8396
6465 1098 6773 732
6883 6754 7277 6402
3261 413 3707 333
3519 6045 3996 5957
6041 9129 6086 9107
1163 709 1622 399
3724 9163 3838 9099
1696 3680 1769 3481
6945 9842 7076 9490
4160 2476 4335 2005
6374 1978 6590 1685
4797 4293 4824 3801
898 2599 1359 2529
9369 6849 9643 6572
8940 958 9110 922
6436 7347 6573 6876
7797 1174 7846 1087
2440 4481 2588 4069
676 2846 1142 2477
8684 3828 9022 3703
6114 8896 6473 8603
8645 8922 8758 8494
8476 6941 8967 6765
1262 5004 1741 4580
8197 5982 8268 5575
6424 3634 6832 3537
7718 2011 7772 1985
3113 6580 3400 6297
871 7696 1049 7566
9492 9736 9647 9242
6257 9095 6611 8600
6619 7025 6735 6865
8995 7001 9103 6827
2607 4134 2990 3831
4330 3611 4501 3112
9365 3501 9630 3467
7247 936 7326 670
9051 4862 9193 4712
3378 3053 3420 2743
9246 911 9329 544
5129 5501 5182 5010
8068 3233 8308 2782
4129 1675 4550 1473
6822 7180 7293 6855
1563 2428 1693 2390
7722 4186 7976 3815
6803 9578 6805 9491
3081 2139 3161 1893
2630 2526 2778 2212
7801 5318 7851 5297
7564 8122 7939 7761
275 9424 637 9366
5903 2970 6325 2589
1790 4105 1894 3815
8099 1038 8243 914
9622 5745 9916 5325
1747 1013 1845 767
5130 8325 5262 7934
1061 1672 1533 1347
846 4976 1340 4825
649 4954 841 4776
9177 1558 9311 1454
6792 6290 6905 6019
570 801 686 417
4242 5415 4383 4994
861 8008 1072 7612
6132 8155 6377 7728
8145 8315 8322 7817
9609 6015 9932 5898
2944 7410 3283 7297
8513 5572 8874 5409
1953 4248 2042 3886
8972 8752 8978 8667
1783 5662 2080 5592
102 7743 301 7453
1090 3798 1482 3395
8341 8925 8744 8428
8225 8506 8623 8187
8778 7750 9095 7741
2473 1004 2913 517
2407 2850 2905 2392
2363 5280 2503 4909
3011 5499 3188 5135
1072 6962 1570 6907
8961 2965 9174 2566
2329 6658 2829 6357
6613 5540 6641 5510
1470 5256 1894 5203
3112 7395 3470 7155
4984 6158 5454 6019
7513 548 8000 275
6508 659 6883 628
6306 2024 6603 2013
5902 4951 6306 4769
5978 7750 6389 7303
328 3874 642 3449
6824 8820 6835 8627
8891 9561 9303 9121
5199 5954 5622 5788
3554 5226 3749 4914
5628 2061 5903 1910
8241 1302 8302 1110
8442 7759 8446 7592
4413 9091 4709 8819
5105 7973 5117 7821
7622 6529 8058 6158
7931 1672 7973 1583
4513 8399 4552 8370
2504 9545 2839 9255
745 6334 927 6282
753 6570 845 6286
3940 3425 4216 3125
3761 3568 4052 3396
7541 720 7831 329
5414 9744 5572 9665
2108 7985 2602 7815
4496 1157 4864 966
1422 8337 1632 8251
59 4381 260 4154
1735 8984 1897 8904
7979 8936 8213 8852
8705 8417 9175 8184
5225 2137 5280 1718
2002 3219 2371 2768
8932 7978 9008 7540
7919 2893 7968 2780
3199 3901 3496 3642
356 5314 595 4836
2056 2764 2153 2373
4369 3672 4630 3217
5005 7776 5214 7285
905 3804 1302 3549
4799 5601 5201 5238
8243 1165 8507 805
8333 9483 8378 9393
1168 4091 1641 3852
7981 4894 8052 4598
1593 6395 2042 6287
2237 2371 2632 1934
1855 3028 1924 2820
3564 6252 3663 5769
5459 1628 5756 1451
6917 9230 6980 8762
6524 287 6594 31
7061 2724 7096 2644
4371 2478 4628 2068
7420 4505 7694 4018
2799 7247 2906 7115
4617 9824 4753 9695
1530 7493 1933 7473
6597 7992 6839 7718
2615 2906 2632 2889
366 6084 757 5584
2033 3743 2110 3370
7901 7809 8242 7349
9589 5446 9859 4957
8430 9779 8653 9315
1323 3229 1453 2771
567 4283 1064 4033
3121 1583 3404 1287
5448 6463 5490 6041
8991 3911 9039 3755
6803 551 7172 59
5329 7060 5709 6741
6689 2046 7007 2021
6284 1201 6602 956
5454 6308 5573 5813
1370 5807 1661 5685
9219 9179 9562 9151
7211 2628 7323 2330
6306 1253 6321 880
2059 1309 2449 1108
7504 1174 7566 723
6149 5344 6367 5021
2620 2257 2908 2254
1946 8968 2075 8816
7923 9525 8043 9356
2845 5271 3335 5168
5178 5350 5674 5058
171 543 430 327
3647 1922 3703 1706
5551 9544 6025 9066
7515 5722 7906 5304
424 8969 637 8685
4043 7534 4423 7496
8499 5875 8956 5741
2400 1568 2417 1389
8109 9347 8401 8894
380 9155 689 8938
3098 9900 3575 9831
3778 5634 3804 5265
4928 9012 5112 8569
5485 3097 5725 2782
3943 5611 4314 5125
9179 4746 9480 4412
9345 3744 9696 3580
7854 5893 7900 5652
5681 5716 6020 5713
1342 2376 1705 2272
8 7266 349 7218
1457 8728 1660 8238
4500 2117 4682 1938
1300 3322 1641 3146
592 1267 669 917
2348 4270 2390 4072
5857 5552 6357 5443
7058 5922 7133 5427
83 322 397 91
4685 639 5024 605
5696 8543 5902 8338
7725 7578 7919 7312
6456 1683 6953 1231
1544 5656 1957 5313
5310 5635 5458 5382
2845 5409 3197 5080
4319 8545 4809 8350
4684 5434 4859 5213
6163 6856 6242 6759
8954 6881 9218 6715
2846 7903 2988 7702
455 5586 705 5129
7772 7680 8086 7283
3958 1310 4225 865
9045 984 9194 936
3787 6516 4111 6464
9160 3104 9203 2629
9055 8761 9363 8286
3533 3271 3953 3047
4782 1568 5224 1109
5905 2597 6050 2530
8613 5955 8959 5777
6941 5257 7099 4819
1391 1856 1817 1713
3661 7709 4020 7544
5613 4126 5633 3811
2641 4359 2680 3961
7046 662 7453 244
3690 9267 3701 9049
9164 3694 9318 3394
7952 2202 8436 2101
2468 6695 2644 6636
2384 500 2394 74
5434 638 5763 235
1644 8773 1804 8482
5284 2915 5673 2587
2992 1378 3028 894
9031 5242 9374 5133
271 5287 308 5120
7153 6844 7622 6490
8878 6034 8994 5579
5639 8609 5684 8227
1233 191 1634 137
5260 4233 5435 4170
6882 7646 7192 7432
5331 752 5396 499
1839 1040 2142 726
9813 2220 9817 2150
355 3615 648 3332
9702 1800 9853 1769
508 8864 751 8439
4831 6357 4978 6067
8055 6510 8400 6018
2712 1444 3015 1411
4969 5131 4993 4848
9299 6109 9365 5823
4482 3900 4858 3794
1473 9712 1497 9605
9152 6344 9595 6299
8372 5906 8870 5594
3369 8386 3554 7947
6415 5128 6828 4734
8049 396 8200 156
4882 7897 4903 7749
6685 3193 7158 2789
6576 8352 6921 8350
36 4058 220 3934
3035 8423 3314 8183
9091 252 9370 209
7806 7814 7906 7585
8809 9146 8983 9002
766 7656 1239 7634
5832 1347 5925 968
7507 5136 7654 4731
4825 3130 4925 2715
5929 6328 6371 6262
5684 7682 5889 7600
4208 8534 4255 8220
5388 5814 5400 5356
9112 7637 9139 7491
4684 4652 4975 4519
2019 7758 2483 7509
7894 2760 8009 2513
2133 766 2457 391
9124 3737 9509 3244
6036 5220 6493 5136
1150 1434 1172 940
8756 5804 9021 5497
2283 5814 2398 5318
6425 8773 6614 8359
4440 3741 4531 3579
7208 9958 7531 9515
342 2594 833 2453
7204 3011 7238 2572
6570 7682 6921 7542
6701 8995 6990 8756
2782 773 2803 376
5306 5963 5603 5940
7858 5628 8329 5371
8252 7780 8332 7548
3550 7351 3620 7314
8889 9521 8974 9371
3430 7178 3485 6726
3264 1162 3326 1148
7968 7820 8289 7471
5588 9225 5789 9035
389 9764 726 9479
8010 8474 8351 8203
4139 8897 4601 8879
6189 2990 6579 2883
5187 1865 5545 1556
3093 8180 3120 7700
8159 7147 8406 6841
34 6428 204 6286
1939 2460 2108 2371
6266 2294 6593 2263
1607 4445 2016 4138
3759 4208 3760 4077
1972 7411 2014 7045
6563 8054 6941 7563
5257 4816 5346 4367
6853 1641 7169 1573
1897 1583 1913 1422
8896 1543 9208 1083
9260 6633 9369 6503
8915 2801 9292 2528
1008 2551 1089 2150
3216 3480 3495 3349
1122 459 1142 98
791 9381 1105 9188
7802 7019 8237 6647
7931 7289 8387 7250
8505 1620 8842 1548
3833 2816 4260 2383
9384 3917 9587 3535
4768 9340 4794 8883
9440 7728 9721 7494
8129 4920 8456 4874
8681 5798 9048 5607
5600 4805 6091 4390
9058 5010 9125 4857
37 9739 178 9556
1063 3289 1381 3097
9123 7535 9494 7215
5172 4127 5464 3710
1758 6018 2060 5640
6126 4854 6530 4834
4456 1139 4556 1032
5329 7827 5533 7475
6552 6792 6765 6471
1181 1055 1314 881
3202 8774 3576 8314
7192 3861 7551 3591
8180 3217 8534 2935
