50 10
273 948 617 353
82 687 164 355
218 513 601 111
332 797 465 323
646 983 692 814
307 502 940 15
650 923 769 855
20 538 775 161
732 942 858 651
421 858 503 413
251 693 730 587
173 727 769 641
46 983 602 873
48 710 634 383
282 702 689 401
942 660 944 597
641 818 727 67
667 442 750 45
240 484 832 422
523 994 938 843
83 394 209 280
81 160 318 51
171 902 622 101
4 263 38 82
46 623 985 234
31 823 813 344
822 712 905 564
663 494 881 317
29 698 997 561
165 244 953 102
361 917 465 325
139 477 499 66
43 594 847 334
179 452 393 350
353 624 601 332
231 298 688 195
60 640 701 485
702 915 991 45
105 773 804 416
391 965 823 850
65 930 931 640
678 838 874 271
385 824 928 375
615 459 914 96
457 953 928 21
574 683 902 57
657 835 756 609
98 477 119 276
30 857 278 567
729 417 742 338
688 816 888 190
614 519 816 395
352 865 837 10
805 862 832 715
646 188 698 98
53 336 571 208
691 487 828 327
290 778 779 136
800 680 846 307
364 784 609 536
