100 100
705 14 742 7
369 905 462 850
948 524 985 427
308 64 394 10
117 672 128 578
611 373 616 334
865 970 892 878
576 942 589 903
95 386 142 346
610 231 614 222
798 890 832 881
873 53 941 23
718 463 752 379
220 505 262 503
164 102 167 33
136 961 201 883
656 642 678 565
324 922 340 908
923 680 925 606
231 61 320 32
56 982 90 935
650 159 675 89
174 361 250 314
87 377 92 321
867 916 931 859
389 414 399 413
508 149 583 65
177 465 237 449
341 235 343 161
662 315 674 232
347 471 386 433
753 280 847 227
907 313 969 214
816 928 886 891
319 732 405 660
444 816 528 739
731 51 753 33
602 752 646 656
136 168 227 166
231 760 242 679
820 608 903 540
121 488 210 435
363 490 460 405
156 804 229 723
789 503 831 427
600 982 609 943
957 193 961 144
564 754 649 678
662 322 678 281
430 454 520 387
308 134 400 107
319 983 353 912
635 526 718 457
204 484 208 452
231 605 313 597
861 984 874 941
887 314 925 229
804 424 896 371
13 407 41 396
910 237 985 187
885 54 890 36
871 75 922 8
378 362 473 287
723 564 732 497
814 668 911 579
559 856 628 807
575 490 637 481
843 415 924 409
227 155 282 124
878 990 956 919
837 296 885 250
767 220 861 199
686 87 687 21
192 293 253 221
115 592 121 578
542 971 554 940
289 199 374 197
759 579 835 540
605 817 610 758
917 447 960 410
663 470 737 420
454 808 543 743
560 690 598 602
920 150 999 50
701 360 760 280
567 990 619 989
906 367 985 319
992 874 994 815
189 383 239 318
324 126 362 48
151 217 220 128
225 644 249 617
364 212 420 192
215 839 286 775
353 557 409 488
73 27 149 12
620 307 646 239
694 784 736 706
258 963 336 863
714 260 759 222
347 121 422 80
504 274 526 259
278 303 320 269
48 977 92 958
761 499 848 439
670 819 725 785
160 205 161 141
834 445 870 392
535 327 618 278
633 486 720 429
445 267 532 249
950 796 991 745
162 999 193 939
354 573 407 551
322 870 360 863
881 752 896 667
141 788 201 754
669 840 692 829
869 946 943 887
849 616 871 596
596 500 618 401
555 550 604 481
256 51 284 32
564 441 628 343
786 109 816 75
758 842 767 824
263 486 294 482
126 981 212 885
509 512 546 506
482 822 568 763
759 414 780 387
83 481 171 400
472 211 524 138
307 673 320 618
35 261 50 209
383 973 384 895
73 188 106 114
21 67 96 32
800 573 836 551
464 553 561 456
756 275 812 229
799 41 836 34
198 955 206 882
364 784 408 751
352 646 358 555
149 434 181 371
769 423 818 377
467 365 523 342
411 135 470 44
846 651 931 571
100 167 191 90
142 865 191 800
575 56 659 24
795 485 803 445
178 784 181 745
275 957 357 903
201 923 208 870
677 933 703 921
176 815 240 793
807 362 888 314
611 106 620 102
109 737 147 692
590 508 657 463
614 766 617 737
955 207 985 183
241 248 325 189
5 613 42 519
865 870 943 851
784 474 804 380
142 286 150 252
756 503 762 423
676 492 767 399
400 839 464 773
560 820 648 810
12 664 102 622
369 237 415 197
767 942 777 937
483 792 552 751
97 982 119 915
399 100 437 84
631 499 649 440
581 141 629 103
619 758 708 733
153 139 252 138
126 547 217 482
306 224 315 155
512 700 609 660
242 915 244 845
748 412 831 348
154 798 241 768
568 495 652 485
107 623 142 565
759 784 815 729
833 727 851 716
14 427 16 353
666 150 678 65
92 158 184 58
622 441 682 388
461 425 471 346
781 482 806 479
