500 500
457 903 554 809
785 584 876 576
267 773 309 730
31 360 82 325
766 826 805 806
889 142 893 106
73 566 114 507
407 372 440 336
157 960 173 900
509 635 599 537
506 68 507 66
806 930 864 850
80 390 101 309
50 895 58 879
407 510 500 503
946 879 986 834
8 485 39 458
126 258 203 163
389 565 473 543
334 123 338 93
221 544 306 528
255 264 347 219
229 774 236 748
241 119 246 32
89 915 172 834
544 718 642 703
758 504 835 420
257 294 262 207
531 151 600 100
253 501 281 444
463 745 532 692
159 607 175 579
182 29 234 4
177 994 188 916
879 925 975 836
240 206 316 196
231 391 299 302
238 89 243 38
231 541 329 463
597 528 653 449
931 249 952 165
290 928 358 838
127 906 221 893
508 917 605 855
365 625 408 616
346 305 426 275
1 639 98 622
628 64 631 60
66 991 100 944
708 937 799 844
655 301 737 275
164 844 175 763
61 639 105 559
517 121 557 40
695 215 764 194
259 778 352 762
736 609 747 544
426 940 445 918
365 661 421 616
500 588 550 502
198 369 210 269
712 77 749 8
868 718 938 690
59 275 142 211
433 626 480 592
66 677 110 598
321 849 337 779
536 273 545 229
631 943 725 941
769 839 853 820
259 422 318 410
555 641 605 608
335 56 434 22
485 468 529 373
349 38 376 36
312 100 404 57
44 105 64 60
295 500 328 491
727 684 764 679
115 323 192 309
538 229 574 151
98 14 105 2
744 569 785 492
850 334 918 319
788 273 809 255
400 174 492 172
234 667 263 573
180 156 223 73
0 314 62 235
303 528 374 501
569 167 579 141
896 624 971 553
901 482 903 463
615 392 661 297
296 897 364 868
366 248 426 221
738 246 836 232
417 615 511 586
287 708 330 612
633 151 695 127
702 843 726 826
699 678 700 656
312 906 344 848
131 643 208 624
880 191 900 128
788 636 815 574
27 337 41 275
824 271 837 184
10 96 49 38
779 575 837 544
525 42 605 37
879 983 890 931
852 181 901 122
879 409 909 396
708 262 741 181
93 566 154 477
470 611 520 560
680 837 712 778
803 924 864 857
525 268 532 197
71 237 94 149
23 185 112 109
778 866 857 838
653 959 680 859
420 931 505 925
725 350 824 336
903 737 940 730
738 145 832 117
379 224 414 216
694 418 784 331
344 291 410 248
280 220 341 158
295 90 363 49
709 834 794 816
711 463 734 434
173 888 200 799
944 731 993 678
868 483 889 477
520 750 521 692
929 418 962 386
397 890 451 866
913 643 942 569
656 688 756 590
324 374 366 332
136 980 159 890
840 924 875 920
494 207 594 124
792 454 845 447
418 1000 517 963
732 582 822 502
78 118 172 70
576 188 641 116
202 509 290 486
192 439 209 390
362 492 397 423
703 336 798 287
808 244 835 217
459 489 474 423
436 839 472 780
786 195 802 176
81 257 88 174
593 911 653 843
172 159 235 125
713 715 764 682
563 393 591 384
170 246 209 159
596 614 683 606
171 925 205 870
813 52 908 26
755 89 777 19
817 662 840 649
270 683 330 623
609 690 707 648
591 223 634 136
395 538 418 525
262 410 338 353
478 351 506 320
631 731 680 634
34 675 99 617
120 777 165 683
964 748 994 659
902 93 955 8
571 255 636 191
256 509 287 450
24 494 84 411
894 309 980 252
479 237 515 234
794 868 820 859
700 485 705 392
556 991 608 909
461 533 480 507
448 430 508 360
307 220 321 163
946 996 966 937
539 600 565 514
585 401 650 317
460 976 536 943
110 445 181 440
313 878 386 812
127 530 205 462
602 964 681 893
857 366 873 328
525 423 529 382
777 877 831 868
547 669 625 651
41 466 127 422
851 493 902 459
387 222 441 134
189 273 233 203
767 646 839 594
783 452 844 402
790 591 801 521
366 786 430 736
174 666 239 588
39 899 108 843
871 727 912 627
193 251 271 202
247 502 284 433
826 556 857 525
899 777 945 704
725 248 729 234
556 852 642 784
258 821 343 723
104 192 129 147
234 730 265 646
950 455 968 447
981 732 998 697
474 531 560 482
809 255 895 184
901 913 909 834
417 55 439 27
824 814 866 765
445 208 498 186
146 198 175 106
21 390 121 338
222 466 257 384
255 491 280 460
551 154 649 88
407 821 496 768
816 226 867 199
360 312 369 307
324 789 345 757
326 658 341 606
25 191 48 148
760 916 778 836
192 171 236 95
418 613 481 545
582 756 680 742
22 579 50 529
463 687 480 604
675 914 727 819
406 846 497 844
539 270 622 253
539 657 626 648
846 122 938 37
368 683 433 623
629 23 641 12
915 77 967 53
366 186 400 102
727 522 801 466
193 281 220 251
885 464 961 437
288 88 345 47
284 360 322 284
530 346 552 338
677 661 709 611
386 188 410 128
723 134 759 104
570 546 611 535
621 730 670 675
131 746 218 670
923 806 992 774
869 405 945 388
280 850 291 818
832 574 922 494
871 635 927 634
420 379 479 363
325 206 378 200
734 85 780 7
227 479 304 460
851 661 864 580
469 502 507 469
815 796 896 753
368 258 408 213
322 696 407 631
328 909 332 840
434 62 506 3
11 402 35 321
420 398 448 394
458 536 540 458
707 13 766 3
378 956 476 923
897 885 927 795
552 787 611 713
705 288 747 269
561 829 625 803
358 789 370 712
499 489 514 405
771 745 832 690
559 533 567 504
73 315 83 272
124 823 131 740
114 482 165 414
317 373 366 312
178 767 219 713
604 755 692 684
936 883 970 838
221 361 260 353
597 388 599 380
18 737 42 723
358 660 431 602
737 230 823 215
615 77 633 17
525 740 546 700
834 143 900 56
106 261 176 219
332 634 362 584
749 741 785 671
449 986 543 972
655 570 750 484
391 413 432 389
249 251 296 218
411 634 504 545
107 581 126 487
327 576 390 500
304 810 361 747
487 681 567 633
911 481 912 475
974 520 987 437
80 167 88 113
488 28 528 16
473 119 498 101
796 763 866 737
310 241 322 164
356 480 390 425
873 683 941 677
331 515 418 460
78 877 120 788
896 358 970 353
855 921 884 905
864 458 935 367
202 119 286 63
701 112 801 72
854 123 884 75
627 557 665 512
621 928 638 844
457 965 497 891
294 560 394 512
456 499 504 423
209 199 245 114
387 877 487 846
360 629 398 542
947 479 990 445
115 214 166 167
470 959 543 949
41 278 113 180
523 285 568 276
936 208 984 166
901 638 943 590
576 368 652 306
242 750 288 748
763 842 797 754
452 510 530 482
316 625 413 556
93 146 109 114
820 782 852 690
555 610 579 527
251 472 329 408
252 216 298 189
644 403 707 304
207 675 264 617
565 335 600 251
937 442 998 396
54 890 97 866
508 200 536 163
420 472 460 441
812 126 905 84
488 367 565 328
134 428 148 380
617 544 686 493
331 798 363 704
399 139 484 94
282 570 330 518
133 921 204 913
263 923 352 834
495 374 549 350
775 697 831 624
366 397 447 300
764 518 863 451
616 334 715 280
760 151 765 139
110 799 157 710
182 411 260 349
301 790 380 754
535 943 628 926
373 892 394 803
5 557 29 465
4 456 22 389
900 859 934 788
490 615 522 601
425 98 430 23
891 894 935 826
718 265 722 199
414 988 479 908
165 254 223 195
286 677 373 586
934 984 970 982
64 192 119 179
100 956 116 902
674 588 685 515
392 98 393 20
286 800 358 745
357 160 416 137
652 502 692 413
370 208 389 170
96 857 141 801
269 916 368 855
772 866 859 795
840 953 861 944
236 255 267 225
771 148 792 72
747 655 789 575
301 470 310 432
899 433 974 353
157 355 233 257
606 583 681 573
635 343 694 328
112 774 210 733
237 205 277 179
372 982 466 947
243 139 333 115
207 893 228 817
623 722 679 680
823 153 916 126
926 134 1000 118
289 602 355 513
394 142 485 97
117 750 181 718
401 405 432 332
244 631 287 571
47 59 129 48
736 58 776 27
157 812 165 713
542 558 590 540
296 418 394 342
779 726 811 631
792 743 809 739
673 293 717 210
49 211 92 126
460 635 497 547
458 83 543 58
235 759 326 669
620 555 643 476
824 670 844 636
822 802 842 771
163 579 182 523
832 70 861 34
33 958 36 869
900 545 982 502
529 763 578 700
118 651 202 607
639 718 643 629
141 223 214 219
426 901 464 823
480 109 570 58
925 913 970 882
950 177 963 81
355 198 422 140
709 287 797 206
335 123 423 99
276 532 288 485
12 329 76 265
25 225 26 215
789 462 795 372
863 771 922 746
799 299 881 261
329 146 345 138
112 525 202 455
116 126 131 90
219 797 279 742
438 314 469 228
658 809 750 804
609 195 642 185
463 105 522 25
449 844 530 836
510 436 569 416
143 792 206 701
456 358 489 284
554 490 561 433
822 271 905 251
694 160 777 74
268 672 351 639
565 499 628 405
217 457 260 400
315 362 318 285
859 602 895 549
660 608 662 545
661 312 747 270
345 982 375 934
832 949 903 938
670 521 696 500
213 613 313 581
669 618 698 524
669 825 764 737
470 693 486 633
783 543 827 457
747 461 769 382
700 922 733 828
62 853 128 783
700 957 733 925
859 189 861 140
81 246 180 208
207 39 296 10
230 97 259 32
829 577 857 509
825 605 922 547
312 979 319 939
303 269 368 196
145 522 153 459
455 789 509 760
901 686 974 602
173 633 223 583
764 282 853 274
899 623 909 553
683 427 721 332
551 433 588 412
218 503 247 494
58 439 81 423
430 148 440 121
714 691 733 655
372 504 394 442
693 925 780 879
877 634 950 625
466 382 473 356
862 234 937 229
824 327 832 232
637 660 715 656
438 588 518 520
897 365 938 304
366 882 403 832
797 96 854 56
731 267 755 262
341 742 415 724
164 885 179 844
13 462 34 394
109 887 163 834
333 339 351 299
789 191 832 163
445 103 527 80
203 227 266 200
358 889 373 816
802 959 873 909
390 593 467 547
488 258 554 242
55 995 121 984
779 480 862 394
198 448 287 373
473 622 508 552
832 459 868 435
548 855 589 808
637 933 669 839
192 317 212 283
686 170 708 165
646 152 680 95
195 830 276 738
174 973 181 893
758 604 777 582
588 767 653 754
859 188 946 98
654 194 740 166
805 356 836 282
906 316 928 265
585 778 631 763
891 593 991 578
699 962 787 870
676 933 755 869
659 701 663 624
515 983 554 962
803 279 856 210
135 509 220 455
540 554 592 458
799 478 807 387
89 580 118 572
656 733 725 731
601 997 670 966
890 345 944 315
128 890 145 795
93 571 142 483
882 238 971 158
546 135 588 50
454 597 496 591
516 988 588 943
840 470 904 449
62 912 84 889
446 816 474 722
469 405 538 397
897 600 963 567
637 130 661 115
886 151 949 69
933 473 943 442
493 402 590 396
182 147 243 127
274 675 279 599
648 773 732 764
791 431 835 425
510 185 589 141
419 352 464 273
767 246 778 233
540 600 633 585
467 285 543 256
75 672 117 627
820 484 870 460
668 873 686 863
151 133 229 37
804 257 819 190
575 776 662 775
580 498 630 438
135 324 190 292
289 494 334 394
51 409 125 377
724 98 795 44
761 885 812 843
436 840 463 832
487 477 506 398
585 919 623 914
532 140 604 134
571 794 658 777
125 53 201 9
842 497 847 481
452 227 537 189
746 612 757 576
684 637 781 620
67 479 103 443
882 233 936 174
942 132 972 85
882 860 885 855
221 229 318 187
235 878 309 807
735 452 793 382
235 966 256 893
585 206 606 151
53 735 65 677
487 545 537 494
45 905 58 858
402 43 411 2
903 565 917 517
896 400 938 366
285 530 348 521
861 85 957 17
844 739 890 673
737 284 808 189
801 719 816 688
900 269 922 185
614 434 658 353
449 347 497 324
981 404 988 307
729 154 791 82
830 508 877 413
507 158 568 98
119 929 145 838
705 630 796 550
928 331 989 272
112 454 172 410
110 224 176 157
548 47 590 29
99 779 195 740
487 54 492 50
86 419 115 388
562 379 630 311
723 106 759 68
82 579 147 535
328 82 412 29
140 273 161 260
164 540 172 483
233 629 246 575
544 778 603 687
40 475 107 464
89 516 97 431
661 524 738 508
568 317 646 225
1 931 35 907
8 831 45 757
203 891 257 804
664 689 669 674
159 920 203 859
372 979 392 903
890 886 919 861
985 539 998 520
83 567 102 537
546 528 596 485
933 995 982 952
631 375 717 276
814 619 833 594
72 220 107 141
650 292 677 257
660 232 743 201
834 559 878 527
496 393 517 303
116 772 133 734
342 743 366 686
450 557 482 487
493 242 526 214
468 109 568 18
520 151 537 150
927 464 994 421
65 389 133 359
539 771 580 755
342 853 376 785
72 721 128 634
927 742 937 739
216 585 257 497
906 421 947 325
757 284 794 272
103 889 119 805
240 97 314 1
860 298 960 225
273 793 343 748
118 350 120 264
332 379 415 293
395 245 443 195
787 86 849 31
543 817 628 795
676 369 689 305
137 991 158 947
235 168 289 138
700 297 763 258
782 401 804 370
277 782 363 692
526 359 607 273
255 398 285 389
763 438 773 366
161 787 185 754
759 45 772 43
21 232 50 143
148 300 207 238
11 50 46 16
41 537 136 527
966 850 971 843
354 813 407 717
320 952 359 900
553 649 598 622
354 901 378 824
56 684 100 596
890 47 913 28
1 215 36 199
926 223 947 133
416 197 450 154
597 113 633 101
469 485 567 465
377 602 381 557
846 693 925 664
774 996 822 993
578 897 622 813
24 95 68 16
273 724 338 698
926 813 950 782
791 592 840 580
527 16 539 12
57 779 152 747
765 932 865 886
543 952 608 936
196 611 233 576
209 117 255 23
370 678 415 603
590 963 604 943
622 138 623 43
308 961 368 875
818 823 861 765
140 946 212 862
416 563 496 535
877 141 884 96
483 539 567 449
180 781 181 761
867 511 937 469
630 951 675 910
422 395 506 346
459 189 524 143
90 457 134 411
239 922 337 868
63 671 112 641
521 85 600 73
275 510 279 470
982 171 990 91
258 994 357 975
569 691 662 667
538 10 542 7
197 563 257 470
298 96 392 47
231 59 288 35
630 250 717 155
83 601 166 522
251 419 347 383
804 908 875 859
616 362 654 263
684 451 721 363
504 302 539 207
420 611 490 532
222 66 242 50
941 560 961 492
701 329 791 312
791 841 824 745
282 827 283 733
555 849 591 833
269 955 369 937
0 119 87 43
702 525 730 474
270 877 298 822
949 350 989 255
136 801 183 705
664 699 736 671
171 547 240 491
262 989 277 965
518 679 589 583
71 671 89 646
646 165 695 107
528 86 531 85
634 76 669 66
926 504 947 416
878 658 882 624
687 961 760 921
802 246 807 169
592 996 606 979
439 873 510 794
308 333 370 245
23 811 82 780
519 259 546 253
586 430 640 397
324 967 405 956
34 868 63 772
793 837 872 821
840 818 858 722
206 481 284 443
625 385 710 384
485 69 569 30
843 105 872 39
409 486 492 388
773 93 858 28
44 382 57 335
256 693 272 608
588 648 684 558
43 313 128 234
858 16 860 14
159 248 166 217
479 271 480 264
125 669 146 660
397 525 491 524
224 894 318 824
864 332 903 280
795 291 850 285
885 191 892 156
593 580 668 509
307 583 385 527
614 449 662 403
457 866 463 790
716 213 790 211
119 976 152 917
595 242 655 166
386 454 480 403
500 852 531 773
300 677 318 623
237 505 308 417
755 567 791 554
506 448 553 392
731 838 769 751
654 702 704 638
360 816 388 720
518 627 538 587
191 778 239 715
466 889 513 807
734 476 762 414
613 707 686 640
233 210 278 183
948 297 957 220
628 380 709 304
122 712 170 650
855 735 945 705
716 414 720 383
224 791 265 771
245 271 304 263
298 313 358 297
57 488 59 478
555 360 588 340
613 169 703 106
839 186 907 90
346 262 360 204
254 417 265 345
28 756 90 703
65 100 88 42
615 503 629 455
525 814 561 805
685 794 724 703
385 767 472 686
763 297 825 254
212 757 221 702
906 577 992 485
535 915 576 829
874 840 971 740
722 244 755 180
540 79 620 22
679 100 767 84
91 799 147 788
490 386 561 373
219 874 231 824
773 953 848 865
195 577 295 502
2 160 86 121
849 438 850 411
465 263 471 255
92 308 130 250
97 538 166 470
599 176 602 103
905 17 976 7
546 61 603 17
265 424 329 333
136 611 151 520
562 140 655 112
890 907 927 817
17 967 45 887
626 970 657 873
227 788 293 737
494 931 530 883
82 983 181 953
163 505 173 456
603 644 641 553
664 348 759 301
677 546 682 497
582 384 669 351
278 893 281 872
225 272 270 202
511 219 558 130
345 138 440 52
405 998 504 932
717 401 733 329
360 941 447 864
779 639 801 563
485 159 490 89
550 917 611 886
332 454 402 382
786 478 882 404
367 367 383 319
676 318 743 271
718 168 817 95
879 88 949 87
78 400 177 309
382 457 429 455
615 920 672 830
13 672 23 653
499 307 534 241
373 379 468 348
15 730 90 697
817 163 892 123
131 132 167 113
313 366 359 282
118 491 147 456
863 330 896 325
961 801 979 774
291 264 306 244
540 484 603 429
529 685 557 673
493 257 557 233
826 461 906 386
686 680 720 649
229 956 294 887
806 449 904 410
565 225 644 129
334 74 403 12
630 253 704 190
365 739 397 720
242 718 330 717
69 368 161 291
794 488 880 467
534 561 566 549
332 115 382 19
193 316 247 260
542 409 550 400
769 316 774 244
62 158 95 68
134 902 221 823
315 441 405 418
43 549 127 497
405 310 427 232
94 925 103 908
270 107 338 60
638 79 664 64
977 922 998 834
584 942 674 893
315 158 393 149
583 126 640 38
895 843 988 828
712 308 719 298
931 422 960 367
613 945 666 847
182 283 234 246
278 409 291 345
933 196 991 174
257 431 281 415
862 372 954 325
945 327 967 316
823 61 894 5
330 746 333 690
