500 500
328 2974 1165 1983
3780 3522 4040 2611
1230 1790 1515 890
1431 2731 1893 1950
308 1931 1091 1108
1414 2897 1746 2506
1401 1105 1952 621
3041 3201 3067 2761
3538 980 4464 351
3484 4739 4183 4195
2414 4342 2927 4041
2107 895 2535 147
3314 2872 4310 2252
2883 4763 3536 4090
2013 3120 2448 2292
917 1663 1141 689
3570 3125 4185 2353
1741 2434 2083 1621
2165 3546 2325 3306
442 3782 961 2784
1591 2191 1812 1477
3466 1060 3913 837
3084 2746 3835 2713
3883 2619 4659 2481
2623 922 2635 151
1101 1736 1124 763
2102 1111 2863 258
3956 4778 4510 4683
918 4335 1089 3423
2314 2964 2717 2659
3442 3382 3760 2840
4545 1471 4682 853
1132 2579 1730 1704
3586 4070 4008 3543
581 1144 599 939
3483 1418 4408 706
3197 4374 4104 4234
3492 4061 3946 3575
3698 4895 4187 4658
2359 4472 2946 4439
1942 4419 1958 3591
2458 1143 3339 990
2499 1707 2625 710
270 3901 859 3402
3338 3918 3708 3792
1235 3063 2116 2135
3321 2858 4087 2530
224 3881 1008 3465
770 3926 1444 3171
1719 4704 1824 4591
936 4756 1400 4309
144 4485 384 4403
3292 2137 3753 1952
2872 958 3404 416
3633 3305 4332 2336
3965 2824 4149 2272
959 3946 1836 3591
229 711 590 135
2251 3268 2813 2383
1280 3921 1422 3168
497 1349 1332 635
3318 818 4305 340
2735 681 3636 511
242 4886 562 4379
4730 3416 4932 3392
1942 3483 2585 2988
2566 3168 3158 2463
2757 1835 3392 1049
946 2876 952 2438
3388 1716 3744 883
3745 1089 4106 486
1744 1321 1922 1188
648 3742 956 2893
4286 4935 4311 4613
1857 1828 2834 942
3049 2317 3945 1356
4768 1900 4844 980
4271 2120 4546 1564
458 3639 1415 3216
2173 1695 3123 791
3004 3506 3839 3117
1296 1777 2095 1209
2508 4623 2683 4027
1162 4060 2080 3660
4222 1753 4345 771
742 1890 1204 1758
2296 3424 3201 2757
3672 2128 4005 1964
4150 3456 4920 2510
1828 575 1906 173
967 1883 1331 1376
3713 2264 3876 2246
248 4252 1048 3327
3086 3617 3682 3046
2536 2789 2571 1976
1628 1859 2575 1830
2320 1073 2542 616
2052 2351 2871 1987
576 3427 1197 2709
31 2987 139 2549
3739 3322 4604 2899
341 2300 592 1432
2752 3407 3229 2875
786 3425 814 2455
464 1040 1232 286
3345 188 4142 133
972 621 1492 108
3535 1712 4022 1154
3698 1491 4430 735
712 1512 800 517
2303 4080 2528 3278
567 1647 1466 742
4014 3442 4708 3215
3010 3535 3151 2742
3150 3101 3446 2144
1539 3167 1947 3118
3214 3161 3650 2583
3306 2562 3635 1987
2974 2432 3748 2218
3394 1904 3873 928
2282 2419 2297 2047
3300 4563 3808 4144
1102 4569 1707 3672
4370 1073 4961 727
3926 1632 4155 1331
1626 2029 2379 1492
3383 4750 4134 4704
1772 4978 1958 4918
4453 2684 4996 2491
4415 4416 4883 3792
2388 4844 2936 4000
4593 4079 4777 3646
4163 3209 4166 2480
2948 4210 3012 3247
1749 4742 2543 3742
3589 1653 4024 705
3915 4271 4510 3326
829 4841 1504 4653
2265 1520 3123 1095
1556 1937 1559 1768
3111 4138 3507 3992
309 4415 405 3884
3835 2230 4816 2130
4114 3319 4327 2521
1517 1172 2427 886
1473 693 2094 266
2521 4510 2561 4039
2836 853 3210 32
2546 451 3187 182
1108 257 1821 102
1712 2725 2228 2229
4454 895 4740 381
255 3128 883 2950
3521 939 3893 17
1240 1240 2117 293
1839 1158 2470 947
2769 2779 3619 1903
1142 2873 1435 2081
3451 3837 4204 3032
898 1855 1048 1786
400 4372 1320 3909
3606 3619 3934 3060
342 601 515 244
470 2091 1449 1763
3273 3311 4201 2533
1582 2820 2376 2271
2813 1707 2890 942
4515 4705 4601 4626
1308 1819 1780 1420
2382 2037 2716 1220
1795 2741 1983 1866
4630 3472 4768 3053
2711 2009 3430 1185
701 4368 1101 3671
2408 1758 2811 1150
1526 3401 2059 3176
396 2739 615 2490
3606 4714 4000 3810
3683 1054 3846 849
2842 4835 3118 4785
4472 1058 4991 854
1074 1255 1542 884
3666 783 4650 43
1850 2869 1914 2625
622 2220 1464 1797
4493 2645 4886 2488
2675 4928 3255 4179
860 2537 1668 1774
2035 4119 3017 3647
1872 2255 2600 1360
1504 3807 1884 3081
1333 3327 1734 2352
1617 4831 1697 4662
77 3526 173 3220
3267 2932 4058 2704
975 4299 1284 3631
1388 3925 1808 3191
2787 4745 3485 4709
317 1645 924 941
3026 368 3257 23
553 4936 1261 4276
2102 1888 2297 1685
1723 4000 1997 3446
4582 4317 4630 3771
2511 1065 2682 877
188 599 530 421
2701 4090 2980 3427
1785 2593 2381 1909
2100 1501 2639 1203
1630 2176 1981 1992
3483 4209 3999 4108
4202 2116 4924 1730
846 372 1537 40
1482 3361 2058 3083
2091 4470 2553 4053
4588 4458 4972 3519
1009 3105 1201 2109
1353 274 1617 53
3757 774 4467 439
3033 1231 3967 334
3969 2455 4001 2374
2941 4736 3406 3776
3445 4277 4118 4174
4730 2851 4845 2302
1 1099 625 231
50 1015 211 96
2453 4581 2728 3654
912 643 1222 541
3275 1080 3623 863
3984 2215 4095 1854
1136 4710 1693 4689
2367 2287 2604 1834
939 3653 1459 2781
4289 3927 4965 3285
409 1742 647 903
2935 2859 3267 2052
4871 865 4995 459
716 2596 747 2411
423 4063 1232 3151
3382 2979 3521 2494
1199 4145 1479 4003
2567 3087 2767 2556
89 1336 806 1005
3728 356 4438 253
1673 1286 2426 853
1475 3874 2269 3680
2993 4078 3012 3220
4387 1219 4778 1143
3481 1496 4296 1251
3628 1142 4441 1066
2141 1781 3017 1394
1905 1267 2326 525
1832 636 2154 483
164 2350 1039 1780
2398 3272 2983 2729
299 248 752 246
2040 2424 2148 1654
1814 615 2679 231
739 1636 1656 1143
4195 2905 4846 2090
462 1615 1293 1549
1447 4424 2352 3797
1475 979 2426 575
114 4007 425 3556
1256 4220 2072 3745
2043 1394 2408 588
2658 2324 2965 1622
502 791 1341 310
647 2497 1016 2373
2995 2040 3506 1627
1006 1930 1186 1027
2568 4605 3420 4304
3601 3370 3961 2903
4316 3339 4365 2635
641 1912 1575 1183
1038 3408 1367 2787
4303 4155 4379 3596
934 4280 1386 3738
1573 4510 2305 3603
37 177 637 162
2329 3940 2680 3256
2200 2380 2593 2272
241 4093 588 3179
1844 4434 2123 4252
2744 4471 3625 3947
1867 4770 2292 4300
3694 4691 3704 3789
1635 4514 2454 4238
253 4920 848 4164
3467 2835 4163 2686
4505 4396 4834 3715
1228 4445 1802 4109
3845 1210 3932 491
2743 3554 3625 2646
2471 2775 2578 1954
2226 4250 3022 3362
4515 991 4850 890
3869 3603 4017 3559
3540 3070 4261 2703
2278 2918 2751 2022
591 3680 1302 3128
792 2477 1338 1799
773 2858 1610 2634
975 2888 1594 2146
1598 4991 1750 4882
4063 3191 4307 2627
2973 387 3306 214
608 3591 857 2908
4613 2887 4699 2657
3362 4505 3910 4315
2987 3408 3877 2687
690 2279 1203 1354
1976 4060 2912 3606
2015 977 2719 666
409 1771 929 1767
4546 1063 4627 556
2451 3859 3322 3308
561 3627 1191 3166
372 1356 979 934
1953 4104 2278 3546
2716 2995 3485 2734
4566 4023 4696 3618
945 372 1574 122
4705 2830 4947 2657
2208 3968 2862 3468
1439 2127 2426 1154
1233 2130 1574 1146
3784 3287 4215 2668
3843 105 4250 89
945 2983 1104 2952
782 2888 1679 2766
50 1662 794 970
2375 990 2511 941
3353 3307 3645 2451
284 4774 1282 3927
2409 2937 2909 2691
1940 1100 2230 572
701 249 1178 35
2793 3442 3638 2804
3183 614 4118 262
3832 3490 3950 3387
2122 1171 2463 519
697 2407 985 1840
1821 1585 2599 1332
2752 858 3077 79
485 1749 1438 941
3346 1779 3782 1568
519 3276 1242 2359
4408 4101 4504 3783
3906 4129 4891 3175
3410 2575 4086 2305
2704 758 3569 154
2388 773 3376 231
4563 4045 4841 3506
4128 2935 4317 2116
3067 364 3187 294
103 3550 228 3301
2631 4605 2904 4282
257 3976 332 3629
2213 2244 2620 1681
2808 4663 3660 4543
1169 1529 1923 1167
3579 564 3917 440
1737 1637 2197 1548
1978 3480 2069 2824
2319 1754 2345 956
2924 1859 3592 1800
1974 3834 2184 2942
3596 4786 3893 3873
3313 3135 4063 2368
1096 4631 1526 3966
2367 4189 3308 4055
2983 2856 3209 2327
1216 1898 2213 1467
2216 1927 2708 1264
3366 3879 4362 3665
4792 4911 4948 4566
2483 3607 2913 2635
4156 1176 4240 1131
2319 3680 3079 3058
1813 3971 1821 3871
3453 4530 4207 3595
1326 4335 2229 3915
438 1140 1279 995
2178 2181 2988 1235
2926 3768 2940 3093
1142 940 1222 391
1401 3060 1671 2430
1032 3670 1530 2785
3778 459 3956 87
517 3922 592 3440
4643 4746 4756 4256
4072 3996 4560 3973
4022 1331 4981 956
456 4594 712 4297
3160 2086 3991 1111
2688 1413 3534 577
2297 424 2499 411
3547 4807 3692 4337
3278 816 3825 789
3463 2338 3806 2245
4411 4187 4599 4099
2322 847 2861 795
2890 4928 3186 4273
218 3978 506 3910
813 1005 1333 482
1934 4301 2330 3460
3708 1439 4166 666
548 1893 1522 1652
3730 4297 4597 4156
3501 2949 3933 2785
2696 3778 3373 2979
3005 1315 3649 1056
2383 4449 2615 4335
348 2100 1151 1599
1009 1000 1208 152
838 3311 1694 2654
3861 4453 4294 3810
4494 4157 4550 3172
2794 1950 3015 1400
1504 714 1601 421
3006 3717 3837 3318
1306 2292 2208 1947
2280 4576 3111 4019
568 3738 704 3300
2796 2107 3585 1307
4262 4715 4855 4027
3175 4337 3972 3364
945 3400 1355 3018
885 1656 1502 1321
951 3464 1517 3222
2265 3415 2439 2912
1692 349 1841 142
182 2850 231 2540
819 618 899 206
2276 3816 3128 3447
4651 4612 4787 4415
2144 2172 2507 1640
4042 3852 4318 2906
2412 2710 3272 1981
3999 1060 4019 690
1993 1520 2195 1341
1163 607 1390 187
1085 2371 1110 2298
957 3368 1560 2803
1466 1713 2340 1434
2684 3483 2878 3194
3791 4815 3820 4099
4125 3741 4660 3265
959 4735 1299 4652
641 1258 806 660
2422 3840 3283 3279
4576 1100 4962 286
1816 4303 2315 4235
354 4053 1324 3590
2844 1754 2957 1145
3563 2799 4121 2104
728 4235 1254 4053
4087 4459 4812 4110
1941 4105 2577 3670
1400 1861 2161 953
2079 980 3021 340
129 3887 439 3303
3623 4997 4160 4491
231 2240 907 1894
4289 1671 4513 1455
416 4226 1142 4218
2400 1281 2844 903
2586 2631 3050 2265
3680 1037 4207 419
3115 931 3913 231
24 3812 564 3299
124 4746 706 3923
2727 4206 3521 4041
4605 1389 4917 1247
3124 1119 3560 617
542 2478 1378 2198
3213 3524 4009 2849
2481 2349 3344 1762
2365 4843 3325 4448
3872 955 3955 800
1921 3399 2735 3145
1061 3889 1676 3692
931 1536 1156 734
2759 4759 2972 4306
4166 2484 4874 2056
2139 3122 2603 3009
3246 4992 3427 4009
129 1838 136 1761
4368 4132 4951 3190
3961 2722 4589 2652
2909 1204 3262 492
876 1125 1704 1024
2895 789 3627 582
1606 1093 1664 263
700 4769 1455 4265
4347 4588 4379 4511
2583 3835 2965 3718
3831 2208 3993 2169
4571 2829 4637 2632
4067 3290 4529 2367
3977 3817 4350 2995
3815 3689 3825 2719
4398 1639 4425 1041
546 4586 645 4443
2239 3984 2885 3206
1534 2232 1946 1310
1918 4827 2468 4108
2774 4980 2889 4314
2957 3055 3228 2566
3632 1872 3854 906
3103 4671 3538 4195
3171 1768 3346 1368
2542 1766 2933 798
13 3753 257 3749
1997 1922 2057 956
623 3915 1167 3651
3025 1650 3409 857
4186 4675 4283 4270
4186 276 4918 49
1660 2915 1728 2168
1608 4583 2336 4133
2519 3085 3002 2250
4092 4703 4930 4688
4689 1154 4745 947
730 4304 1321 3421
3230 1325 3242 1093
2157 2816 2188 2058
343 1153 1082 1080
1643 3890 2287 3625
788 1487 1312 1058
348 3258 1083 2867
2723 3634 3158 3070
858 975 1455 193
1263 1366 1742 690
1137 3064 2050 2985
1585 4240 2568 3805
114 2893 659 2513
475 4209 1367 3444
1912 4803 2236 3809
3922 268 4216 219
2808 1524 3371 957
3025 597 3864 161
1570 1861 1652 1028
3802 2705 4661 2441
47 3900 107 3311
1295 1147 1594 659
1839 830 2177 135
4185 3056 4696 2057
2735 1713 3628 1431
653 3409 1412 2751
3330 1912 3394 1350
850 1714 1261 1019
3071 4830 3796 4403
3388 3186 3586 2315
3656 2657 3884 2034
78 3295 482 2911
4095 2808 4201 1965
3756 3502 4104 3459
2922 4725 3214 4497
234 4682 1126 4586
1270 1019 1782 984
973 2270 1148 2227
3606 4841 4390 4462
578 4016 1487 3842
4464 3867 4583 3837
1967 4541 2381 3970
3091 3869 3504 2928
1729 3012 1978 2824
2339 4734 3150 4334
261 4980 680 4697
2509 4481 2561 3666
2472 1256 3434 547
1133 4781 1466 3865
640 2811 1103 2774
3500 1017 3741 450
2471 1454 2711 1104
2551 2924 2804 2000
13 994 423 343
4142 2973 4627 2029
850 3133 1470 2145
1907 2018 2535 1871
4180 1227 4368 1147
2798 478 2854 335
594 4857 1053 4843
3683 3943 3933 3216
4179 4326 4788 3851
174 3963 248 3146
4193 2589 4895 1703
279 4734 573 3770
184 1492 943 814
4193 1151 4248 531
4229 1153 4973 346
2086 3988 2916 3138
2011 729 2041 528
4624 3668 4943 3511
3067 1720 3543 1541
2669 3140 3289 2981
2736 3485 3170 3073
513 4367 1084 3870
2180 2468 2768 1849
4293 2341 4594 1437
1427 2387 1856 1624
3338 1381 3530 853
3962 2829 4607 1972
2181 2529 2706 2091
4007 4230 4854 3640
4353 1775 4814 1049
3060 599 3418 500
2393 2159 3141 1404
3899 1851 4115 862
900 4445 1839 4346
947 4604 1166 4583
3921 2565 4367 1681
981 117 1280 26
1196 2538 2183 1870
3973 2701 4752 2092
509 1551 721 740
2398 4819 3165 4186
2938 3921 3038 3121
1090 2752 1778 2005
1389 3844 1853 3773
2188 715 3047 78
980 2080 1169 1517
3823 1478 4051 1426
4619 2390 4642 1682
2686 4433 3192 3962
3047 3421 3149 3018
1603 1845 1742 909
1935 1935 2686 1221
483 940 1408 463
204 3656 337 3408
2502 2117 3328 2089
1212 1963 1653 1682
2466 3086 3186 2489
881 1595 1463 1558
4327 4114 4558 3830
820 4867 1581 4816
2300 1055 3141 333
3392 632 3528 8
2128 4443 2593 4435
1990 1878 2586 914
1616 4580 1986 3684
493 4518 1195 4177
1088 3910 1412 3718
697 4922 1390 4712
4491 1453 4883 1422
639 2313 849 1612
623 3755 1504 3507
3637 4782 3927 4609
2471 1898 3329 1162
301 2927 674 2033
2134 4061 2439 3771
337 4669 505 3763
4470 3253 4663 2527
4044 1917 4302 1340
1214 2572 1898 2475
3484 4075 3812 3170
712 3654 1398 2665
4515 2056 4969 1972
3826 3487 4512 2779
385 3865 699 3085
379 2661 1040 2120
1760 1569 2504 1427
3676 3477 3904 3467
270 3556 419 2571
869 4101 1462 3108
2510 3530 2602 2889
1332 4769 2207 4132
3947 1517 4826 1218
4024 4168 4843 3974
1000 2855 1121 2403
2279 3337 2884 3258
2730 3636 2791 3543
2977 1218 3447 1181
2819 3524 3434 3225
355 1921 617 1566
921 678 1375 262
540 3657 1346 2866
1430 4365 1839 4287
4230 1361 4787 1349
998 4745 1578 3997
874 4170 1330 3896
416 3354 576 2498
1827 995 2759 932
3188 2543 3974 1612
3021 3386 3917 2944
1959 4754 2168 4455
2848 2658 3692 1870
4234 2230 4619 2113
1175 4977 1697 4323
915 4558 941 4511
4220 550 4296 101
3208 3990 3394 3982
3574 726 4416 41
1713 2004 2101 1054
67 1583 264 1004
233 2775 261 2442
4520 3978 4542 3327
941 4795 1581 4758
2611 2426 3110 1867
3276 3123 3916 2428
1816 4853 2652 4406
2461 1553 2741 659
1376 1875 2041 1705
2872 503 3013 9
3709 2673 3811 2144
4530 2000 4558 1411
4556 148 4907 95
2582 1454 3039 476
2493 3603 3010 2891
1630 2626 1993 2216
3433 2470 3444 1626
1316 2313 2257 1773
1876 4877 2307 4045
1709 2275 2052 2093
2234 2826 2700 1931
4457 1343 4733 1008
1334 196 2064 177
2812 1818 3660 1183
688 4521 1628 4505
612 1014 878 361
2156 2599 3061 1617
3124 1022 4110 26
1858 4914 2254 4670
3947 4028 4910 3291
2643 3252 3309 2376
1521 4729 2359 4029
2861 2298 3696 2190
4244 2334 4403 2331
2872 2812 3530 2583
2854 547 3065 476
734 4439 1683 4221
4739 824 4950 323
2318 3800 3306 3203
3038 3728 3978 3635
2748 3864 3415 2993
99 2009 598 1374
32 1946 566 1249
3967 4938 4712 4552
4144 3339 4230 3038
4692 2786 4724 2738
3619 3752 4494 3221
2869 1936 2887 1176
3788 2575 4602 2560
2844 4165 3283 3260
2470 482 2568 258
1029 3315 1424 2911
4103 2179 4263 1524
785 2101 1727 1784
932 4176 1272 3800
3048 1541 3293 892
4009 4324 4622 3485
2910 3845 3489 3044
276 4772 1182 4156
278 1658 650 1466
622 4360 967 3489
14 2343 493 2045
2966 1766 3470 1731
2805 3486 3101 2914
4342 4779 4508 4440
247 4460 672 3508
780 4212 813 3819
3055 1897 3683 1615
2805 2796 3052 2541
3709 1039 4068 397
1830 3327 2521 3216
1695 679 2446 333
3409 4829 3828 4488
3636 555 3903 31
2143 4592 2946 4005
2576 1813 2705 867
2522 2602 2607 2187
1935 4631 2831 4556
4209 4052 4825 3382
1910 3680 2638 3327
3178 1067 3347 528
1050 2459 1636 1694
3024 969 3703 706
1442 1523 1658 721
663 4080 810 3283
4138 1219 4481 745
3846 3454 4844 3021
4151 3417 4579 2689
2843 3209 3161 2821
2667 1991 2756 1461
59 899 737 727
809 1326 990 1063
1541 2090 2035 1834
3325 2665 3485 2494
226 3522 980 3135
120 4387 954 3708
2389 686 2697 683
4023 3921 4394 3389
2169 847 2454 369
2426 4664 3342 4427
3292 2117 3970 1391
4353 2158 4748 1930
465 3847 684 3174
3141 1992 3526 1849
2438 2520 2440 2380
3313 1219 3944 856
3724 2946 4260 2887
2218 2779 2673 1999
881 4904 1495 4105
4055 3048 4751 2894
437 1643 1329 971
1046 1354 1904 1041
1032 2799 1231 2339
4389 4543 4764 4005
177 3634 897 3246
3265 4594 3474 4029
1064 3726 1888 3350
2744 2020 3328 1074
2492 2754 2812 1933
1942 3770 2562 3275
930 4930 1544 4358
4327 4940 4437 4283
1882 4663 2789 4366
1334 4079 2012 3703
3503 1036 4330 988
476 1738 605 1524
3727 4886 3916 4476
3752 1518 4181 1111
3081 3612 3819 2942
2492 4126 2735 4070
3522 516 4432 225
2468 4382 2810 3392
2127 4542 2599 3705
1775 3762 2651 2789
2185 4808 2636 3919
3692 3637 4325 3540
3300 4508 3343 3933
3921 2687 4140 2201
2055 2167 2263 1656
905 1463 1686 700
2750 1894 2966 1871
4028 3280 4731 3082
806 3873 1124 3640
836 1407 848 1243
2760 2560 3662 2459
551 1818 1173 1111
818 2759 1770 2111
3948 4649 4142 3770
2037 4949 2699 4747
1584 2731 1737 1962
768 3890 1746 3436
1905 4760 2497 4733
2 3242 36 3151
2285 2461 2821 2120
1811 2609 2132 2057
2374 1874 3066 1020
1786 1276 2328 329
2697 1045 3257 828
4112 4828 4858 3947
4781 3058 4809 2946
2192 1709 2838 1397
3784 3677 4456 3514
3400 4909 3572 3957
4612 2131 4949 2040
2110 895 2941 623
2060 518 2820 436
2533 2245 3071 1320
29 4464 807 3744
1114 1899 1892 1767
1966 4848 2526 3906
2303 4124 2594 3471
1608 1473 1969 591
1768 3846 2121 3115
1775 695 1796 491
2940 2318 3811 2038
521 2669 1123 2073
2709 3223 2850 2838
989 4479 1573 4088
3159 4631 3612 3884
4106 4688 4384 3781
755 3558 1172 3365
1852 4578 2650 4229
4430 341 4714 195
158 2343 514 1683
966 941 1878 262
1351 1886 1572 1410
75 3196 779 2494
1665 2600 2641 2340
4299 864 4876 22
3583 634 4435 596
3482 4851 4308 4424
139 4652 1053 4331
4320 1472 4898 1131
1362 2777 1774 2701
1473 4788 1650 4051
2652 3175 3338 2786
3949 2327 4790 1658
2259 3700 2592 3071
2259 4573 2891 3693
452 2081 974 1957
206 949 315 244
3751 2596 4535 2495
1396 2887 1899 2187
1689 1419 2519 1326
1511 3668 2225 3095
1729 4534 2583 4117
510 3099 681 2235
2988 2774 3868 1794
3914 4294 3946 3501
2250 3234 2751 2283
1197 3923 1640 3442
1321 730 1329 89
3080 1244 3409 443
1279 1060 1368 461
3702 1075 4608 284
3492 4151 4007 3629
2890 4913 3795 4208
3881 4512 4854 4297
3971 3088 4568 2441
1333 849 2093 343
993 3781 1637 3060
3090 813 3761 732
3205 2424 4133 1952
670 4862 1604 4350
1908 3696 2592 3657
3790 840 4584 576
1630 4860 1653 4739
473 3875 1382 3633
3007 1672 3698 785
1832 755 1987 242
1333 3084 1819 2860
2034 2147 2670 1268
3631 3172 3746 2727
2416 3491 2843 3050
599 3095 838 2154
4000 3938 4986 3590
1506 4281 1995 3481
4123 3066 4810 2482
4897 3706 4968 2879
1187 2545 2093 1989
773 1396 1599 504
2269 3085 3047 2880
2449 2271 3010 1707
3646 1043 4330 554
244 1955 946 1416
1710 3509 2261 3113
1981 2204 2108 1320
4323 3084 4900 2300
497 4167 905 3752
4074 4720 4325 4588
4788 3173 4996 2487
2870 2059 3511 1964
3536 1597 4193 1129
747 2385 1374 1936
1203 1360 1712 1034
4059 2411 4611 1779
1901 970 2765 956
2277 3667 3238 3108
3497 4714 4021 4535
3308 1211 4268 493
970 2904 1669 2006
1940 2027 2006 1077
1488 2590 1903 2274
1456 4523 2261 4192
2666 1053 3666 321
1242 2511 1395 1691
1862 4526 2499 3555
558 2697 572 2683
2066 3150 3040 2907
3764 1375 4400 1308
2052 2317 2868 1501
3497 4623 3809 4360
4385 123 4847 86
3156 952 4053 917
3760 4609 4376 4404
3780 882 4168 681
3873 2093 4507 2085
1041 3811 1154 3773
4121 2065 4831 1821
3339 1923 3508 1240
796 3410 1207 2716
3987 4578 4678 3812
3359 3118 4171 2378
828 1641 1067 1602
3241 731 3506 626
2668 3400 2981 3285
502 4719 1308 4499
2914 625 2919 288
3350 960 3756 562
3151 4980 4138 4900
3550 3809 3733 3496
2360 1522 2370 1281
3452 3319 3928 3105
3123 4732 3680 3762
1004 1455 1500 1422
3820 4972 4220 4957
4159 4645 4262 4196
774 2108 1646 1227
606 2670 644 2412
2370 4835 2622 4413
4197 4918 4935 4001
3128 1140 3386 734
189 2186 604 1355
805 1946 1720 1324
