700 700
3291 3485 3432 3269
2775 534 2926 432
3315 4332 3678 4287
85 1289 373 1272
4379 937 4808 663
577 4172 1076 3733
1607 4017 1737 3873
3194 3219 3632 3093
3378 1986 3730 1877
407 1954 595 1851
1815 673 1961 489
2605 4335 2990 4067
3635 4544 4123 4288
2102 1377 2596 1371
323 4471 603 4082
4319 1347 4591 885
4578 2025 4989 1889
1151 1472 1497 1216
788 3797 1079 3496
1780 364 2090 257
3901 1298 4332 1063
1163 397 1209 83
3593 2467 3863 2416
1760 3850 2223 3661
748 4976 1108 4902
592 1553 945 1247
1089 3717 1541 3674
4245 2947 4632 2552
1306 4503 1440 4151
1771 4546 1989 4390
2468 2829 2849 2659
3754 1989 3943 1721
441 2046 702 2041
107 3527 489 3235
1880 1043 2334 743
3674 4201 4121 3729
407 3557 456 3250
3904 569 4087 563
1873 3901 1946 3679
4395 2339 4719 2004
1739 3789 2111 3782
1549 2225 1654 1923
1880 2405 2219 2261
1169 2474 1661 2256
711 4618 1012 4140
4152 4703 4636 4646
2281 2188 2439 1760
1538 1136 1734 980
3896 2104 4229 1637
618 1246 1092 1037
3188 4286 3402 4046
767 1195 1019 836
1528 682 1847 441
4522 4524 4978 4123
1821 283 2257 215
913 4068 1215 3894
4378 2459 4449 2311
397 1279 814 836
2970 4960 3096 4613
15 3125 122 2652
4654 3871 4760 3472
4586 966 4813 600
2215 1443 2510 1428
1291 1808 1535 1353
3532 3828 3842 3532
3266 3792 3410 3628
2249 4355 2365 4282
3535 49 3686 37
2410 3660 2701 3330
534 3024 760 2737
4041 3196 4256 2855
3649 4667 4029 4337
1731 4818 2140 4513
3155 4139 3538 3989
3734 2214 3752 1966
4487 309 4678 76
819 2171 1051 2122
1960 1530 2323 1282
2073 2798 2316 2339
2291 4344 2434 4106
2302 1891 2342 1402
1632 2362 1865 1934
4097 3213 4425 2882
2667 4806 2932 4802
4482 1026 4498 956
3850 492 4229 198
134 4038 203 3826
2801 1647 3130 1616
1814 3708 2061 3380
2883 4759 3145 4540
229 1111 532 937
4063 941 4204 748
2052 1000 2356 787
693 4165 1172 4040
1581 639 1597 580
448 3967 917 3540
69 1586 251 1170
3105 1596 3443 1200
988 4370 1437 4306
4484 588 4757 91
2897 4880 3230 4711
2703 4064 2752 3723
2123 3772 2323 3645
838 2479 996 2137
1698 4792 1862 4747
442 2543 660 2203
508 4972 779 4525
2960 4057 3039 3938
1541 3006 1805 2856
3084 3033 3225 2584
3153 4429 3202 4231
2384 3066 2596 2818
2465 3223 2630 3116
177 2526 285 2438
3023 520 3279 231
3384 3017 3863 2654
2640 1133 2969 672
2390 2337 2587 2285
46 928 453 519
1085 3077 1161 2626
3154 4551 3454 4220
2630 962 2685 557
3252 1981 3442 1877
907 301 1406 268
4359 1887 4416 1410
672 4880 1148 4692
1498 1386 1536 954
661 1778 686 1388
238 4292 631 4031
4293 4794 4653 4320
615 270 813 266
2677 3559 3051 3227
887 383 1077 304
2676 2652 2862 2251
2724 1636 2919 1490
4133 3644 4178 3560
3940 4574 4364 4449
1129 3760 1320 3628
1194 3473 1533 3207
4259 4543 4698 4396
1791 3810 2244 3351
3127 2095 3351 2014
2591 4221 2869 3825
4835 4334 4927 3852
3723 3978 3755 3873
893 4926 1152 4609
3697 1629 4059 1483
3200 3989 3365 3765
96 995 329 758
1232 4066 1664 3917
344 4392 715 4197
4367 2186 4375 1926
1913 3097 1935 3038
4330 3905 4465 3897
1783 1356 2047 1344
1587 2549 1723 2314
1856 2964 2119 2918
3606 2011 4034 1828
4342 1824 4528 1423
4437 923 4829 774
2360 4410 2480 4234
433 1769 716 1651
3288 3573 3449 3174
368 4488 495 4477
636 4466 765 4025
4212 2256 4660 1797
4197 3939 4547 3687
446 4943 607 4643
3313 2165 3715 2058
3194 3972 3286 3735
2583 1371 2929 1010
728 4024 813 3670
4334 4840 4560 4395
3800 1061 3877 793
3938 468 4166 121
1518 1235 1889 914
1453 3652 1689 3319
469 2348 611 1977
4017 307 4222 55
4091 916 4553 597
790 2514 1208 2213
418 644 761 456
4431 3520 4741 3387
631 1016 970 927
4234 717 4403 682
265 513 498 427
432 1509 618 1419
2372 4439 2433 4083
1686 3765 1732 3280
1771 1174 2018 874
3857 4909 4200 4620
3349 4807 3518 4553
3463 2321 3805 2136
2527 1776 2969 1660
39 1627 422 1303
3004 3191 3225 2935
4899 458 4904 393
1226 4497 1318 4246
4339 2022 4364 1963
938 2324 965 2089
3506 4084 3813 3920
136 4035 310 3588
1626 1663 1737 1603
3195 4497 3222 4102
2279 2450 2487 2345
4056 428 4059 310
2090 494 2368 343
3534 2840 3678 2804
938 4207 1432 4201
4540 2258 4972 2165
872 2269 1138 1986
3004 3245 3180 2959
4201 3082 4224 2910
4322 2489 4756 2021
558 4899 722 4403
3986 1908 4012 1589
2341 2155 2759 1925
1274 1298 1607 965
4315 4840 4761 4484
1111 3420 1387 2935
1472 3390 1891 3039
2618 2925 2689 2639
1718 4666 1925 4505
4619 2555 4853 2162
1042 3685 1263 3500
3639 907 3913 671
3786 3945 3975 3549
1393 1697 1651 1601
194 1599 367 1483
1687 4952 2096 4919
3109 2392 3119 2131
2443 1356 2602 1007
4685 3593 4709 3523
2288 466 2543 107
1762 1358 2089 1303
956 2620 1417 2360
1912 733 2227 517
845 4158 1001 4152
559 3672 938 3211
589 1080 692 641
2915 3713 3205 3505
2899 2889 3249 2597
2810 1332 2821 1007
474 3510 778 3325
1320 2103 1696 1786
238 3726 727 3572
1006 2411 1239 2308
2976 3696 3177 3535
719 3158 948 2911
2603 4573 3080 4488
3016 2093 3113 1954
2702 1141 2839 778
3211 147 3261 3
4142 2780 4632 2326
1285 1213 1572 771
1386 2053 1402 1838
461 4638 679 4147
2250 2363 2640 2198
4464 1099 4654 985
3360 4195 3510 4190
1409 1037 1893 854
664 4121 696 3926
4868 2183 4947 1925
4702 4912 4811 4552
2888 2150 2893 2115
1469 3142 1818 2720
3706 1324 4174 935
431 3633 913 3255
1287 2316 1435 2218
4798 1007 4952 703
4240 4343 4613 4144
3445 3414 3703 3100
1689 4081 2036 3680
4305 456 4636 229
2780 854 3140 378
1838 378 2320 122
371 4060 419 3793
399 1572 596 1396
3496 2017 3911 1912
3995 449 4144 372
704 388 926 201
1849 2480 2340 2143
2200 3363 2330 3096
2154 796 2356 491
3449 1052 3664 972
2560 3370 2835 3074
4383 3311 4804 3015
510 4602 912 4394
4284 2450 4557 2002
3670 3637 3982 3359
431 4097 701 4027
2898 3289 3263 2928
3486 556 3562 102
2181 4192 2517 3952
2605 4096 2736 3866
3599 4418 4069 4155
230 4775 605 4335
93 4791 408 4412
2140 579 2432 411
2154 3929 2185 3824
1638 3906 1869 3759
3249 2502 3701 2181
639 4773 1070 4593
3757 4409 3840 3976
2375 4941 2725 4904
1276 4847 1592 4473
890 4442 1253 4082
2803 1339 2986 1153
4056 2023 4450 1696
3012 179 3417 92
193 2678 302 2287
2179 4793 2327 4520
126 4877 250 4659
684 4447 1171 4135
769 1931 940 1930
687 1379 1148 1125
4168 3434 4534 3309
4361 499 4743 49
275 991 688 815
3836 3137 4286 2737
98 632 597 391
1921 2414 2144 2024
1242 1292 1259 1122
2408 2127 2781 1978
2685 2392 2891 2050
3584 3844 4064 3525
3410 2302 3714 2235
4163 2867 4271 2855
235 3527 645 3231
2625 4102 3049 3921
982 4504 1380 4247
1485 4479 1771 4264
2726 1364 3223 1301
13 4046 14 3814
2345 3631 2835 3511
3553 1725 3911 1262
1322 617 1427 550
4451 3478 4591 3213
2640 1621 3028 1200
1399 4514 1644 4099
4243 2803 4271 2575
3562 1702 3636 1683
4484 1433 4962 1030
2873 2302 3170 2264
1715 968 1969 687
3303 4427 3441 4290
3369 1027 3643 847
2940 3408 3083 3374
3812 2242 3840 2073
3338 3911 3587 3810
1659 549 1767 522
1280 1418 1606 1346
603 1864 1017 1721
197 550 504 363
1080 3070 1197 2854
4081 4622 4337 4389
4764 2645 4899 2329
1933 4587 2118 4569
4248 3002 4516 2974
1740 285 2232 17
3209 4154 3463 3664
764 3829 1179 3457
381 3623 793 3617
2164 4661 2482 4177
4397 292 4512 63
296 4044 416 3562
1511 329 1901 209
3540 1359 3858 917
4598 4072 4644 3695
1665 4156 2019 3908
951 1964 1212 1516
4133 544 4509 60
3873 3873 4341 3623
2694 2716 2896 2484
3748 671 3839 599
4259 2347 4367 2256
2959 1818 3094 1351
3399 4226 3550 3927
2949 4786 3340 4696
2390 3579 2732 3403
1413 3857 1815 3832
2924 2043 3365 1572
3500 1129 3900 739
1746 4047 2131 3786
3131 1507 3451 1305
4322 436 4722 243
3277 786 3756 547
188 3537 602 3128
2196 2392 2295 1956
645 2475 715 2250
1344 4636 1609 4528
3667 718 4023 514
569 3934 1048 3928
264 3176 363 3028
2841 4121 3029 3914
2397 2440 2794 2329
3072 2011 3359 1573
2113 3660 2453 3561
2421 3152 2574 2878
398 4663 405 4258
2849 3626 3150 3310
710 4202 788 4073
2720 3922 3161 3772
167 3747 196 3309
1482 4453 1617 4316
826 4582 1207 4165
3257 3994 3533 3524
3712 4213 3912 3849
1546 1523 1812 1308
3376 3426 3605 3229
604 1554 950 1434
1394 2588 1829 2554
4536 1142 4818 945
155 2671 432 2369
1758 3356 1901 3210
1720 4284 1778 3808
2839 3258 3057 3210
2599 1030 2941 705
3865 4039 3945 3698
1706 209 2122 26
3417 2439 3507 2310
3822 3201 3970 3072
3473 3802 3793 3579
3963 2760 4374 2630
4588 2357 4943 1920
1047 437 1223 385
454 3796 752 3611
2127 4168 2187 3893
1723 1235 2039 863
3381 844 3400 523
4130 4256 4622 4197
879 1100 1085 841
329 973 441 862
2936 4828 3176 4474
2505 727 2562 385
603 2133 749 1878
2018 595 2423 567
3329 4450 3381 4156
1652 4480 2048 4263
658 2769 1077 2503
1317 694 1806 617
1370 4038 1669 3970
4219 1468 4686 1250
3697 4640 3807 4158
2269 2113 2580 1719
422 1697 467 1472
1265 337 1427 0
3599 1461 4073 1303
4563 2486 4947 2177
3565 3137 3738 3086
131 1149 145 801
4097 4046 4362 3648
793 1000 1153 583
700 638 1146 429
1383 497 1714 279
2512 1955 2768 1694
1683 4349 1728 4279
3824 4335 3842 3901
2668 3017 2798 2877
1294 1370 1513 1016
900 2203 1362 2130
3561 3257 4018 3149
3144 1001 3567 608
1306 1907 1764 1761
3856 2135 3863 1933
1398 533 1557 165
1249 3631 1726 3242
2437 245 2763 54
4372 2901 4650 2604
2302 1040 2781 910
4233 1123 4423 652
533 4976 879 4680
1894 1740 2107 1611
4561 2211 4870 2161
3858 646 4124 557
840 98 1298 43
2771 4877 2820 4745
4223 1429 4275 1016
2096 2136 2400 1975
3516 3612 3666 3289
4180 3906 4358 3817
1721 3416 1865 3286
2215 4640 2531 4557
4681 2841 4906 2562
4113 4028 4354 3997
2060 1932 2343 1464
1023 1976 1097 1844
4401 4172 4681 3760
1976 4780 2038 4360
827 1560 1306 1333
2626 4741 2895 4250
2407 1518 2590 1400
3525 727 3977 421
2044 3817 2201 3499
936 3419 1282 3360
2919 4820 2995 4807
2240 4664 2317 4418
2561 2264 2912 1765
3045 4450 3436 4440
1464 4391 1616 4317
2032 3833 2130 3736
2791 4703 2933 4416
2317 3131 2686 2941
2834 3377 3066 3306
1633 1833 1644 1451
338 1691 409 1591
4634 4252 4741 4153
1691 4215 2183 3986
1020 2288 1374 2259
2655 2533 2850 2431
2965 2342 3056 1972
4498 1609 4893 1162
2979 4756 3192 4259
3223 1739 3702 1690
1077 4746 1411 4264
374 4635 399 4555
4151 980 4338 731
2938 1385 3039 960
2051 1419 2334 1120
1364 1323 1379 829
1709 635 2088 365
4006 4986 4394 4658
3750 3520 3793 3390
4303 2857 4765 2559
3630 1068 3672 927
1890 4395 2038 4042
578 4921 911 4773
2307 3020 2618 2662
4812 3949 4988 3740
1704 4238 1888 3873
1173 2807 1500 2754
3758 3701 4071 3261
3740 4416 4163 4216
2151 4875 2595 4761
3531 3389 3816 3332
4722 4410 4989 4253
3775 4301 3918 3967
187 979 317 691
4421 510 4479 132
3820 2379 4250 1979
3697 2710 3758 2247
1375 2515 1704 2189
1052 3459 1438 3007
665 2369 1025 2106
765 1048 946 909
4244 4038 4733 3982
366 260 585 80
2555 1505 2891 1444
3622 3043 3833 2683
1590 851 1873 576
3376 560 3601 194
3555 4841 3836 4359
4458 3817 4888 3376
1368 4435 1597 4384
3046 1331 3529 1279
3030 1193 3399 1174
235 3972 466 3697
2958 1456 3242 1093
2231 1645 2340 1548
3576 4950 3898 4587
354 4773 639 4524
1294 1312 1541 1155
3160 3125 3169 2897
823 1340 1118 858
1289 1832 1443 1710
4757 1940 4844 1713
2591 3931 3070 3642
3584 1412 4060 988
2114 4562 2282 4360
3685 1102 3708 915
2102 1358 2172 1318
4031 4621 4435 4419
3842 3458 4050 3109
2259 196 2431 71
2379 3478 2721 3190
2062 370 2349 336
4377 3075 4701 2673
1114 649 1189 281
1926 3856 2036 3601
1606 2726 2104 2272
1685 3393 2115 3382
1153 4466 1369 4461
1691 937 2015 862
713 2302 732 1851
293 3895 486 3601
2528 1032 2907 679
1298 4754 1730 4745
1824 1846 1873 1673
1808 1158 1987 776
2372 3267 2605 3264
703 4824 1144 4355
1810 4143 2282 3862
1198 4266 1638 3793
190 3083 612 3026
3163 1762 3195 1745
1817 3471 2124 3459
2083 2137 2217 1942
4416 879 4660 494
4569 4672 4658 4365
2071 3046 2486 2736
2557 4067 2795 3696
461 1202 919 1188
3988 3531 4388 3485
23 441 30 342
1725 2604 1964 2456
1445 1772 1699 1475
896 3699 937 3575
1266 378 1752 4
4534 2529 4721 2204
3388 1881 3692 1748
4688 1783 4696 1516
135 4292 333 4291
826 1207 996 1152
1432 3615 1733 3525
1632 310 1782 96
1197 263 1495 17
882 4169 1103 3693
4279 3864 4485 3552
4620 848 4657 771
3694 3117 4143 2661
1390 1542 1692 1446
4753 1276 4820 1260
1274 782 1316 296
3244 1020 3464 752
2596 2694 3000 2280
4545 1217 4937 752
1261 4711 1282 4220
4842 1535 4895 1524
1779 943 1802 899
2269 1233 2687 1212
4686 2732 4905 2307
3546 3700 3904 3433
3781 2987 3975 2680
2700 1661 3010 1449
2234 3418 2368 3190
2160 353 2269 161
1255 2759 1520 2639
4328 1581 4684 1460
1460 3543 1756 3215
1955 1105 2306 615
4471 987 4719 545
2149 2943 2422 2555
2041 4212 2532 4029
2294 4053 2371 3887
862 862 1188 844
488 1637 773 1572
2101 822 2435 770
983 1409 1474 1309
2148 4832 2346 4459
490 847 798 827
1162 4465 1222 4158
1234 3585 1242 3455
2428 1366 2896 1168
1050 3172 1333 3053
3421 791 3721 498
1976 793 2212 614
79 4471 104 4125
3265 1821 3369 1631
4253 1255 4716 860
2262 3519 2282 3401
1432 475 1686 377
1686 3872 2058 3697
1559 1101 1807 626
3507 3426 3627 3360
4899 3419 4909 3013
2827 1394 2853 995
2474 1765 2586 1419
701 3250 778 3131
458 284 781 182
3810 1662 4294 1654
4276 1063 4422 948
1869 3019 2020 2710
923 1061 1299 572
818 602 875 406
3952 599 3981 117
1030 1741 1083 1564
512 2292 989 1847
494 4151 509 3865
3312 4910 3431 4614
4699 3303 4963 3300
3831 3269 4019 3126
166 4668 217 4418
4731 1651 4756 1345
636 632 1088 527
2225 1053 2458 907
3457 937 3620 694
4026 4198 4260 3881
1119 3577 1346 3546
2294 1751 2510 1565
2298 1087 2775 601
3595 3268 3886 3204
393 4154 406 3886
2753 2322 3202 2151
1102 3951 1469 3801
2048 3616 2120 3543
2779 988 3142 750
3641 4130 4135 3836
3269 1597 3747 1304
2419 4053 2867 3772
3736 4516 4023 4290
2034 2181 2138 1997
3473 331 3803 202
3956 427 3990 252
4324 2564 4814 2357
164 3980 287 3480
1079 4433 1384 4192
2058 3866 2538 3847
1516 867 1619 602
391 3674 887 3618
3401 491 3607 55
4132 2409 4142 2029
715 3323 822 3083
2674 4596 2876 4467
2141 4158 2272 3903
3441 766 3905 643
2451 2526 2905 2100
1100 1810 1487 1559
18 4652 481 4505
3933 2815 4390 2743
873 717 1204 500
3931 2483 4321 2339
2981 4216 3066 3943
3975 1545 4048 1362
119 2893 549 2834
2497 547 2950 432
3578 1505 4060 1319
1217 2487 1304 2229
2153 4165 2289 3726
1650 4488 2123 4279
778 2154 1233 2017
1019 2971 1177 2771
2556 2046 2725 1760
999 826 1091 459
4693 404 4911 265
3180 1143 3496 891
1827 1624 1830 1414
4450 4123 4455 3670
216 2882 345 2467
1420 1391 1860 1197
1067 722 1558 565
4286 2523 4340 2087
4475 4191 4799 3731
1764 2599 2076 2414
2916 2677 3201 2476
3419 4945 3730 4748
1078 3416 1497 2953
903 783 1218 483
3042 4216 3417 3791
3427 4695 3562 4596
2303 3213 2305 2718
966 3317 1339 3145
847 2989 1235 2549
3468 3232 3756 2783
4674 4144 4872 3872
2215 2178 2512 2145
2020 2562 2483 2436
582 676 1012 458
2990 4013 3026 3908
1076 621 1441 227
3339 3505 3342 3137
3436 2002 3666 1970
4661 783 4800 719
3380 2026 3599 1527
753 2550 818 2410
478 4765 505 4381
448 3667 858 3213
4694 2630 4701 2612
89 662 183 225
4529 4177 4594 4034
898 3578 1028 3108
1314 2868 1458 2767
4016 3963 4155 3478
373 439 845 434
110 4389 576 3961
3906 3420 3933 3200
3464 1574 3549 1514
1648 1774 1714 1364
117 4101 339 3713
3726 3332 4036 3017
588 2647 827 2576
551 3954 871 3801
908 1497 1236 1466
1577 3766 2060 3355
2404 3529 2848 3418
3003 3960 3197 3728
2933 4377 3409 4343
2972 838 3231 526
3155 3277 3417 3225
1528 2297 1557 2275
1846 4427 2054 4112
4421 2985 4888 2915
889 3239 958 2850
127 3876 230 3445
1908 4990 2375 4741
3295 2910 3660 2625
3768 4363 4111 4302
1674 3234 1739 3146
1896 2345 2328 1995
795 1676 1006 1473
1424 1434 1800 1423
3520 2831 3722 2723
39 2093 273 1880
1273 3484 1372 3133
1870 4690 2112 4227
2948 978 3265 492
3794 1165 4214 707
1862 318 1900 0
1156 2561 1171 2468
4541 690 4780 433
3073 2565 3353 2461
2375 732 2817 542
3129 483 3487 139
778 280 1142 55
2884 1893 3155 1484
2496 3226 2830 3133
1146 3773 1411 3372
1472 2880 1855 2552
2597 4213 2779 4121
3272 4093 3671 3694
1075 3426 1167 3020
4175 3012 4516 2515
3129 3662 3317 3169
517 1481 609 1360
1270 4639 1357 4359
3808 2318 3949 2067
73 1927 286 1447
2690 2917 2711 2878
2539 2669 2632 2300
1384 1313 1670 815
2693 4832 3041 4510
2164 1679 2563 1266
760 2063 1251 1904
3208 743 3384 370
1152 2992 1248 2608
3092 2293 3250 2222
1825 3150 2306 2657
3304 4527 3524 4502
1646 3471 1648 3035
4761 2681 4969 2236
1960 1834 2441 1520
3700 2333 3849 1907
593 3844 696 3348
4501 1197 4858 962
4295 3262 4438 3075
401 3328 881 2863
92 1077 248 1034
1798 1703 1851 1654
4346 581 4672 234
4615 3603 4869 3385
4826 595 4874 409
1976 1185 2146 1047
1071 3952 1231 3800
472 4114 752 3687
2189 3661 2656 3296
2940 1144 3012 909
4356 3711 4822 3287
3148 2055 3503 1991
1733 900 1920 883
4059 1620 4322 1547
516 892 621 561
2812 2835 2921 2566
998 4768 1489 4643
4331 4844 4798 4518
3141 4022 3283 3554
4097 2239 4465 2012
1550 4033 1708 3803
3292 1980 3665 1538
1109 4290 1247 4197
4015 1599 4178 1358
841 3442 1284 3270
3245 716 3698 678
1131 4627 1606 4272
1139 3240 1220 2998
2476 1577 2789 1296
909 1554 1028 1110
1164 2641 1295 2506
1591 4678 1706 4483
300 4299 318 3899
1030 699 1199 447
1347 1057 1794 724
3341 3372 3710 3110
576 3263 924 2937
1386 1610 1759 1291
2190 3916 2568 3568
1520 821 2008 685
2066 4348 2242 3927
2777 3815 3260 3424
1649 3489 1950 3450
2610 2796 2860 2573
1995 1224 2478 1113
396 2575 798 2194
2974 3520 2980 3095
2886 885 3141 587
276 4814 343 4324
76 2005 482 1631
2441 1417 2634 1210
1664 1717 1942 1524
4810 530 4972 43
66 1846 525 1743
1304 483 1551 41
3329 3376 3772 2898
4015 681 4245 657
821 3033 933 2773
1916 3580 2133 3358
3767 1034 3891 766
3895 4357 3993 4005
1537 3144 1981 3141
439 3973 591 3941
136 488 243 273
68 1242 418 1110
85 2379 407 2132
2106 2843 2342 2440
3135 1683 3535 1410
109 4521 557 4361
4079 4039 4143 3830
2621 4721 2724 4680
3714 1784 4011 1338
3829 580 3880 163
873 4194 1254 3888
1065 2932 1342 2829
4898 4328 4909 4313
864 4745 1238 4697
1987 4268 2311 3882
4358 4476 4840 4189
4230 1362 4626 1152
3048 4126 3306 4049
4100 4233 4278 3774
2921 1699 3158 1692
1576 4676 1846 4346
894 2605 1200 2435
2351 3609 2598 3530
3927 512 4111 302
1458 2926 1895 2485
3097 438 3367 264
431 4481 565 4271
2253 4340 2750 4024
2108 4280 2508 4058
2009 1635 2049 1556
3341 2862 3683 2585
4280 675 4619 452
1093 4966 1342 4568
668 4885 1163 4634
2837 3767 3072 3665
4032 1853 4370 1782
4425 2567 4841 2089
3833 3810 3992 3409
2759 4093 3252 4014
2669 1668 2697 1631
145 2683 268 2409
3018 3851 3152 3708
2445 3088 2565 2593
4556 3066 4741 2933
729 2733 1149 2575
4355 667 4692 587
430 2101 921 1859
1499 626 1556 196
2282 2523 2343 2142
390 1875 508 1667
1740 3545 2056 3437
3267 3963 3346 3874
1589 4113 1607 3679
1809 3586 2126 3215
4382 969 4680 629
2193 858 2457 390
1520 251 1636 218
2421 4724 2801 4443
1515 521 1650 48
4483 2247 4772 2102
3826 1806 4121 1766
2191 2920 2323 2674
1806 1202 1899 889
293 3225 445 3130
4537 4448 4898 4075
665 3233 762 2851
2731 2851 3102 2650
500 3926 581 3889
2354 2168 2777 1866
31 1612 202 1464
3041 913 3057 866
3840 1957 3906 1534
4429 4648 4817 4231
3982 2963 4479 2708
163 316 571 90
2694 4226 2797 4181
2132 2469 2350 2136
4032 2880 4454 2526
825 4365 1233 3921
2316 2063 2616 1962
1705 687 1920 420
31 3301 377 2925
885 2222 1212 1829
2115 3582 2434 3290
3677 3814 3805 3646
4421 1070 4456 1063
178 3447 492 3170
2806 2806 2810 2613
341 612 778 455
3861 1787 4113 1527
4536 2913 4927 2594
652 2307 889 2016
3675 3329 4026 2874
1069 1101 1279 770
382 2113 480 1854
1016 458 1387 338
1027 871 1207 789
967 2678 1331 2487
1971 554 2412 490
3436 739 3870 594
3051 4935 3484 4920
4560 3329 4795 3234
2411 3848 2427 3370
1368 1703 1410 1289
2155 1191 2176 895
2965 1467 3136 1306
2366 2665 2461 2422
3970 458 4043 3
267 528 708 223
1974 2013 2109 1639
450 2235 790 2156
300 1946 349 1511
2709 2374 2942 2198
2556 4446 2794 4126
486 624 813 155
524 3120 636 3108
2177 2254 2478 2134
1306 2133 1597 2101
3041 1215 3103 1125
1344 3100 1455 2971
1075 1808 1235 1643
3052 1982 3293 1506
3273 2220 3552 1976
3161 3944 3252 3515
4135 4554 4164 4137
618 3784 641 3594
3082 839 3162 809
1361 285 1624 137
3749 1078 4167 902
4265 1349 4741 1095
4053 3720 4497 3519
626 3291 633 3063
1704 638 1870 498
188 416 214 50
3561 4799 3788 4348
2216 2660 2393 2592
3599 1504 3914 1375
4576 2986 4961 2961
3150 4926 3313 4616
3947 3581 4205 3527
370 754 504 745
4258 2458 4376 2307
2576 2398 2752 2381
3115 3334 3142 3257
1799 2024 2219 1900
1588 4817 1958 4364
3303 1202 3747 855
1101 270 1527 72
1757 3077 1937 3029
1177 4823 1347 4422
2976 2717 3404 2688
1401 918 1704 739
4552 1369 4808 1118
1814 3474 1972 3048
938 4476 1018 4036
3893 3949 3992 3632
2989 1367 3116 1048
862 2856 937 2569
4756 575 4797 528
3414 1093 3612 929
747 1885 1096 1819
2194 4487 2529 4020
3765 1775 3840 1589
3389 2756 3556 2309
2850 137 3075 60
4639 4680 4660 4484
1775 4640 2077 4568
483 576 670 346
2660 1875 2675 1463
656 629 921 139
3956 4009 4279 3995
2338 3591 2451 3433
837 2704 1148 2663
1755 900 2131 717
3059 3470 3547 2973
1420 2092 1770 1700
989 371 1288 162
1788 3593 2234 3313
457 2519 668 2141
3918 2605 4116 2158
803 1025 828 585
4577 1796 4860 1618
4641 382 4973 16
393 4289 587 4265
1543 213 1737 23
2844 3570 3317 3217
1244 1407 1254 960
3101 825 3538 691
1591 4594 2009 4491
2599 4594 3093 4412
3690 3083 3832 2830
523 1544 747 1071
1719 813 2122 780
825 4593 1066 4512
3257 1819 3352 1676
4521 1119 4876 622
2267 1645 2745 1433
2555 4107 2692 3799
2824 4163 3019 3995
857 3500 1229 3370
1512 4415 1669 4042
98 649 174 406
4653 4920 4921 4560
2616 1953 2973 1805
2489 2127 2568 1868
2633 852 2863 471
777 2560 902 2117
3956 2720 3978 2468
2698 3301 3011 2996
904 4341 1095 4039
802 3972 852 3646
1961 3414 2193 2959
3994 2702 4049 2698
511 4225 639 3806
811 3790 932 3380
700 4548 775 4339
1783 2981 1819 2882
4142 1704 4603 1311
3848 2998 4034 2613
3759 240 3902 13
1423 4366 1796 3874
4614 858 4758 749
2010 3818 2028 3543
608 2442 1064 2091
1098 1440 1297 1053
3913 3854 4290 3646
2905 1645 3280 1362
1790 3569 1833 3560
2548 1500 2735 1045
2368 4264 2630 3962
1260 2033 1487 1552
2122 144 2137 120
2206 880 2661 690
2220 1635 2299 1184
820 932 1142 539
1112 4799 1309 4452
4743 750 4920 476
4083 1652 4301 1541
1515 1231 1673 848
3211 1422 3532 1388
4764 4844 4903 4657
751 1527 763 1029
3135 1469 3475 1254
4603 1398 4629 922
224 1156 373 1095
2402 3856 2507 3835
2375 1099 2398 868
4884 859 4911 635
2825 2827 3286 2804
3410 3195 3780 2972
325 3918 817 3593
2819 3710 3194 3252
787 4685 1084 4434
4360 2936 4831 2765
1845 4470 1972 4268
3712 4560 4173 4427
4259 3064 4662 2730
1004 4536 1247 4045
588 476 1026 439
1360 1194 1584 934
2134 4679 2428 4515
343 4372 582 3886
2508 1472 2856 1033
1458 3368 1696 3363
2374 1043 2425 835
2048 2518 2491 2132
1442 1724 1657 1487
490 3383 507 2983
1366 4967 1687 4688
349 1955 777 1568
994 3865 1123 3783
373 2436 619 2200
103 768 216 324
2969 1383 3132 1247
11 1160 135 714
2884 4868 2910 4858
2073 346 2572 211
33 1864 209 1694
1058 1318 1142 841
3392 530 3797 151
3313 4488 3480 4213
4329 1828 4481 1623
1224 843 1724 646
1258 1831 1741 1772
774 799 1058 456
642 1773 1016 1694
3666 3796 4150 3473
1433 1779 1729 1315
1830 4356 2034 4149
4504 1276 4675 1096
2129 304 2192 68
3499 2705 3627 2424
2918 3217 3388 2806
73 4008 152 3756
4397 4512 4641 4335
567 1540 772 1172
63 3888 192 3753
2655 1023 2795 668
1915 2393 2278 2353
2257 893 2378 757
3112 1461 3580 1170
2965 313 3253 37
1170 2563 1393 2296
531 4659 860 4299
1887 2655 2353 2577
4295 3259 4300 2778
3465 4630 3886 4202
1289 2469 1645 2100
4263 2812 4327 2703
2621 4124 2657 3716
695 1372 774 1319
240 3646 388 3239
2987 881 3014 628
2248 4030 2396 3987
713 3445 1190 2982
2387 731 2851 718
259 4521 319 4466
4016 4915 4492 4846
1746 4952 1986 4809
1472 4419 1877 3922
2406 4130 2705 3684
599 4388 999 4384
684 4797 895 4765
1989 1586 2380 1335
3749 1322 3917 941
4109 1682 4582 1643
3377 4529 3731 4312
359 414 468 341
1493 239 1748 26
4663 4972 4859 4677
2163 2555 2562 2441
36 3390 422 2897
1929 2418 1976 2284
3222 3276 3350 3065
3782 1285 3848 1082
4474 1659 4878 1453
3966 1139 4431 961
3085 1901 3494 1465
966 1743 1278 1257
2746 4800 3031 4589
1739 363 1851 252
2338 1558 2468 1134
2890 3229 3386 3178
3734 961 4215 928
211 4278 576 3852
2525 3174 2891 2737
4483 4457 4866 4148
3564 3127 3957 3009
1821 4309 2154 3977
4475 2837 4685 2833
236 3789 498 3723
454 3017 657 2951
1211 3093 1583 2755
3375 4241 3827 4044
899 2308 1217 1860
2758 642 3090 153
4097 2908 4109 2413
1260 3545 1335 3491
4583 4517 4595 4213
207 330 494 47
4159 2720 4599 2626
823 2361 958 2296
1209 4946 1552 4916
3877 4851 3916 4499
3128 3912 3147 3577
4772 1632 4978 1268
1461 2523 1599 2215
523 1991 538 1783
4002 4450 4328 4045
21 674 199 613
1407 2246 1486 1782
2019 3925 2068 3657
3446 1580 3452 1137
4042 3763 4438 3541
676 4281 837 4178
1387 1587 1447 1188
4800 1224 4896 801
944 3241 962 2886
2570 1814 2823 1597
2047 2101 2364 1624
3631 1090 3636 989
4288 593 4543 566
4214 4457 4625 3984
1136 3805 1593 3424
1385 1828 1455 1604
4126 983 4184 556
1694 4886 1856 4882
2920 1491 3249 1173
477 3663 956 3194
2593 1175 2959 1078
4521 2397 4818 1963
3618 4891 4028 4704
4500 2803 4587 2362
2582 812 2743 389
265 2710 524 2237
4445 4689 4510 4668
572 4641 633 4352
1189 1427 1340 1139
2596 1860 2976 1587
3532 776 3804 610
2934 2443 3012 2057
3295 3138 3416 2894
1410 3391 1735 3037
3828 4298 3900 4264
4820 4200 4841 3804
4343 659 4483 459
518 2103 698 1943
2963 3057 3031 2646
2846 1522 3219 1034
3733 2218 4156 2031
4443 1046 4817 647
486 413 662 98
1743 1524 2091 1161
2831 621 2914 321
323 1875 814 1646
631 3335 740 2940
3853 3252 4262 2872
514 1842 613 1570
2179 4385 2403 4238
535 3073 991 2919
4616 4023 4726 3593
3044 1690 3288 1478
1032 3939 1088 3547
4347 4679 4426 4539
1480 2986 1763 2823
967 4050 1127 3902
4318 1152 4677 959
2473 770 2854 639
3850 4473 4230 4000
1960 2858 2217 2393
3797 830 3853 425
4487 1941 4567 1490
2629 3681 2662 3631
2173 4708 2178 4234
2165 975 2401 830
4529 3762 4806 3342
2898 549 3262 412
1414 4563 1739 4266
97 2870 526 2620
74 959 513 652
3118 2732 3135 2649
1680 4633 1684 4375
4005 2951 4060 2741
2516 3861 2557 3749
320 1135 818 1059
2494 4761 2622 4736
4224 1378 4453 1246
3335 2376 3561 2259
1368 2629 1540 2388
3716 3231 3770 3012
2143 4119 2575 3767
1926 199 1998 10
4797 1964 4972 1940
3327 3010 3789 2667
1535 3848 1876 3701
1427 2981 1674 2731
80 3896 452 3802
1560 826 1610 677
1464 4354 1614 4102
336 3346 539 3141
2164 2229 2631 1799
580 3739 869 3594
812 733 873 467
2055 2877 2122 2816
198 2091 686 1693
2621 2261 2844 1851
4659 3381 4962 3053
649 450 892 425
4568 3240 4616 2844
4255 3723 4390 3654
341 4443 730 3953
1038 1504 1501 1017
1445 3734 1710 3601
4407 3996 4777 3638
1346 4400 1437 3915
3476 2133 3589 2021
4643 4481 4902 4227
4597 3911 4743 3743
2075 2028 2359 1874
1893 3582 1896 3542
2110 2009 2351 1739
2922 3878 3401 3470
4491 2532 4959 2445
3489 2019 3613 1926
4887 3100 4923 2888
3780 4073 3885 3852
903 4136 1200 3648
653 1006 843 603
3682 2167 3934 1841
1536 2268 1844 1971
194 4101 606 3918
1273 3274 1375 3122
