1000 1000
2063 3729 2156 3524
2823 2005 2971 1891
3395 1684 3552 1219
2709 2937 2898 2540
3821 4412 3930 4351
3464 2601 3732 2261
2836 1305 3265 1290
1395 1623 1836 1375
542 4836 851 4784
1540 593 1606 156
3034 1972 3354 1845
1112 199 1578 175
1350 1238 1592 783
1602 976 1935 846
1228 3896 1581 3530
291 1441 594 1425
1493 144 1783 128
874 1355 1096 890
843 529 1293 239
289 3504 380 3105
1301 2683 1409 2206
1839 4043 2099 3547
3918 3246 4202 3072
3497 1372 3968 1117
3131 4837 3495 4360
3282 335 3478 157
926 4824 1025 4613
2607 3750 2783 3735
3572 1640 3979 1198
2716 3278 2840 3094
3273 467 3613 466
1698 4078 1936 3868
2500 1005 2917 573
1695 3217 1736 3108
2382 1018 2510 651
3347 4731 3597 4437
133 1168 356 796
1841 1919 1940 1666
3968 3705 4215 3363
3215 2051 3290 1681
691 2323 865 2246
3466 4239 3539 4075
322 1726 359 1616
2124 4071 2584 3870
134 2623 228 2128
3979 4161 3993 4010
2849 3751 3194 3514
1153 4903 1393 4804
1051 1705 1298 1275
4207 3632 4694 3531
3451 3145 3871 2800
375 4775 636 4338
732 4467 912 4044
1942 3373 2298 2938
2781 4855 2794 4424
3911 1683 4111 1346
3107 3844 3334 3644
3937 1509 4375 1123
4580 2099 4747 1648
3751 4371 3991 4332
4517 4589 4902 4398
3274 1664 3579 1236
3925 2042 3946 1737
4425 2631 4433 2351
1012 348 1478 279
2086 4783 2277 4354
3632 3938 3784 3579
608 4657 624 4520
557 2841 663 2824
3552 1975 3621 1579
85 3264 152 2870
2142 348 2522 169
2122 2259 2372 2084
605 3050 879 3018
4858 596 4874 230
1718 1271 2020 890
4564 1754 4715 1440
3995 4531 4324 4093
4228 3478 4650 3457
700 3973 1099 3855
3715 709 4196 591
4612 4067 4903 4059
344 1591 485 1161
3504 1672 3964 1222
4556 4490 4790 4462
46 3092 354 2631
2276 1013 2757 884
3140 2197 3209 2011
1181 509 1372 282
1807 694 2122 534
3047 4684 3420 4310
2823 2329 3125 1858
873 2638 907 2231
2437 4052 2719 4033
2051 2845 2136 2377
4476 2773 4853 2654
2321 3326 2651 3215
3250 1331 3449 888
4518 264 4524 127
2943 490 3107 156
4327 3897 4452 3894
3086 2269 3458 2094
2711 474 2978 296
3780 677 3849 504
1031 4802 1168 4661
1337 2403 1768 1935
1053 1638 1458 1570
1635 2813 1739 2467
2322 4357 2693 3871
4116 4051 4124 4038
2492 2624 2975 2169
376 4947 415 4605
1668 1276 2023 1098
1209 4206 1697 3706
786 2688 1019 2385
2420 1427 2650 1001
4448 1918 4940 1854
3839 3178 3896 2987
4159 4371 4287 4001
1230 4201 1713 3984
3932 3849 4331 3727
1759 2945 2149 2838
2628 4199 2963 3847
3337 1781 3772 1398
1060 3766 1529 3274
3386 2554 3542 2254
1356 2757 1379 2297
1066 452 1451 396
2993 762 3045 449
678 1399 900 991
2736 2934 3053 2469
1046 2295 1519 1815
241 4390 714 4153
4312 3085 4730 2595
2995 2690 3338 2409
1306 3184 1602 2940
4692 2198 4854 2074
4075 1402 4331 1012
3236 1607 3529 1160
1940 2943 1977 2447
2390 3393 2853 3284
2512 2755 2966 2640
3721 3994 4185 3878
1562 2012 1971 1870
4344 2181 4394 2058
3106 3297 3386 3152
2757 3439 3175 3117
473 797 878 528
25 2548 168 2458
1158 4066 1223 3656
2080 1162 2442 758
2000 2682 2007 2495
1406 1875 1698 1458
2922 4979 3252 4894
1418 1955 1614 1539
803 1872 1173 1621
624 392 1073 215
253 2092 418 1726
1221 2645 1639 2314
4666 2536 4775 2505
4144 4071 4585 3632
4578 1483 4583 1424
2362 589 2648 365
3325 4170 3751 3797
547 3018 826 2686
3716 1689 4186 1392
1297 2479 1444 2445
3 3600 321 3516
4609 4945 4733 4852
1674 2289 1708 1972
698 2515 964 2208
2658 3962 3009 3509
1071 4755 1567 4372
2364 1438 2555 1140
2137 472 2362 16
3329 3607 3707 3590
1117 2313 1147 2001
165 1375 355 1318
3119 4082 3231 3930
1346 4932 1581 4717
2791 4665 2837 4489
3843 3079 3998 3000
2405 611 2609 471
400 4082 744 3680
2955 4661 3383 4441
2431 4429 2443 3962
2815 562 3049 179
1327 1797 1770 1402
2207 150 2598 102
1728 3948 1735 3836
2030 4699 2464 4474
2943 4132 3075 4057
2719 1674 2848 1545
3049 3315 3438 3171
2957 4177 3428 3870
4450 2632 4473 2606
3924 4085 4402 3636
1224 3668 1643 3505
4263 259 4430 94
557 2860 817 2441
3287 4795 3710 4327
866 2083 1139 1861
983 809 1169 526
3225 4611 3541 4584
1176 3421 1595 3044
792 4376 860 4358
3198 1503 3479 1439
2205 317 2344 207
407 2202 409 1784
1997 2429 2263 2080
2780 3803 3217 3490
2914 665 3174 555
1375 1997 1597 1972
2204 2782 2221 2371
1614 3052 1887 2753
378 3323 609 2947
2722 2699 3035 2572
1843 2196 1875 2050
30 4215 88 4210
518 4333 778 4316
3766 4259 4261 4017
178 4192 673 3944
2942 1654 3305 1187
1333 1825 1487 1350
4121 1421 4338 1006
2323 1878 2348 1588
1737 3940 2215 3871
694 1524 1180 1227
3070 275 3196 253
4430 1316 4889 1165
4554 2392 4821 2321
2284 3397 2303 3381
3560 3950 3734 3920
1514 3331 1576 3078
235 410 519 257
98 189 479 177
830 3665 836 3615
3964 3776 4288 3435
584 2154 921 1665
555 2338 924 2253
3211 2850 3296 2475
1680 4709 2091 4575
3021 3718 3353 3520
1381 692 1783 202
2936 5000 3123 4564
3439 4269 3798 4246
225 1513 283 1302
2877 620 3258 200
1990 3813 2221 3520
20 1652 292 1606
130 798 569 468
3665 875 4028 670
282 488 434 138
3709 1525 3957 1337
706 1536 888 1077
3547 4595 3904 4121
2772 1414 3167 1400
3991 3209 4388 2740
1159 1610 1579 1435
1830 4955 1988 4723
2941 1656 3262 1309
3074 4244 3165 3822
4089 3669 4092 3213
654 3642 1028 3601
2174 239 2444 134
2151 2839 2392 2559
803 2570 1210 2507
4298 2463 4323 2190
4368 3900 4720 3687
3543 313 3733 3
1711 2915 1960 2644
2283 1173 2594 1084
4062 263 4466 59
4105 1959 4483 1893
4729 3400 4781 3343
4060 2831 4446 2504
1446 3925 1514 3631
3439 2435 3594 2341
3815 3634 4039 3408
83 3224 105 3072
3623 907 3759 470
4110 1446 4399 1271
4508 552 4956 144
3514 3268 3884 3079
4778 3180 4985 3144
3550 1751 3644 1352
2326 3359 2790 3217
3308 4207 3568 4138
334 4173 792 3771
1965 805 2325 543
3415 4660 3525 4208
1716 4129 2132 3820
2922 4318 3123 3849
2875 4673 3178 4439
2705 2750 2729 2643
648 4058 1114 3861
835 4409 869 4267
933 2381 1398 2196
4600 3471 4609 3178
3693 3031 3926 2660
2823 1299 2897 816
1512 1402 1683 1034
4061 2631 4215 2518
3724 2135 4198 1985
3254 1860 3625 1589
4625 2295 4877 2062
1008 3873 1136 3761
4541 3005 4584 2520
1398 3041 1704 3015
3961 2775 4405 2503
3896 3027 4132 2858
585 3090 972 2662
3434 4404 3567 4160
1000 3180 1022 2940
4312 1456 4554 1317
4184 2355 4405 1873
767 4893 817 4550
3060 4670 3071 4217
195 1494 243 1242
1439 1504 1606 1217
1512 2700 1997 2382
1159 3976 1563 3779
4993 2572 4995 2399
726 3077 931 2622
846 4285 1011 3855
2412 3459 2840 3258
1646 4784 1867 4550
641 1335 675 1127
2793 954 2961 629
3391 1461 3706 1218
4294 3945 4408 3605
4180 2012 4571 1926
3602 1279 3867 1114
2633 1475 2862 1244
4045 2056 4366 1678
972 267 1150 183
1902 4014 2281 3536
2359 4324 2690 4195
2188 399 2409 157
4375 1853 4554 1700
4418 1702 4688 1455
3117 2937 3143 2804
1017 1326 1126 1260
1148 3914 1580 3606
1651 296 1912 15
205 4592 237 4552
2685 2324 3149 1864
2479 2201 2608 2095
3102 1543 3339 1473
2220 3813 2275 3379
2617 2076 2753 1963
2610 3097 2996 2902
4395 4887 4632 4480
3852 2463 4215 2346
1330 3590 1655 3531
2771 875 2961 589
3023 2273 3336 1820
2755 3433 2921 3213
1005 2541 1110 2115
3392 1498 3677 1299
4182 1808 4229 1411
771 1344 1037 918
2129 1832 2442 1716
547 3972 629 3697
1558 1631 1965 1482
1643 4393 1964 4336
699 1315 970 1108
1090 4683 1392 4468
1234 4732 1503 4244
2252 498 2686 18
1404 2254 1737 1948
1098 1618 1406 1499
3014 575 3407 436
2134 2107 2308 1726
3692 582 3852 380
1469 2159 1850 1800
2161 3118 2259 2837
1581 3966 1756 3832
57 4232 481 4063
2236 4926 2530 4900
570 4256 1050 3897
4234 3734 4315 3460
373 4722 612 4370
3423 1196 3572 950
170 3177 301 3083
4807 1738 4884 1397
2380 1356 2457 1200
430 725 536 543
2697 598 2961 187
4758 452 4938 287
4237 2340 4367 2035
3550 2670 3940 2307
2883 178 3348 2
2902 1266 2912 831
2170 512 2658 447
949 4897 1449 4596
1730 4985 1958 4680
3465 2220 3722 1766
2978 4234 3195 4103
1624 2001 2023 1869
524 2436 604 2355
178 395 577 97
556 4678 787 4178
966 1261 1196 935
1761 3337 1777 3235
1866 397 1911 318
2002 3018 2066 2945
82 889 281 864
704 172 822 102
4921 4810 4935 4532
2014 2784 2509 2587
2087 1539 2169 1224
270 378 371 108
2871 1011 3105 654
3376 3901 3474 3406
3461 3421 3727 2970
3722 436 3787 421
1266 3222 1708 2722
4327 2299 4331 2108
1245 4523 1262 4033
1793 2320 2091 2209
1189 3113 1321 3023
1811 3421 2252 3206
1147 4845 1511 4812
3747 2272 3917 1981
217 2309 485 1926
2801 3858 3281 3827
4572 1781 4862 1291
4638 1390 4989 1059
4070 2980 4388 2653
3428 2451 3634 1979
2471 1072 2724 973
3413 979 3487 877
743 819 810 749
2982 636 3351 250
1986 2952 2093 2684
103 3884 575 3563
2053 1970 2133 1814
4408 2261 4704 2079
4195 3915 4509 3553
121 1490 554 1430
2284 1502 2672 1366
4484 1449 4676 1020
2693 4771 2843 4272
3131 1331 3219 891
385 2006 581 1516
200 3548 315 3097
3669 1221 3964 772
479 4624 973 4274
3794 1583 3946 1573
4503 3368 4622 3224
1257 3567 1465 3243
447 3223 573 2852
4329 3665 4376 3247
247 2494 637 2444
765 4006 931 3888
686 1196 949 786
1364 2809 1759 2654
4225 721 4487 536
1595 4062 1971 3794
1479 658 1654 338
1471 2580 1476 2407
2104 3007 2587 2651
1499 1885 1739 1651
3773 4829 4096 4641
469 3366 598 2972
3839 1675 3954 1555
4643 4696 4827 4451
2539 2664 2660 2301
1881 1084 2337 960
3455 2579 3813 2113
2492 2490 2962 2426
4858 1588 4887 1493
2391 659 2597 184
2737 3753 2879 3365
254 1585 311 1526
2247 988 2301 626
3932 3894 4354 3764
1715 2872 1789 2841
3794 2619 4183 2464
1621 4821 1994 4732
4356 4172 4806 4142
876 3114 1335 2969
585 2287 847 2071
3922 4680 4172 4323
2765 2962 3018 2785
3574 492 3638 366
737 2070 871 1770
2187 969 2571 752
2853 2830 3118 2532
2149 2145 2315 1828
4405 3077 4870 2898
3945 870 4089 518
3407 2876 3567 2414
1750 4351 1945 4275
3462 3038 3869 2804
4470 324 4546 183
2360 393 2685 371
2576 1973 3075 1829
3163 968 3193 710
2354 3571 2758 3168
1126 1212 1359 1094
4380 2424 4418 2322
504 1022 883 770
1758 3722 1908 3486
208 1652 360 1609
4119 3959 4461 3566
1167 2405 1662 2228
59 3850 222 3807
3600 3641 3805 3273
2583 2046 2933 1768
885 231 1221 120
736 4583 1052 4382
2032 3345 2500 3006
1299 2804 1723 2464
2686 4925 3124 4872
3639 4207 3880 4135
2950 1692 3186 1502
4374 3226 4401 3059
1776 1905 2025 1577
3752 1223 4140 890
4146 1228 4372 741
1137 4343 1463 4227
2112 4275 2544 4256
1014 1309 1453 1206
4146 4571 4528 4561
4082 693 4310 679
1665 426 1667 397
2647 3612 2840 3600
518 3575 657 3491
1981 1593 2010 1155
417 4651 447 4184
3705 4901 3733 4884
2437 4347 2880 4040
1705 4620 1841 4184
4417 1702 4838 1506
1811 486 1973 74
2087 4898 2095 4469
3180 2324 3409 2265
1390 4108 1558 3628
4795 1565 4982 1526
1736 868 2132 532
2487 595 2662 366
4570 3303 4868 2927
3866 79 4110 22
570 1189 810 797
1456 4678 1829 4510
3288 2356 3639 2314
987 3232 1172 3062
3750 2455 4134 2121
1106 2728 1534 2597
3552 467 3697 124
600 4283 942 4250
3805 4268 3923 4241
4034 4209 4094 3836
4193 4776 4676 4593
3500 3820 3639 3743
1971 843 2044 524
2457 4282 2785 3837
2548 741 2799 335
1736 1916 2236 1810
1869 1459 2175 1298
292 3745 661 3338
1742 1333 1976 840
1866 2198 2269 1848
2657 541 2708 52
4447 1283 4460 1084
3066 2190 3153 1985
1495 3977 1904 3698
204 183 355 25
4205 1449 4279 1187
2094 4487 2363 4298
3747 3203 4188 2811
3571 1004 3755 524
1121 4698 1614 4282
1824 734 2078 373
3955 4364 4244 4128
3032 1849 3265 1655
3884 3612 4248 3286
3812 122 4003 51
3480 270 3487 11
2103 1758 2297 1288
3421 2893 3440 2853
1988 4619 2410 4204
2816 1947 3252 1534
3887 3774 4332 3399
2002 2074 2309 1739
1182 2470 1553 2297
1526 1143 1876 1031
2460 4839 2923 4642
4035 1211 4243 739
3498 3829 3991 3776
3305 1033 3531 924
3489 4410 3915 4285
4137 1192 4274 903
2516 2028 2941 1669
2348 4308 2423 3965
1855 3611 2334 3542
81 1041 441 867
4304 1447 4729 1116
3591 2956 3598 2616
2493 2266 2506 1918
2261 2155 2627 1960
34 2662 440 2653
2971 2687 3018 2336
1618 815 1657 510
2503 2699 2752 2455
3585 3582 3835 3347
148 4851 296 4714
4100 2332 4538 1952
3570 2376 3766 2171
3797 2080 3826 1887
324 613 439 333
4081 346 4298 175
2069 4168 2512 3891
4617 3605 4687 3472
3124 3057 3226 2660
13 4304 240 4060
4011 4227 4401 3958
1699 1837 1839 1340
3022 1266 3171 1087
4822 4678 4944 4269
963 1292 1062 1015
861 3017 928 2600
2989 4439 3439 4097
200 258 278 253
4405 4585 4538 4149
1783 4246 2208 3869
1489 4298 1704 4020
4208 858 4368 740
3051 2515 3370 2349
2986 4046 3453 3805
2227 4650 2481 4613
3484 4673 3516 4637
2260 2157 2590 2126
3977 116 4242 23
1520 3472 1999 3006
4089 3534 4316 3088
916 1615 958 1311
1830 4120 2106 4052
1386 2598 1429 2246
1834 3024 2108 2530
1674 4593 1737 4193
1305 1021 1767 624
1954 2243 1961 1755
366 4821 465 4743
1958 1117 2184 807
3110 1614 3446 1345
320 2095 482 1609
1753 4951 2229 4755
2371 208 2562 35
2480 4267 2748 4249
1587 573 1807 457
4516 3248 4749 3005
1083 4359 1113 3937
2061 3856 2089 3622
1979 1156 2404 813
4399 4890 4612 4408
3655 2354 3911 2341
1161 2230 1407 1891
1937 1998 2117 1725
448 1353 838 925
3806 222 4303 205
4014 3151 4068 2953
2887 1470 3320 1051
4836 4783 4876 4538
2929 4580 3111 4376
2533 4759 2605 4722
1939 2224 2208 2111
1930 4471 2206 4350
2957 833 3423 592
3804 415 4269 227
601 1265 679 1017
1031 1686 1328 1644
1568 494 1620 13
4018 4945 4303 4625
1094 3224 1347 2844
949 2658 1180 2437
4842 1837 4979 1403
2160 1274 2209 878
1231 2683 1344 2648
3761 2254 3799 2192
4707 2704 4921 2601
347 1764 647 1721
4555 156 4889 82
1293 1605 1571 1253
147 1503 404 1351
1407 3971 1546 3658
2330 1247 2596 770
289 93 578 1
4692 4652 4951 4337
2458 1606 2797 1369
2052 1121 2282 990
432 2637 806 2159
3284 4884 3508 4591
3991 2526 4227 2198
1106 4730 1107 4605
1197 3097 1420 2670
1048 3516 1260 3234
837 1690 1109 1621
1176 4289 1425 3893
838 2096 1213 1840
4100 3233 4270 2985
77 4064 241 3720
1366 4016 1568 3986
789 2859 1266 2774
3210 2408 3485 2099
3554 409 3944 62
4073 2702 4297 2294
3928 963 4182 590
3938 3976 4146 3973
172 3902 431 3705
591 1141 999 682
1961 1508 2302 1038
1613 2757 1997 2515
3806 3571 4224 3402
1048 1052 1492 640
390 1757 397 1371
1813 4008 2188 3581
1000 3070 1396 3049
3721 1853 3925 1380
606 2855 785 2522
4425 2629 4722 2410
453 1624 899 1514
2252 685 2370 639
3603 3896 3845 3641
1724 382 2042 190
948 1064 1316 577
248 1614 665 1448
4573 2731 4973 2430
1434 2311 1762 2303
2307 4741 2395 4485
4520 3077 4887 2929
1670 2173 2090 2006
1149 1708 1540 1573
171 2748 316 2393
173 1750 253 1584
1465 3902 1961 3736
570 2122 942 1918
2307 2319 2639 1876
697 3633 1108 3361
2947 3280 3254 3072
2827 2994 3040 2897
3680 2207 4091 2088
4700 1387 4760 1170
2995 1034 3146 850
2754 4031 2775 3720
1222 4370 1359 4047
584 1267 1064 1123
1256 4112 1678 3937
362 1140 683 667
3585 1032 3792 667
1587 945 1921 600
1599 561 1799 73
1736 2254 2179 2106
1270 4709 1491 4400
3911 4728 4083 4678
4389 1613 4602 1310
1652 3342 2090 2861
4502 1324 4696 1098
2474 4499 2812 4284
4647 2133 4954 1990
1341 3358 1710 3161
2310 370 2596 311
1719 4685 2041 4517
130 2262 234 2009
2023 4095 2325 3798
119 2205 163 1757
924 3534 1084 3076
1467 852 1587 687
990 1639 1166 1618
3470 2456 3906 2062
596 4590 1075 4566
765 2329 826 2017
1273 2339 1596 2184
2579 1153 2896 1124
2620 704 2679 519
1246 1771 1562 1387
368 1634 788 1583
976 4510 1431 4494
1567 4657 2062 4455
2270 2228 2408 2123
3776 2293 4233 2180
3516 4639 3625 4214
3564 4776 3611 4603
3728 2186 3770 2117
4040 655 4461 625
1262 1086 1672 1025
912 2829 1357 2457
2687 2957 2868 2588
3780 4518 3799 4214
1002 5000 1085 4924
584 270 621 226
4275 3916 4591 3488
795 1296 1212 1145
4367 2469 4770 1999
1339 4472 1507 4033
2646 1447 2792 1216
3868 2317 4005 2213
3434 2337 3864 2248
4816 1342 4910 1239
4745 2442 4985 2116
3623 1300 3772 986
2649 1769 2787 1269
2711 2993 3119 2641
1776 1180 2080 1151
1802 543 2203 495
213 3306 378 3133
1026 4631 1456 4324
1142 3654 1356 3323
3615 4263 3629 3832
1011 1219 1080 781
1922 3511 2076 3375
3648 1675 4121 1490
313 2361 374 2348
316 1923 429 1731
4157 986 4485 688
579 1139 690 990
4038 1072 4150 648
329 644 409 613
2028 3947 2452 3563
4520 3942 4865 3696
1168 392 1331 183
718 1937 1193 1486
2386 728 2568 422
392 979 430 496
3830 1189 4263 1034
1402 3163 1729 3151
2764 1383 3176 924
863 2013 1087 1601
4257 3188 4481 2730
369 4869 616 4832
1035 4186 1428 3919
2264 3504 2388 3168
3007 3740 3247 3655
287 1744 423 1422
3248 2441 3270 2148
3379 727 3577 466
2152 1739 2639 1523
1643 2019 1936 1738
2461 1138 2571 936
2299 245 2487 42
4415 4239 4849 4222
885 2483 969 2111
605 3636 843 3194
3225 2198 3582 1763
314 463 710 327
568 1107 851 1017
1691 838 1731 414
4369 3431 4415 2973
4640 3638 4665 3256
1695 4214 2028 3959
2957 2840 3182 2759
583 3563 960 3442
4791 488 4802 80
576 4293 711 3859
4689 2412 4783 2217
1392 3304 1643 3239
2146 2152 2575 2102
3395 4308 3513 4075
670 2896 874 2421
3333 3199 3815 2945
4446 3749 4743 3570
2203 439 2354 266
4132 2515 4430 2442
2844 3895 3155 3656
4558 3163 4927 3109
1218 2353 1457 2289
3781 2840 4184 2748
181 3864 439 3591
3347 4979 3601 4703
2159 4000 2431 3964
1474 2274 1728 2215
3701 3175 4079 3069
2017 1233 2159 934
1681 4875 1887 4802
3619 1014 3716 637
2882 479 2997 83
3006 3300 3131 3014
1471 1548 1505 1485
1508 1347 1791 1154
4465 2694 4824 2450
4194 4836 4613 4624
3206 4858 3291 4653
4654 4803 4767 4653
4237 4581 4361 4350
3191 1067 3238 744
4037 3600 4340 3315
3530 777 3843 501
4633 4582 4691 4279
3297 2382 3497 2281
1863 2542 2235 2240
4217 2692 4714 2581
359 2402 482 2328
996 3189 1177 3010
618 4625 966 4607
1394 2512 1888 2123
1127 4297 1300 3854
941 4202 1409 4053
1333 4093 1525 3973
277 3284 516 3093
357 4634 454 4183
4136 2427 4332 2352
3107 4527 3567 4164
1717 1618 2169 1134
2899 1533 3192 1284
3914 1881 4104 1812
2493 2583 2831 2314
1409 3429 1713 2993
3000 400 3283 329
1261 3172 1610 3079
3109 3803 3129 3344
753 4135 786 3780
228 1624 688 1586
985 373 987 29
2955 2781 3165 2504
4341 3840 4433 3490
1325 2382 1459 2203
2954 2329 3358 1917
4471 4251 4656 3898
1127 432 1595 317
2445 3680 2565 3347
1259 2515 1615 2357
1548 3586 2007 3290
877 1218 1276 732
1849 2286 2083 1910
1819 2487 2270 2134
4222 3474 4361 3289
2975 2630 3275 2214
3814 4549 3850 4417
1076 2006 1346 1945
573 1591 937 1462
1257 798 1336 657
946 1452 1203 1201
4381 1488 4757 998
761 2544 961 2134
4203 3461 4294 3158
3810 3969 3890 3571
2130 4310 2447 4015
1743 4935 2115 4851
90 742 201 453
3350 1012 3383 698
698 1796 792 1431
4202 1178 4510 783
4117 3641 4460 3171
742 4548 931 4533
1046 1093 1097 715
722 4944 996 4445
4013 1428 4405 1256
1715 3846 2030 3560
3905 2374 3934 1987
1991 1692 2205 1473
4417 2437 4514 2298
2590 1664 2769 1189
3616 1577 3971 1464
318 3393 778 3345
4026 1463 4484 1297
1290 766 1580 697
527 1800 713 1639
1403 1615 1585 1507
4243 4791 4260 4658
3171 4165 3406 3875
4528 2304 4786 2159
733 4858 1194 4578
1135 1898 1416 1472
2495 4830 2930 4472
2383 4649 2546 4596
1243 2721 1428 2439
3869 2424 3967 2403
884 4265 1148 3765
1197 3676 1323 3533
1577 1328 2054 1164
3592 4673 3732 4292
282 2765 606 2443
1655 2209 1756 2174
1686 904 2100 620
3740 2403 4133 2212
1923 3118 2078 2860
2098 490 2375 379
279 3114 765 2675
1359 3851 1414 3648
4439 1389 4716 1108
373 1829 381 1379
3073 2451 3451 2415
3020 3131 3116 2746
573 4579 707 4310
1772 3089 1960 2899
2593 1956 2638 1480
4480 1773 4798 1628
997 226 1459 140
4817 4842 4894 4669
3058 416 3407 175
4052 4498 4494 4134
353 1799 366 1371
3609 2006 4085 1853
4619 916 4931 819
1498 2010 1575 1833
2014 2579 2072 2555
1823 3619 2280 3321
4023 2060 4326 1640
2004 4461 2362 4316
176 337 471 86
3318 4175 3444 3844
4127 3533 4154 3061
4170 2445 4670 1962
2199 1967 2618 1800
3558 3115 3816 2896
1346 3001 1733 2728
1143 2246 1588 2190
287 1279 786 839
1081 4450 1525 4373
3695 959 3984 485
4522 489 4743 285
3189 4025 3662 3987
55 580 153 131
3249 958 3373 884
2987 4614 3248 4444
351 2349 510 1865
227 4683 643 4594
2500 837 2806 554
1683 2381 1776 1925
1684 2538 1843 2398
2840 1124 3336 1056
743 4008 781 3555
1644 3214 2028 2851
1664 4976 1942 4619
1504 4118 1556 3703
3730 262 4098 224
4102 1778 4565 1340
2634 2775 3024 2434
4690 651 4791 477
2899 4220 3189 4140
2115 4371 2467 3929
3673 3251 3975 3222
4269 290 4494 263
4148 4763 4289 4656
2825 4537 3188 4091
687 1972 719 1738
4176 1776 4610 1437
737 3142 781 2984
2350 3884 2711 3441
2856 3952 2998 3544
3887 3143 3924 2643
2846 701 3332 403
4503 4015 4750 3964
4528 3102 4538 2951
3842 4002 4232 3943
64 4537 293 4477
3600 2664 3812 2365
2848 2260 3046 2241
175 1066 520 678
3003 1006 3232 960
3860 3499 3955 3080
3158 842 3540 351
797 3641 810 3383
3836 4394 4079 3972
2753 3308 2969 3154
2981 4937 3032 4458
3033 4839 3200 4514
4085 4364 4361 4141
4645 330 4915 227
1932 1289 2116 1194
2075 2531 2387 2476
1803 1642 2180 1160
2691 473 3149 159
3897 4852 4355 4425
18 3865 143 3565
4466 2684 4699 2326
4724 599 4816 158
3006 2059 3397 1590
293 359 473 104
1273 962 1519 881
785 4145 1176 3663
2344 2945 2664 2879
1117 2773 1607 2733
3762 1116 4034 1018
4747 4794 4886 4445
699 1589 979 1094
4018 1667 4362 1342
3570 3630 3675 3581
1216 2722 1493 2720
2736 4433 2980 3939
776 4370 1018 3988
3710 3857 3738 3486
2667 1628 2970 1582
1403 2787 1585 2769
4563 3487 4825 3459
4961 3725 4975 3419
2071 4557 2515 4507
2735 4107 2916 3689
2493 4324 2903 4166
1933 4598 2320 4362
4692 1956 4818 1751
3408 2544 3749 2210
3358 3652 3808 3186
2902 2533 2960 2114
779 3507 1098 3242
3269 2055 3435 1939
4074 1362 4570 1264
2027 2841 2158 2595
2894 363 3294 220
1309 4166 1598 3964
3744 3959 4146 3527
4505 2567 4833 2220
2735 1992 3118 1681
1111 1596 1582 1328
4552 2118 4950 1816
301 1720 434 1433
218 1639 558 1594
1933 1970 2113 1747
3056 3138 3138 2765
4207 463 4509 62
909 435 1286 208
3521 1166 3825 954
1219 4472 1249 4116
1360 2963 1397 2892
27 2067 270 1812
4665 2482 4768 2314
3207 3720 3606 3472
1187 4755 1603 4649
1043 3857 1436 3785
4874 4424 4997 4019
1033 4206 1211 4096
1718 693 1895 585
3800 2079 3873 1960
2217 832 2671 727
1214 2155 1401 2139
2670 327 2909 170
1196 3523 1398 3277
27 1998 481 1963
1975 4532 2468 4361
1529 1396 1671 1008
1766 469 2095 22
2099 319 2547 46
3103 405 3343 389
1153 2359 1552 1902
3695 1653 3819 1157
2603 2900 3016 2512
3422 3040 3586 2957
3696 4229 4196 3939
3213 1594 3592 1496
2093 3618 2114 3335
4482 1264 4672 883
491 1577 586 1305
4461 3937 4901 3648
2623 1672 3103 1616
4118 70 4398 45
4108 486 4222 2
4154 4068 4605 3970
4341 2429 4508 1997
1901 829 2356 434
176 3404 427 3031
3490 1011 3608 784
1054 4386 1364 4253
4130 2782 4180 2750
2883 285 3229 190
1253 1834 1514 1464
1868 4957 2285 4468
1556 690 1918 509
776 511 1051 280
1604 4676 1788 4445
3830 295 3939 259
4361 1883 4591 1605
1247 4994 1340 4891
1013 2004 1446 1616
3233 1878 3631 1835
2559 4533 2611 4193
3581 657 3840 257
3793 3663 4193 3558
2353 4914 2671 4597
1786 3395 2024 3087
4025 3152 4115 2853
1015 2110 1372 1685
378 4235 685 3944
894 1719 1000 1487
1220 4647 1299 4361
244 4641 296 4509
1815 3414 1981 3308
1702 1747 1743 1390
4252 2435 4699 2357
1757 1819 2236 1333
371 1263 779 905
4130 1784 4391 1746
1062 924 1135 558
2908 4463 3250 4241
1379 2538 1574 2098
1160 395 1196 143
2445 2934 2889 2814
1623 1027 1644 940
4185 4368 4524 4128
3393 3944 3781 3695
1634 3867 2037 3722
3399 4797 3448 4360
3233 3538 3259 3362
277 2309 514 2236
1716 880 2018 410
3128 3183 3395 2695
3860 1372 3876 902
1319 1337 1765 1314
3145 4822 3365 4699
2307 2118 2556 2107
4467 4717 4901 4640
2915 353 3008 132
1600 4687 1944 4301
1065 3199 1441 3121
2104 2027 2470 1917
2494 434 2691 257
3623 2852 3720 2756
2061 3011 2084 2637
3030 1654 3132 1337
3978 4994 4460 4557
2415 413 2451 271
4467 4818 4683 4730
3983 4842 4367 4389
4751 2637 4802 2283
1794 127 2279 59
142 630 225 269
166 1062 497 652
1276 3815 1311 3579
3890 3165 4076 3030
2328 1257 2794 1249
3050 4143 3384 4084
3972 3919 4143 3813
4553 2589 4905 2187
1717 4153 1841 3851
775 4701 1164 4441
767 1233 1118 744
4548 2239 4871 2126
1931 4071 2300 4014
2672 766 2680 576
3414 3421 3509 2980
3365 4187 3452 3981
2065 4122 2141 3876
845 4442 1138 4180
1720 4231 2022 3752
3016 936 3142 586
4317 4688 4674 4520
47 1730 443 1506
629 1623 971 1454
1735 912 2194 688
3507 1354 3910 1042
2058 1842 2491 1651
2126 3956 2158 3462
645 209 960 206
4715 3360 4825 3219
3974 4375 4171 3974
2621 1277 2630 983
1937 1778 2128 1720
917 1192 1239 1189
784 3348 1277 3339
2200 720 2332 235
511 2546 619 2317
4245 1875 4709 1699
1740 823 1937 387
1142 3417 1589 3172
2650 3889 2662 3424
2225 4193 2446 3928
4297 2089 4484 1982
4045 2485 4364 2439
2690 1028 2706 975
240 2573 661 2346
839 3570 1222 3378
3400 2495 3506 2272
1009 1754 1456 1589
2880 1963 3038 1487
960 1284 995 1049
3293 1135 3637 810
1471 1103 1489 848
2197 564 2518 389
877 3379 963 3297
4240 1695 4338 1267
4221 3273 4585 2921
2156 1165 2232 840
1143 2834 1200 2671
3123 1712 3551 1524
2870 4088 2921 3667
1935 3669 2394 3458
3674 4446 3683 4248
1927 860 2421 837
499 3318 983 3027
3795 3070 4158 2771
4355 2771 4650 2629
4850 938 4856 670
1143 1139 1511 1102
1019 4935 1489 4520
4216 2951 4420 2596
1844 2273 2138 1778
1140 1809 1301 1457
226 710 648 443
2857 3187 3280 2725
4271 3431 4548 3290
152 2772 612 2317
540 3626 840 3160
3204 1549 3515 1508
3863 3751 3882 3465
1335 2701 1676 2602
3666 4933 3728 4796
3120 3657 3475 3455
4274 4934 4757 4692
1724 4445 2218 4159
2673 4912 2955 4464
3977 1299 4006 1264
3156 2695 3189 2581
3418 1993 3551 1900
2876 2457 3077 2334
504 3564 950 3130
3381 3985 3852 3499
1941 176 1999 155
2888 1996 3063 1721
421 1717 487 1681
3306 2793 3487 2779
3814 4632 4286 4472
1683 3702 2000 3282
2447 2667 2463 2185
1970 523 2154 91
3198 4975 3695 4771
1083 2991 1231 2973
676 2659 897 2556
2229 3639 2549 3161
4123 4702 4397 4337
1928 911 2232 657
4811 1514 4953 1224
1219 4578 1634 4447
4052 876 4479 386
4611 3416 4732 3006
1363 3404 1606 3218
2504 1666 2865 1377
2023 2021 2116 1745
1911 3925 2241 3469
988 1388 1155 1175
2408 4539 2806 4398
3200 2886 3551 2819
1990 2320 2208 2112
4495 1125 4619 1096
2040 3127 2367 2989
3987 3728 4484 3626
559 1480 935 1382
2865 1751 3248 1607
116 1267 320 895
3088 2075 3334 1610
2778 1946 2877 1778
3570 2535 3906 2429
2179 991 2441 621
1059 1941 1066 1452
1856 763 2243 427
2862 3759 2893 3733
3523 636 3807 432
2831 2394 3255 2025
4813 4403 4817 4274
1059 4278 1327 3814
3610 2844 3886 2719
2828 1517 3148 1025
3694 1047 3904 845
2584 2870 2743 2458
3567 4321 3930 3979
893 1547 1114 1525
3156 500 3592 464
4201 4694 4513 4219
3063 2440 3459 2024
3045 1987 3452 1912
571 654 774 466
1501 4700 1988 4490
352 4286 743 4027
2657 3093 2962 2827
2606 1159 2654 1120
1948 3752 1959 3580
4428 1856 4893 1769
3572 1120 3662 833
3038 543 3293 224
449 2554 510 2215
3989 2129 4120 1817
3332 3805 3769 3420
1463 889 1599 615
1844 1157 2134 1049
2957 1422 3195 998
1033 4681 1403 4424
1512 4174 2007 3956
4631 595 4927 419
3056 2448 3077 2134
1051 1637 1372 1591
4684 3316 4972 3146
1758 4945 2176 4877
4096 2893 4374 2799
1834 680 2039 510
2810 3384 3115 3260
733 2834 1046 2745
942 2030 1222 1806
275 1184 771 760
1296 2824 1745 2763
4426 2969 4748 2511
1146 1246 1153 1036
2611 464 2913 162
4041 714 4276 267
2057 3480 2434 3312
2435 2782 2707 2572
1668 1718 1999 1716
1075 4745 1092 4440
3013 1762 3077 1702
3048 2715 3255 2403
2766 208 3135 119
2114 4107 2176 3676
4375 1203 4614 1046
2968 2448 3064 2125
3920 2731 4004 2699
698 1683 1158 1557
2371 2243 2815 2206
1015 3402 1307 2929
4382 492 4583 143
4296 3743 4456 3516
985 559 1164 196
4538 2287 4994 1862
837 2874 1299 2786
1623 1850 1637 1654
3588 737 3797 283
3935 3882 3971 3825
1976 1512 2345 1199
1439 1503 1479 1480
2779 1851 3067 1440
4171 588 4278 368
3604 1572 3731 1513
3495 354 3910 308
4477 1795 4964 1691
397 3749 681 3323
4001 2054 4224 1982
2158 4136 2387 3886
2825 3696 3237 3295
4210 3892 4278 3427
2012 2991 2264 2658
3357 2159 3731 1974
691 1112 746 996
935 2353 1207 2033
4617 2063 4725 1588
3429 4511 3680 4261
2070 1989 2540 1962
4446 3013 4475 2798
1580 4725 1785 4674
1422 4006 1595 3732
851 1694 950 1413
620 3374 753 2956
2840 1785 3169 1591
891 848 1034 403
578 2119 897 1648
2378 1759 2497 1734
359 4906 847 4707
4517 2848 4622 2524
3821 3065 4022 3046
566 2341 861 2051
3476 4501 3924 4063
1378 2426 1390 2034
730 4059 1074 3891
1718 4210 1933 3715
3981 3965 4029 3886
3252 1183 3408 1001
546 4504 794 4363
1367 1642 1617 1600
4783 965 4984 591
2738 4153 2876 3775
4211 2140 4657 1927
1855 1254 2349 1020
2799 4941 2868 4667
327 2310 550 2168
100 3318 513 3087
637 2803 996 2334
599 4141 1021 3679
1981 3116 2468 3110
2162 623 2590 532
3503 4426 3986 4270
4456 4833 4894 4426
2228 1653 2530 1233
513 3560 736 3543
4487 638 4546 423
1378 1348 1838 980
1752 3762 1986 3273
1455 3077 1658 3009
2642 4644 2861 4541
539 3324 906 3298
2106 3656 2208 3491
1003 2453 1229 2018
3476 3894 3597 3641
1445 4009 1565 3573
1088 2314 1331 2069
4247 2955 4656 2902
3318 838 3519 598
701 2752 886 2525
3849 1745 3938 1612
1755 2038 1902 1929
3073 1299 3145 901
2357 1012 2568 869
1679 2417 2147 2318
1622 4559 2000 4311
1992 4725 2369 4715
2583 3690 2951 3297
472 4475 598 4353
3566 3536 3982 3331
3904 3311 4027 3012
3134 1399 3505 1182
118 2038 521 1789
1435 1068 1925 1052
1428 1202 1480 1099
2197 4258 2407 3866
2175 3098 2341 2781
2273 3900 2556 3858
4178 595 4649 113
2541 1724 2562 1694
2028 2293 2259 2113
3070 1512 3202 1482
2734 919 3173 674
3696 4158 3953 3966
3290 3177 3470 2819
3928 3288 4181 2809
3121 1478 3512 1310
4023 1056 4383 899
1207 2355 1363 1869
89 3433 430 3040
597 3837 630 3824
1249 796 1335 692
2518 1108 2743 671
3811 4866 4235 4636
76 3693 442 3477
4473 2955 4919 2756
3730 2213 4203 2030
4602 2654 4746 2645
2836 1080 2863 682
3850 1863 4175 1675
162 1794 461 1603
3646 1102 4082 884
2808 294 3076 256
1019 3943 1112 3630
2044 3488 2412 3100
2007 3781 2114 3696
2525 4485 2922 4156
2789 2557 2899 2192
2541 1642 2956 1515
1563 270 1817 168
4504 1714 4690 1328
2538 4009 2545 3516
739 4036 1160 3784
1181 3953 1450 3531
2620 2463 2634 2391
3814 4987 4075 4697
152 4585 574 4505
1534 3679 2031 3559
2915 1566 3374 1191
933 4129 981 3727
2600 1800 3048 1512
2025 3290 2296 3110
196 1519 652 1424
4026 1053 4107 620
3433 4261 3810 3864
900 1344 1400 1064
310 1811 430 1565
3681 4232 4102 3866
868 2499 1138 2179
584 2093 618 1754
2288 2766 2303 2389
82 2760 581 2453
3848 358 3874 304
2743 68 3099 38
3320 2054 3569 1843
628 1565 803 1281
3707 4474 3828 4226
3223 2543 3614 2538
2981 2708 3382 2700
1321 4240 1446 4054
1014 4334 1028 4098
2029 3864 2217 3679
877 2936 1241 2555
1934 4510 2064 4024
4037 3991 4179 3789
2475 2051 2796 2035
1229 3869 1605 3522
187 3491 457 3388
3516 2735 3787 2311
562 1580 736 1472
325 745 632 440
1494 2931 1856 2549
4466 4354 4753 3873
3690 1217 4168 1123
143 4744 213 4459
4226 870 4618 712
1461 2779 1530 2501
648 3763 800 3678
4418 1985 4465 1852
4325 4559 4741 4341
394 1743 868 1430
1448 1399 1620 1087
4507 2302 4672 1832
4501 3447 4640 2972
3834 3662 4228 3373
3406 2876 3583 2703
3330 1134 3530 707
1731 1633 1796 1303
1649 1990 2042 1962
2188 966 2535 865
3894 3250 4127 3015
4064 3693 4158 3205
2854 3231 3353 2900
3187 3606 3410 3422
4065 3767 4484 3290
124 636 365 630
145 3323 627 3211
3911 3274 4006 3074
1661 2300 1967 2239
2765 541 2822 409
2228 2497 2317 2222
244 2580 268 2115
2786 2789 2850 2783
541 1759 736 1579
335 2711 781 2530
4456 679 4945 498
977 391 1098 63
961 1596 1106 1267
1664 246 2091 9
2129 2655 2540 2393
3116 1919 3196 1526
4386 2511 4694 2327
4657 4026 4846 3846
4255 3052 4651 2690
3482 2006 3694 1840
2118 2828 2200 2702
1988 1072 2117 708
1365 1080 1745 862
874 333 1145 73
1898 2043 1993 1876
716 3617 828 3568
3103 1622 3245 1412
2663 4254 3119 3954
1216 3337 1509 3326
3512 3865 3607 3721
3729 1238 4217 812
3871 3034 3893 2990
4464 3170 4754 2805
1810 1442 2170 1093
515 1164 760 962
1142 2482 1521 2354
3442 4869 3531 4653
1432 4625 1708 4596
3768 1652 3898 1341
4567 4449 4804 4276
1288 172 1400 55
2851 4623 3205 4519
597 3817 607 3802
3786 1912 4152 1520
3469 4570 3647 4351
3379 2832 3481 2652
3731 2917 3849 2508
2442 3521 2795 3356
2770 4153 3057 3875
3880 4733 4116 4556
2572 2835 2990 2537
406 3313 554 3300
1946 1828 2232 1574
1961 2751 1987 2381
1314 2180 1691 2068
1683 486 2052 181
4543 2879 4819 2384
4861 1342 4985 1315
4080 999 4247 577
2374 2109 2550 2020
2586 4002 2879 3719
2744 2253 2939 1914
3781 1548 4177 1207
3286 567 3722 302
3273 2243 3524 2207
261 3666 604 3328
528 1345 866 1201
4832 242 4902 123
3403 4987 3721 4880
512 646 936 187
336 2209 442 1850
161 1324 342 1310
2839 1899 2986 1736
4807 2712 4967 2610
3793 2055 4091 1696
1346 304 1685 225
930 1448 1233 1127
954 1213 1229 919
77 1538 296 1045
83 3574 330 3445
723 1935 1010 1625
4643 4368 4744 4117
3549 2146 4014 2011
1819 4489 1980 4345
4137 330 4405 64
2234 1297 2297 931
2191 1721 2615 1485
1829 4126 1851 4033
494 1871 767 1765
1826 3409 2300 3405
1767 805 2143 608
4008 1949 4354 1499
454 588 575 354
2151 2950 2543 2741
757 831 956 363
881 3877 1209 3791
2944 702 3254 388
4850 3033 4870 2651
3193 4431 3441 4380
1589 984 1812 618
2297 837 2616 677
2015 2215 2356 2018
3148 623 3208 579
1850 2535 1904 2222
1991 4336 2001 3961
1280 863 1378 857
3775 4670 3968 4277
4502 2768 4685 2469
4207 1341 4598 1128
3509 548 3584 183
4775 1634 4940 1313
4507 2098 4671 1775
57 3421 99 2937
1274 4757 1561 4308
684 1842 980 1402
1826 951 1854 649
4503 1492 4824 1338
2336 640 2705 586
1554 1794 1660 1427
503 977 521 693
4718 997 4814 703
4714 576 4827 528
1706 4038 1943 3623
3061 1846 3235 1409
271 4013 626 3601
2838 4589 3195 4258
3633 1124 3836 886
3953 2083 4165 1615
1657 4711 1697 4485
3781 4908 3811 4563
2069 2053 2266 1929
766 3227 830 2942
2557 4569 2926 4436
2149 4621 2516 4384
4451 3498 4572 3413
4044 331 4514 132
3999 1257 4355 910
1146 878 1225 784
2614 3949 2938 3478
293 1187 395 1030
1200 3131 1524 2925
212 3448 695 3234
950 1316 954 994
1022 4967 1347 4730
2476 1049 2845 637
588 4115 969 4075
4621 4154 4830 3966
3192 3236 3249 3038
1390 3177 1519 2717
1052 3864 1453 3535
3451 3321 3871 3297
1879 1574 2192 1396
4660 2638 4675 2256
261 4426 552 4289
232 4722 633 4474
1584 4538 2076 4319
4228 805 4488 736
1502 4621 1664 4313
1207 319 1497 48
546 1644 839 1428
1300 2401 1502 2014
2115 1207 2549 871
370 1032 581 849
1740 221 1854 190
4489 4548 4646 4495
2826 838 2922 651
971 1345 1194 1106
2897 2988 3072 2544
2861 4467 3082 4185
4271 2889 4287 2571
4209 990 4384 555
457 2744 531 2245
885 1824 891 1341
4318 4108 4330 3783
2722 1499 2863 1355
2982 4695 3417 4208
3491 694 3760 249
1133 260 1439 96
3761 3405 4081 2922
83 3835 239 3669
3797 4457 4050 4018
1742 161 1906 8
3885 1568 4008 1299
838 3576 981 3286
1832 1636 2038 1428
111 4396 581 4223
2745 3266 2872 2813
232 2486 719 2040
2445 4445 2686 4042
2768 827 2969 598
3777 3225 4057 2790
3224 3245 3426 3137
4590 4280 4787 3819
3154 1585 3394 1135
2 1357 485 1327
1142 982 1565 707
3191 4881 3609 4694
514 4289 982 3830
4609 2688 4832 2386
4135 3577 4244 3422
1425 4530 1526 4444
3936 2969 4055 2694
4553 2981 4736 2960
3985 2232 4414 2002
2683 3727 2994 3366
402 3755 902 3256
1344 1889 1534 1578
512 836 599 351
892 3281 1327 2910
3880 403 4249 119
362 1365 793 1037
2630 1589 3014 1104
1119 4907 1514 4450
439 1801 506 1434
736 4802 840 4344
2307 2485 2519 2096
427 3958 791 3847
1834 3193 2212 2905
2234 4969 2497 4894
492 4193 825 3773
3632 3398 3784 2982
4189 2772 4417 2407
484 3973 539 3491
683 4533 798 4198
915 2907 1311 2476
629 2658 1125 2159
4501 2007 4769 1860
1591 2018 1690 1632
25 2878 493 2513
2425 1924 2876 1770
3716 669 3923 546
3768 3364 4196 3184
3515 3191 3707 3176
2805 2568 3055 2484
2750 716 3151 250
1639 1577 2022 1492
2915 2925 3015 2762
4273 4026 4706 3994
3098 4878 3422 4612
935 2236 1132 1803
1583 3720 1610 3442
4793 4087 4918 4065
3273 2818 3621 2459
3091 3608 3229 3271
1806 2416 2236 2104
4549 2397 4747 2327
2033 457 2140 37
403 4103 886 3737
4126 1945 4328 1744
1053 1518 1529 1253
482 595 633 231
4400 2266 4615 1783
4095 269 4375 111
2354 174 2476 135
2978 1099 3092 796
4128 3647 4368 3300
492 1084 621 731
3314 3675 3413 3587
2513 1908 2620 1582
3930 514 4371 451
703 1834 889 1498
4067 4402 4166 4051
3802 4119 3994 3984
3405 4400 3720 4076
3102 3036 3489 2663
480 2966 629 2529
4771 418 4786 188
364 1913 713 1439
2096 4064 2464 3863
937 3935 994 3836
1205 1322 1611 1065
543 3261 896 3141
1266 2516 1460 2471
4673 4359 4948 4331
524 2530 1002 2461
4603 1125 4923 825
2248 1488 2563 1121
2466 2129 2807 2076
1540 435 1542 152
2685 2522 2717 2093
4819 4450 4824 4426
2027 718 2469 248
3194 3724 3298 3689
4785 1392 4992 897
3866 622 4057 592
2758 849 3056 667
1217 3923 1475 3573
2621 3015 2757 2893
1046 4440 1500 3954
4826 3932 4874 3854
2579 2465 2882 2459
541 2158 860 2008
2944 3708 3020 3461
777 1049 1107 858
2499 1405 2806 1286
2331 2226 2680 2163
1647 941 1960 921
3799 3731 4120 3388
1358 3338 1476 3264
3955 4361 4305 4243
4461 1512 4859 1496
2774 479 3139 381
793 524 843 258
79 4210 336 4110
1330 3168 1619 2738
2117 3165 2474 2871
4185 839 4596 553
903 643 1136 149
3173 1248 3651 942
1445 4904 1567 4595
4677 4009 4727 4003
2858 1734 3104 1591
3515 2655 3546 2351
3134 3815 3454 3786
4082 3927 4143 3553
3914 2333 4080 1931
2294 922 2573 849
3204 1933 3555 1511
3755 3059 4140 3028
4288 1727 4466 1661
1479 2387 1559 2015
1678 4452 2047 4233
3434 3434 3494 3174
2166 4853 2361 4436
2199 2534 2655 2051
1597 1846 1746 1819
19 4455 291 4242
4263 399 4623 102
1717 3547 2216 3403
3619 413 3795 254
1048 4921 1412 4810
674 2820 976 2386
2613 3868 2907 3568
4354 752 4831 685
2034 192 2167 63
1882 3770 2315 3441
2532 1159 2929 929
4122 3034 4147 2565
4696 626 4762 542
1073 1132 1416 835
4303 4157 4463 4029
3844 3462 4205 3002
3198 1987 3574 1618
3365 1122 3694 1054
4618 4773 4703 4323
641 2160 649 1832
2452 2668 2782 2619
3676 1796 3833 1739
3625 1818 3747 1758
1970 940 2194 466
2914 3561 3291 3417
3718 2876 3920 2770
4683 4888 4877 4435
3465 2080 3626 1877
3409 3245 3773 3024
824 1309 985 874
1619 737 1685 533
4450 2740 4772 2300
4396 4731 4745 4382
3788 3172 3847 2899
3091 4157 3368 4141
4172 939 4537 534
697 3547 1023 3308
1735 3575 2171 3227
1006 3653 1478 3417
3135 1825 3140 1714
768 3504 945 3254
4639 532 4666 300
1387 469 1573 270
3707 3464 3822 3147
2226 4748 2604 4698
3749 1348 4146 1290
3535 1351 3694 977
908 3101 1083 2712
1852 3541 1999 3405
1393 3285 1581 3090
3687 4444 4093 4356
2717 2000 3061 1989
3929 1121 4312 718
3165 4411 3319 4296
1229 406 1363 121
4374 1482 4857 1300
812 3659 1303 3405
2678 1009 3034 515
1854 4962 2224 4883
1785 4113 2101 3759
1426 3927 1465 3722
3019 377 3144 372
1697 1928 1823 1493
4311 4511 4685 4385
2864 1870 3004 1577
2442 1966 2569 1885
857 1753 1332 1451
3720 4845 4006 4659
4048 1061 4052 911
2982 1762 3355 1437
2725 4443 3199 4150
1697 4606 1786 4460
2512 2765 2538 2274
4493 2440 4618 2034
2109 4464 2147 4304
