100 16
85
53
74
80
66
72
62
73
78
21
23
23
38
74
65
54
41
61
64
40
35
48
87
15
86
74
23
37
85
63
30
60
75
18
80
87
12
24
9
22
17
62
55
19
13
54
70
84
66
55
27
21
43
61
73
58
59
15
40
86
43
26
19
10
76
69
29
61
14
44
43
21
30
1
58
21
41
84
40
9
72
57
12
67
79
56
36
58
73
7
82
89
49
1
23
29
28
29
78
54
2
6
3
2
1
3
5
2
4
3
5
5
1
4
4
3
6
1
6
3
2
6
4
2
6
1
3
5
5
5
2
6
1
2
4
2
2
3
4
5
6
3
1
4
3
2
1
3
3
1
2
3
4
4
2
6
6
5
5
4
4
6
5
2
1
1
1
3
6
1
2
5
1
5
2
3
4
1
3
3
6
2
5
1
1
6
1
4
4
5
1
1
6
4
4
1
3
4
1
1
