100 20
22
50
26
66
75
3
81
43
74
31
23
4
76
4
72
58
68
45
14
42
9
67
84
64
16
44
70
56
37
45
80
67
81
65
37
23
37
35
49
59
68
23
86
36
35
25
3
38
49
64
64
46
31
57
25
45
13
15
62
11
69
64
69
85
78
22
45
70
16
77
46
52
69
7
52
45
73
84
25
68
72
79
65
37
63
81
25
24
23
88
33
16
72
25
16
31
15
79
55
56
6
4
4
5
5
4
6
1
2
3
6
3
2
6
3
5
3
6
3
3
4
6
3
1
5
2
2
5
3
3
4
3
4
4
6
2
4
6
6
2
6
5
5
3
2
4
1
5
2
5
4
3
5
5
3
4
3
5
6
3
4
5
6
3
2
2
6
1
3
3
4
5
1
4
6
6
6
2
3
3
1
2
2
4
4
1
5
5
4
2
1
2
6
1
1
4
5
5
6
6
