100 17
57
29
72
9
76
87
48
5
42
83
26
19
37
76
29
75
78
26
50
49
31
80
48
45
15
85
90
26
63
88
11
18
75
1
36
48
55
84
72
85
83
13
19
77
84
35
7
12
20
47
29
61
26
72
12
81
49
10
4
11
37
74
90
69
19
13
83
64
8
71
5
53
84
22
17
81
68
18
71
56
90
28
72
17
36
31
79
13
59
77
54
87
87
89
90
68
11
34
36
73
1
2
4
1
5
6
4
4
6
1
6
5
4
3
4
2
2
4
6
2
6
1
6
4
1
1
4
1
1
5
3
2
6
5
3
4
6
2
2
3
4
1
6
6
2
6
5
5
5
1
4
4
3
5
6
5
4
3
3
2
4
2
5
1
5
6
5
5
6
5
1
2
1
3
4
4
5
5
6
1
5
2
1
1
5
3
1
5
5
3
6
5
4
6
6
2
4
5
6
3
