50 50 20
1 3 1 3 1 1 1 2 4 4 2 2 1 2 4 2 2 2 2 3 2 4 1 4 4 4 3 3 2 4 3 3 3 4 4 2 3 3 4 4 4 2 4 4 4 3 1 3 4 2
4 3 2 2 4 4 2 2 2 3 4 4 2 2 3 4 3 2 3 4 4 4 4 2 1 3 2 2 3 4 1 4 4 4 3 3 2 2 3 4 1 1 4 2 2 4 2 3 3 1
4 1 2 4 3 4 1 2 2 1 4 2 3 2 4 1 1 1 1 3 1 4 2 1 2 2 4 2 4 3 4 1 1 1 1 1 3 4 2 3 4 2 2 3 1 1 2 4 4 2
4 1 2 1 4 4 2 3 1 4 2 4 1 3 2 2 4 1 4 3 1 3 3 1 1 4 1 4 2 4 4 2 4 3 1 2 4 4 1 3 3 4 2 3 2 2 4 3 3 4
2 4 4 3 2 3 3 2 4 1 3 4 3 2 3 2 1 3 1 1 1 1 1 1 1 1 1 2 2 3 1 3 4 3 3 1 4 1 1 3 1 1 3 1 4 4 1 1 4 4
2 2 1 3 4 4 1 3 3 1 2 4 1 1 3 2 2 1 1 2 4 3 1 3 3 2 2 2 3 4 1 3 2 1 2 4 3 4 4 1 3 1 3 1 4 2 1 2 1 3
1 3 2 1 2 1 4 2 4 4 3 4 3 1 3 3 4 4 1 3 2 1 1 3 2 2 4 4 2 2 3 3 4 1 1 3 2 2 4 3 1 3 2 4 3 4 4 4 1 2
4 2 1 3 1 3 3 1 3 1 4 2 4 4 2 2 3 3 2 3 2 3 1 1 4 4 1 4 1 3 3 4 3 4 3 4 2 2 3 3 2 2 1 3 4 2 1 4 4 3
3 2 1 3 2 4 4 4 4 4 1 2 4 3 4 1 4 2 2 1 1 3 4 1 1 2 1 2 3 4 1 3 1 3 3 4 2 4 3 4 2 2 2 1 2 3 2 3 2 3
3 1 3 1 2 4 2 3 2 4 1 3 3 1 1 1 2 4 1 1 4 3 1 2 4 2 4 2 4 1 4 1 1 1 1 4 4 2 4 4 2 2 3 1 4 2 1 1 1 1
4 1 3 4 3 2 1 1 2 3 4 2 3 2 4 3 4 4 3 2 4 4 1 4 4 4 4 1 4 4 1 1 3 4 3 3 1 2 1 3 2 4 3 3 1 4 2 2 2 3
1 4 3 3 2 2 2 4 2 3 4 4 4 2 1 2 2 1 3 4 3 2 4 1 3 3 4 2 4 1 3 1 4 3 3 3 4 4 3 3 3 4 4 4 2 4 4 3 4 2
3 2 2 3 4 2 3 1 4 1 4 1 1 1 2 3 1 2 3 2 3 2 1 3 4 1 4 3 4 4 1 3 1 3 4 1 4 2 2 1 3 4 1 3 2 2 3 3 3 2
1 1 3 2 1 3 3 4 2 4 2 2 3 4 2 1 1 3 3 1 3 1 2 4 2 3 3 2 2 1 2 1 2 2 4 1 4 3 2 2 4 1 2 4 1 3 3 2 1 4
3 2 4 4 4 2 2 2 3 3 1 1 4 4 3 3 4 2 4 4 1 2 4 2 4 3 2 3 3 3 1 4 3 4 3 1 1 2 1 4 4 1 3 3 2 4 3 2 4 4
2 2 4 2 3 2 4 2 4 4 2 4 4 3 4 3 1 4 1 2 1 2 3 3 2 1 2 2 2 1 1 4 3 3 4 1 3 3 1 4 4 3 4 1 2 4 2 4 2 4
1 3 3 3 2 4 4 2 2 1 2 3 2 3 3 2 2 2 4 4 3 4 2 4 3 4 3 1 4 1 3 4 2 2 4 4 1 1 3 3 3 3 4 1 1 1 4 3 3 2
3 2 1 1 2 3 3 4 1 3 2 1 1 1 3 3 3 1 4 3 1 3 1 4 1 3 3 3 1 2 2 1 3 1 3 3 1 2 3 3 1 4 4 1 2 3 1 1 2 4
4 1 1 4 2 3 2 4 4 4 2 2 4 2 3 1 4 2 4 2 1 2 2 3 2 3 4 1 1 4 2 4 1 2 4 3 1 3 4 1 3 1 1 1 4 3 1 3 1 4
4 3 3 4 4 3 2 1 2 4 4 3 4 3 4 1 4 4 1 1 4 1 1 3 1 4 1 2 4 1 2 4 4 4 1 4 3 4 1 2 1 1 4 1 1 3 4 2 4 4
3 3 1 3 2 1 2 2 3 4 2 4 2 1 1 3 2 1 1 2 2 4 2 2 1 4 4 3 2 3 1 1 3 2 2 3 3 2 4 2 4 2 2 1 4 2 2 3 4 4
2 1 3 3 4 4 4 1 3 4 1 3 1 1 1 1 3 4 1 1 2 4 2 2 4 4 3 1 3 3 1 1 1 4 3 4 2 2 2 4 4 3 4 4 3 2 3 2 3 3
3 3 1 3 1 1 4 2 2 3 3 3 1 2 3 1 4 4 4 1 4 1 2 4 2 4 2 1 2 1 1 3 3 4 1 1 1 2 4 3 2 1 2 2 2 3 1 3 1 2
1 2 4 2 4 3 4 1 4 1 2 2 1 3 2 2 1 2 2 3 1 3 1 1 3 4 3 3 1 2 3 1 2 4 2 1 2 4 4 4 4 3 3 4 4 1 3 3 4 2
3 1 2 2 1 3 3 1 1 1 4 3 2 3 4 3 2 2 2 3 3 2 3 3 2 4 3 1 4 4 2 2 1 4 4 3 2 2 1 4 1 3 1 2 4 1 4 3 1 4
1 3 1 1 3 4 3 1 1 4 3 2 1 1 3 2 4 3 1 1 1 4 2 4 4 4 3 2 3 1 4 4 2 4 4 2 3 1 3 2 3 4 2 3 3 1 4 1 4 3
1 1 2 2 3 4 2 1 4 4 1 1 3 3 4 2 1 1 3 1 2 1 3 1 3 3 1 1 2 2 2 4 1 1 2 3 4 1 1 2 2 3 2 3 4 2 2 1 3 2
2 1 2 3 2 2 2 3 4 1 4 4 3 3 3 3 2 1 4 1 3 2 2 4 1 4 1 4 2 3 2 1 1 3 1 2 1 1 4 2 3 4 4 4 3 2 2 4 4 2
2 3 4 4 1 3 3 3 2 1 3 3 1 2 3 2 3 2 2 2 3 4 4 2 2 1 1 3 3 3 1 3 4 2 4 1 4 2 1 3 2 2 3 4 1 4 3 2 1 3
2 1 2 2 4 4 3 1 2 1 3 4 3 3 4 2 4 1 3 4 3 3 2 3 2 4 1 1 1 3 2 2 1 3 1 1 1 3 4 2 3 4 3 3 1 3 4 3 2 2
3 2 2 1 1 3 1 4 4 1 3 4 4 4 1 3 2 4 3 3 3 1 3 1 1 2 3 2 1 3 1 2 1 3 2 4 4 2 4 1 3 1 2 2 4 2 4 1 1 4
3 2 2 1 3 2 1 2 3 3 3 1 3 3 2 1 4 4 3 3 3 2 1 1 2 3 3 2 3 2 3 3 4 4 4 1 2 1 3 3 2 2 4 2 1 2 1 2 4 1
2 2 4 1 1 3 4 3 3 4 1 4 2 4 1 3 2 4 3 2 2 4 1 4 3 2 1 4 3 4 2 4 3 3 4 1 3 4 2 2 1 1 4 1 3 4 4 3 3 4
2 4 1 2 4 3 2 3 3 4 3 3 2 3 2 3 3 2 4 4 1 3 4 2 2 3 2 3 4 1 3 1 1 1 2 4 2 4 4 1 2 1 2 2 1 2 4 1 4 4
2 2 2 2 3 4 4 1 4 2 4 1 3 3 2 2 1 3 4 2 3 1 3 3 1 3 1 3 2 1 4 4 1 2 3 3 2 1 2 4 1 4 3 3 4 4 2 2 2 3
1 3 2 1 2 2 3 1 1 3 4 2 1 4 3 2 3 4 1 3 4 3 1 4 3 4 2 2 4 1 3 4 4 4 3 4 4 4 2 3 1 3 2 4 3 2 4 4 1 1
4 2 3 4 3 3 1 4 3 2 4 4 2 4 4 3 4 4 3 4 2 4 2 3 2 3 4 2 3 3 4 3 1 3 4 3 4 1 3 2 3 4 3 1 4 2 3 2 4 3
4 4 3 4 3 2 1 3 3 1 3 3 1 2 2 3 3 3 3 2 1 2 3 4 4 3 4 1 2 3 2 1 4 2 1 3 3 1 1 1 3 2 3 2 1 3 1 1 2 1
3 1 2 4 3 4 2 4 4 1 2 4 2 3 3 1 4 1 4 2 1 1 1 3 2 4 1 4 3 3 2 2 4 1 3 1 3 1 4 3 2 2 1 4 4 1 1 2 2 3
4 3 2 3 1 4 2 2 2 3 2 3 2 4 1 1 2 2 2 1 2 2 4 4 1 4 3 1 3 4 3 1 2 2 1 3 1 4 2 4 2 3 1 4 1 3 2 1 4 2
4 1 4 2 2 3 1 1 2 4 1 1 4 3 1 3 2 2 2 1 2 1 2 1 1 4 2 4 4 3 3 1 1 4 1 3 4 1 4 1 3 2 1 3 1 1 3 1 3 2
1 4 4 1 2 2 4 3 1 4 1 2 2 2 4 1 1 1 1 1 4 4 3 2 1 3 4 3 4 3 4 3 3 2 4 4 3 3 2 4 4 4 2 3 4 3 4 2 4 2
2 4 4 2 2 1 2 2 1 1 1 1 4 3 4 4 2 2 4 2 4 3 2 4 3 4 3 2 2 1 4 2 3 3 2 2 1 1 2 3 1 4 4 2 4 4 3 2 4 1
1 3 2 2 1 2 4 2 2 4 4 4 2 3 4 3 1 2 2 4 4 3 1 4 3 3 4 4 1 1 2 4 4 2 2 3 1 3 3 1 2 1 3 2 4 1 3 3 1 4
4 3 1 3 3 1 4 1 3 3 3 1 1 1 2 4 3 2 3 1 3 1 2 4 2 3 1 4 2 3 4 2 3 1 4 1 4 2 1 4 3 1 3 2 1 2 1 3 4 1
2 3 3 1 3 4 3 4 2 1 2 1 1 2 1 3 2 4 3 2 4 1 3 2 2 3 3 2 4 3 3 1 4 4 3 3 3 3 4 3 2 2 3 1 2 3 3 2 1 3
1 1 4 2 1 1 1 3 3 2 1 3 3 4 4 2 4 3 3 4 4 4 4 3 2 3 3 2 1 3 4 1 4 3 1 2 3 3 4 4 2 2 1 2 1 3 3 2 1 1
4 1 2 4 4 4 4 2 2 1 3 2 4 2 3 3 2 3 3 3 3 4 4 1 4 3 2 3 4 3 4 1 4 1 3 4 2 2 1 3 1 1 1 1 4 3 2 3 3 4
1 4 4 2 2 1 2 2 4 3 2 3 1 3 2 3 3 4 3 3 1 3 2 4 4 4 4 2 1 4 1 3 2 2 1 4 4 2 3 1 3 4 4 3 2 1 2 2 3 4
4 1 1 3 4 4 2 1 4 4 3 2 4 4 2 3 3 3 4 4 1 4 4 2 1 4 2 1 2 1 4 2 2 2 1 3 4 1 2 3 3 3 3 3 3 3 1 4 2 1
18 45
17 43
14 16
38 7
2 12
4 25
21 6
45 45
19 41
37 13
37 3
6 5
41 46
42 38
10 3
39 30
38 2
4 2
50 3
50 26
