20 20 9
1 1 3 3 4 4 4 2 2 1 2 1 3 3 2 1 2 1 4 1
2 2 1 3 4 3 4 3 4 2 1 4 1 2 2 1 1 2 1 3
1 3 3 2 2 1 1 3 3 3 4 4 4 3 3 1 2 2 3 3
2 2 3 1 1 4 3 3 4 1 4 3 3 2 1 1 2 1 3 2
4 1 3 1 1 4 1 4 4 3 4 3 3 4 2 2 4 1 1 3
2 2 1 1 4 4 1 1 1 4 3 3 4 3 3 2 3 1 2 2
4 4 3 3 2 4 1 4 1 4 2 2 3 2 3 4 1 2 4 4
4 1 4 1 4 2 3 3 4 4 4 1 3 4 2 3 3 2 4 4
3 2 3 3 3 2 2 1 2 2 4 4 4 4 4 1 2 3 2 2
4 3 2 1 2 3 1 3 3 3 4 3 1 3 2 3 4 2 3 1
1 1 2 2 3 1 2 1 4 4 1 2 1 4 1 4 2 4 2 1
1 4 2 3 3 3 1 1 3 2 3 1 1 2 4 2 3 4 4 4
1 2 3 4 4 3 1 2 4 3 2 3 4 4 3 2 2 4 1 2
1 3 1 2 1 3 2 4 4 4 3 4 4 4 4 2 4 2 4 4
3 2 2 2 4 3 4 2 4 4 1 2 3 1 2 3 3 2 4 1
3 2 4 3 2 3 1 2 3 3 4 1 4 1 1 4 3 2 1 4
4 1 1 3 4 3 4 4 2 3 2 3 2 1 1 3 2 2 4 2
2 2 2 2 3 3 3 2 3 4 1 4 2 2 2 4 4 2 4 4
1 4 1 4 3 4 4 2 1 4 1 2 1 3 4 3 3 3 1 2
1 4 3 4 3 3 3 4 2 4 1 2 2 4 2 2 3 1 1 1
1 5
3 20
20 19
19 1
5 18
17 20
3 19
20 4
16 3
