20 20 20
3 3 2 1 4 4 2 4 4 1 3 4 1 4 2 4 2 3 2 3
2 3 2 2 4 4 4 3 4 4 3 4 4 1 4 2 2 2 2 2
2 3 1 1 1 2 1 4 3 4 1 1 1 1 4 4 4 3 4 2
1 3 4 4 3 4 2 1 2 1 4 4 2 4 1 2 1 4 2 1
2 3 4 3 3 2 2 2 3 2 2 2 4 3 3 4 1 1 2 3
1 2 4 4 4 2 4 3 3 1 1 3 1 2 1 4 1 4 2 2
3 2 3 2 3 2 4 3 3 1 3 1 4 3 2 4 3 2 3 1
4 1 1 1 4 2 1 1 1 2 2 4 1 4 1 1 1 4 3 4
2 2 1 4 1 4 4 4 1 1 1 2 1 1 2 3 3 4 4 4
2 3 3 3 1 3 1 3 1 3 2 3 4 3 1 2 1 4 2 4
1 4 1 1 3 4 4 3 1 4 3 2 4 2 1 1 4 3 1 3
3 1 1 2 1 3 2 2 1 2 2 3 1 3 1 1 2 3 1 4
2 1 4 4 3 1 3 3 3 3 2 2 4 1 2 1 4 2 1 3
3 2 4 3 1 3 2 4 3 4 3 4 1 4 2 1 1 3 4 1
2 2 2 4 3 3 2 3 2 1 1 3 3 4 3 3 1 2 4 4
4 2 2 3 1 3 2 2 4 1 2 3 1 4 2 3 1 1 3 2
3 2 1 1 1 4 1 4 2 2 3 1 2 4 4 3 4 1 1 1
1 4 3 2 1 2 2 4 2 1 1 1 3 4 4 3 2 3 1 4
4 3 1 4 4 2 3 2 1 2 2 3 2 3 1 3 2 1 1 4
4 3 4 1 4 2 2 2 4 3 3 4 2 4 3 2 3 3 4 3
20 16
15 3
15 3
19 1
15 15
16 5
18 3
17 15
15 5
16 17
3 15
5 20
20 18
3 5
17 16
1 3
1 17
16 18
17 3
15 19
