30 30 20
4 4 2 3 2 3 1 1 1 2 1 3 2 2 2 1 2 4 4 3 3 4 3 3 4 2 1 4 1 3
3 2 2 3 2 1 3 1 3 4 2 4 4 3 2 2 3 4 1 2 4 1 2 4 4 4 3 2 1 2
4 3 2 3 2 4 4 4 2 3 2 3 2 1 4 3 3 2 4 3 3 4 3 2 4 3 3 3 4 4
4 4 3 2 2 3 2 1 1 3 4 3 4 4 2 3 4 2 4 4 4 2 1 2 4 1 4 3 3 2
1 2 4 1 4 1 3 1 2 1 1 3 3 3 3 3 3 2 3 1 4 2 1 2 4 2 4 1 1 3
1 4 1 4 3 4 4 4 2 3 4 3 1 2 3 4 2 3 4 4 1 2 1 1 3 3 1 4 3 3
3 1 1 4 2 2 1 1 1 1 4 1 3 1 1 4 4 3 4 1 1 3 3 3 2 4 4 3 1 3
4 1 3 2 2 3 2 2 2 1 3 4 4 4 1 1 1 2 3 2 3 2 2 3 2 2 3 2 4 1
4 1 1 1 1 1 1 1 2 1 4 3 1 2 2 3 3 3 1 4 1 3 3 4 3 3 2 3 2 4
4 1 3 3 4 4 3 1 1 4 3 2 3 4 1 2 4 2 1 3 1 4 2 2 1 1 4 3 3 1
4 1 2 3 3 1 1 4 1 4 4 1 1 3 1 4 2 4 1 2 1 4 1 2 4 2 1 3 1 4
3 1 3 3 1 4 1 4 2 2 2 4 2 4 1 4 3 1 3 2 1 3 2 4 3 2 4 4 2 3
1 3 3 4 2 3 2 4 1 1 4 4 1 2 2 4 1 1 4 2 2 4 2 4 4 3 4 4 4 3
1 2 2 3 4 2 1 4 2 1 2 3 1 1 2 3 3 3 3 1 3 1 2 1 2 2 1 3 3 3
4 3 2 3 3 4 2 2 3 1 4 4 4 4 2 1 4 1 3 2 1 2 4 2 2 2 4 2 4 3
2 1 1 3 3 1 1 1 3 3 2 4 2 3 3 1 3 2 3 3 1 4 3 2 2 1 1 3 4 2
1 1 4 1 1 4 2 4 4 1 3 1 3 2 2 1 3 2 1 2 1 2 3 1 3 2 2 1 4 2
4 3 4 3 1 1 4 2 3 3 2 3 2 4 1 4 1 2 4 3 4 4 2 3 2 3 3 2 4 2
4 4 2 1 1 1 1 2 2 4 2 3 1 2 3 1 2 1 2 3 4 4 1 4 1 1 3 4 1 2
2 3 3 3 3 1 2 4 4 4 3 1 3 1 2 2 4 1 4 2 2 4 3 3 3 3 4 3 2 4
2 2 3 1 2 3 3 2 2 2 4 2 1 3 1 4 1 2 4 1 2 3 2 3 4 3 3 4 4 4
1 2 4 2 4 4 2 3 2 4 4 4 4 2 2 2 1 3 1 1 4 1 4 4 4 4 4 2 2 3
3 4 2 3 1 1 4 2 4 4 2 2 4 2 2 3 3 2 1 4 4 2 1 3 1 4 3 2 3 1
2 4 4 3 2 3 3 4 1 2 2 1 1 4 4 1 4 1 2 2 3 4 2 4 2 2 2 4 2 1
4 3 2 3 4 1 2 3 2 4 1 2 2 3 4 3 4 1 2 4 3 2 1 1 4 3 2 2 3 2
3 4 1 4 4 3 1 2 3 3 1 2 2 3 3 3 1 4 2 4 2 2 3 3 3 2 1 2 3 3
3 1 3 4 3 2 2 3 1 4 2 4 1 2 2 4 3 3 1 4 1 2 4 2 4 1 2 1 1 4
2 1 3 3 2 3 1 3 3 1 4 1 3 1 4 3 1 1 2 4 2 4 3 3 3 1 4 1 4 4
1 1 4 2 3 3 2 3 4 3 1 1 3 3 4 3 1 3 3 4 4 1 3 3 4 3 2 4 3 1
4 1 3 3 1 1 2 3 1 1 4 4 3 1 2 3 4 1 2 2 3 3 3 3 2 1 4 2 3 3
29 2
2 7
10 26
25 25
4 21
21 22
8 21
4 26
24 4
10 23
8 28
28 9
20 10
10 7
2 7
3 8
26 4
29 29
5 21
24 21
