100 100 20
3 2 4 4 4 2 3 4 3 2 3 4 4 2 2 3 2 2 4 4 1 4 4 2 3 3 1 4 4 3 2 3 3 2 2 4 3 3 3 2 3 4 4 2 1 2 2 4 2 1 2 3 4 1 1 4 4 1 3 1 4 4 3 1 3 1 1 1 2 3 4 4 2 1 2 2 2 3 3 1 3 4 2 2 1 1 1 3 1 1 4 1 3 4 4 3 3 2 1 4
3 1 1 2 3 4 2 3 2 1 4 3 2 1 2 3 1 3 1 2 4 4 1 2 3 1 1 3 2 3 2 4 4 3 1 3 3 1 4 4 1 4 2 2 1 4 3 3 4 4 2 3 1 1 2 3 1 2 1 1 1 2 3 4 3 4 4 3 3 2 4 2 3 2 2 2 1 1 2 4 3 4 1 2 3 1 4 3 2 3 4 4 4 2 1 2 4 1 3 3
3 4 1 3 4 4 3 2 1 4 1 2 1 4 1 1 4 2 4 2 2 2 3 2 2 1 2 1 2 1 3 3 3 3 3 4 4 3 3 1 1 3 3 2 3 2 1 1 3 2 1 2 4 3 1 2 3 4 1 4 4 1 1 1 4 2 2 4 2 3 2 2 4 1 1 3 1 1 3 3 4 3 2 4 1 3 2 4 2 4 3 3 4 4 4 3 2 4 2 1
2 3 2 1 3 1 1 1 4 3 1 3 2 2 4 2 4 1 4 2 2 1 3 2 4 4 1 4 2 4 3 2 4 3 3 1 3 1 4 4 3 4 4 4 1 2 2 4 4 4 3 2 1 4 2 4 2 4 2 3 1 1 1 1 4 3 4 2 1 4 2 1 4 3 2 4 1 4 1 1 1 4 3 3 3 2 4 3 2 3 4 3 2 2 3 1 3 3 3 4
2 4 4 2 4 4 3 2 4 2 1 4 2 2 2 4 3 1 1 3 2 4 3 1 1 4 2 4 2 4 4 1 2 3 3 3 1 4 4 2 1 4 2 4 1 2 2 1 4 4 3 1 2 2 2 3 3 4 2 1 4 1 1 1 2 4 4 4 1 4 3 4 2 1 2 2 4 2 4 1 1 1 2 4 2 1 4 1 2 1 2 3 3 2 3 2 1 4 1 3
4 4 4 2 2 3 2 1 3 4 3 2 4 2 1 2 2 4 3 1 4 4 3 4 3 1 4 4 3 3 2 1 3 1 1 2 2 1 4 3 2 3 1 1 2 1 1 3 4 1 3 2 2 4 3 4 3 1 4 4 1 3 1 4 1 4 4 3 2 4 3 1 4 1 4 4 1 1 4 4 1 1 1 4 3 3 4 4 4 3 2 3 3 2 1 3 4 4 4 4
3 4 2 4 4 2 2 1 2 3 4 2 4 3 1 4 1 3 2 4 4 4 1 3 3 3 4 3 3 4 4 4 2 2 3 4 2 4 2 3 1 4 3 4 3 3 2 3 4 1 4 3 2 3 3 2 4 2 1 3 1 4 2 2 3 4 1 4 4 1 3 4 4 1 1 1 1 4 1 1 3 1 4 4 1 1 1 2 3 1 1 1 4 2 1 1 3 3 1 4
2 3 2 3 2 1 2 3 2 4 3 3 1 1 3 3 4 4 4 4 1 3 1 3 3 4 2 3 1 3 1 4 4 2 2 1 2 2 3 4 3 1 4 4 2 2 3 4 2 1 2 1 2 2 2 1 3 1 2 1 2 2 2 3 2 2 1 2 1 1 4 2 1 1 1 2 3 1 2 3 2 4 1 3 1 2 4 1 3 3 4 4 2 2 2 3 4 2 1 2
1 4 2 4 1 2 4 2 3 1 2 1 2 3 3 2 2 1 2 4 3 1 2 4 2 2 1 3 2 1 3 3 2 2 4 2 3 1 3 4 3 3 2 1 3 4 1 4 2 4 4 1 3 4 4 1 3 1 4 2 4 2 1 4 3 4 2 1 1 1 3 2 3 2 2 2 1 1 3 2 1 4 4 4 4 1 3 1 2 2 2 4 2 1 4 4 2 3 4 2
3 2 2 4 4 3 1 2 2 1 1 1 2 4 3 2 1 3 3 2 4 1 1 4 3 4 3 1 1 4 4 3 3 4 1 2 3 2 1 4 4 1 3 4 3 2 3 1 2 4 4 2 2 1 2 2 2 4 2 1 4 2 4 4 2 1 3 2 3 1 2 2 3 2 2 1 2 1 3 2 3 3 3 3 2 1 4 3 1 2 1 2 4 4 3 2 2 3 2 2
2 1 3 2 4 3 4 3 4 2 3 3 3 4 4 3 1 3 1 1 1 3 1 2 3 2 1 2 4 3 4 3 4 2 3 2 2 3 2 3 1 3 1 1 1 4 3 4 4 3 3 3 1 3 4 1 3 4 3 1 2 4 3 1 2 3 3 2 3 3 2 3 3 2 1 3 1 1 2 1 4 4 1 3 4 3 1 3 4 3 2 2 2 1 2 3 2 4 4 3
4 1 2 3 2 1 4 2 1 3 3 4 4 3 4 4 2 2 3 1 1 3 3 3 4 3 1 1 1 4 4 1 1 2 1 3 3 2 1 2 1 1 2 3 1 2 3 1 3 3 3 1 3 4 3 3 1 2 1 2 3 1 3 2 2 4 2 1 2 3 1 3 4 1 1 2 4 2 1 3 1 4 3 3 2 2 2 4 4 1 3 1 1 2 4 3 1 4 3 4
4 4 3 4 1 2 4 3 3 3 4 3 2 1 4 4 3 4 1 2 4 1 3 4 3 1 3 4 3 1 4 3 2 2 3 3 1 3 2 3 2 4 3 3 2 3 3 4 4 1 2 1 3 3 1 3 2 4 3 2 2 3 2 3 3 2 3 2 1 1 4 4 2 3 1 2 3 1 1 2 4 4 2 3 4 2 4 1 2 4 1 4 4 1 3 2 1 1 4 3
3 2 4 1 4 4 1 3 3 3 4 4 1 3 2 4 3 2 1 4 4 3 1 1 3 2 2 1 4 1 1 2 3 3 2 3 3 4 3 3 4 3 4 4 1 2 1 1 2 4 1 1 4 1 1 3 3 2 3 3 4 2 4 3 3 1 4 3 3 1 3 4 4 1 3 1 4 4 3 4 1 4 4 1 4 3 2 3 3 2 4 2 3 1 4 2 4 3 2 4
3 3 1 1 2 2 1 4 3 1 4 2 4 2 2 2 3 3 2 4 4 3 3 4 2 2 2 3 4 1 4 2 4 1 4 3 2 3 3 1 4 1 2 1 4 3 1 3 3 2 2 2 4 2 2 1 3 4 3 4 3 1 3 2 3 1 2 1 3 1 1 3 1 3 3 4 2 1 2 3 1 4 2 1 3 1 3 4 2 4 1 1 2 3 3 1 2 1 4 1
3 1 4 4 4 2 3 4 3 3 4 1 4 4 3 4 2 2 2 3 4 2 2 3 3 2 1 2 2 1 4 4 1 4 2 4 3 1 3 2 1 4 3 4 3 1 4 2 3 1 2 4 4 1 4 2 3 4 4 4 3 2 3 1 2 1 3 3 4 1 1 1 2 2 2 2 1 4 2 2 4 3 4 1 4 2 3 3 2 3 2 2 1 1 3 1 2 2 2 4
2 1 2 1 2 1 3 2 4 4 2 1 3 1 4 2 2 2 1 1 2 3 3 2 4 3 3 4 3 3 1 4 4 3 4 3 3 2 2 2 2 2 4 3 2 2 1 3 3 1 2 4 1 2 3 3 2 3 1 4 1 3 3 4 1 2 1 4 3 2 3 1 4 4 3 3 2 2 2 3 2 3 4 3 1 3 4 2 1 3 2 4 4 4 4 3 3 3 1 2
3 3 2 3 1 2 3 4 2 4 3 2 4 2 3 2 2 1 2 2 4 4 1 1 2 3 3 1 4 4 4 4 2 2 4 2 4 3 2 2 3 1 1 4 1 4 2 4 1 3 3 2 2 1 4 4 3 3 1 4 4 1 2 4 2 4 2 3 2 1 4 3 2 3 1 1 4 3 4 1 3 3 2 2 4 4 2 4 4 2 3 3 2 1 1 1 4 1 4 3
1 3 1 1 2 4 2 3 3 1 4 2 1 3 2 2 3 1 1 3 3 4 1 2 2 3 4 3 1 1 3 2 3 1 1 3 3 2 2 3 2 3 1 3 3 3 2 3 4 3 3 3 3 3 3 3 1 3 4 1 4 3 3 1 2 1 3 1 3 1 3 3 2 2 4 4 2 1 1 2 3 3 4 4 4 4 1 3 2 1 2 1 4 2 2 1 1 1 1 2
1 1 2 1 1 4 3 3 1 2 3 1 2 2 1 1 2 1 2 4 3 3 4 2 1 1 4 2 3 4 3 2 3 1 1 3 3 2 3 2 3 3 3 1 1 3 4 1 2 2 2 4 4 2 4 2 2 2 4 1 3 4 3 2 1 1 1 2 3 2 3 3 4 1 4 3 3 1 3 3 4 4 1 3 2 2 1 4 4 2 3 1 3 3 4 1 1 4 3 2
1 3 1 1 3 3 1 4 1 2 3 1 3 1 3 1 3 1 4 2 1 2 4 4 3 1 4 2 3 1 1 3 3 1 3 1 3 1 1 1 3 4 4 4 1 1 1 1 3 1 3 1 2 4 2 3 1 4 2 2 3 4 2 4 4 3 2 3 2 2 3 4 1 4 4 3 4 1 1 4 1 3 4 3 4 3 4 3 2 3 4 2 1 2 1 3 1 1 3 2
4 4 1 4 2 4 3 4 4 4 1 4 4 3 1 4 1 2 1 4 4 2 3 1 4 3 3 2 3 1 4 4 4 3 4 1 3 2 1 1 3 4 1 1 4 1 4 3 3 3 2 1 1 4 2 1 4 3 3 2 2 1 4 1 4 3 1 2 2 2 1 3 4 4 1 3 3 2 3 4 4 2 2 1 4 2 3 3 3 4 1 2 1 3 1 2 4 1 1 2
2 2 2 4 2 4 2 4 4 3 3 1 4 3 1 3 3 2 2 1 2 3 2 1 2 2 4 3 2 3 3 4 3 1 3 4 4 1 2 1 1 3 4 4 1 3 1 2 2 4 2 3 1 2 1 3 1 2 2 3 4 3 3 4 1 1 2 2 4 3 2 3 2 3 4 3 2 3 4 4 3 3 1 2 3 3 1 3 2 1 1 1 2 4 1 2 2 2 3 1
3 3 3 3 1 2 4 2 1 4 2 3 1 4 3 3 4 2 3 3 4 1 4 2 4 2 3 2 3 2 1 1 2 2 1 4 1 1 4 2 3 2 3 1 2 3 4 4 3 4 1 4 3 1 4 2 1 3 1 3 4 1 1 1 2 3 4 4 4 3 1 3 3 1 3 3 3 1 1 3 1 1 2 2 1 2 3 2 2 3 3 1 3 1 1 2 2 4 4 1
3 4 3 3 2 2 4 1 4 4 1 1 3 3 1 2 4 4 4 1 3 2 3 2 4 4 4 3 4 3 4 1 2 1 2 2 1 1 3 1 2 4 1 1 1 4 1 3 3 1 1 3 4 3 4 3 1 1 4 4 1 1 4 3 1 2 2 3 2 2 3 4 2 3 4 2 4 1 3 4 2 3 1 3 3 3 4 2 3 4 2 1 1 3 2 4 4 1 3 4
3 3 2 3 1 2 2 2 2 3 4 3 4 1 2 3 4 1 3 4 3 1 3 3 3 1 1 3 1 4 1 1 2 2 4 2 4 4 2 3 1 4 3 2 4 4 4 3 1 2 4 2 3 1 1 1 4 3 2 1 2 3 2 1 3 2 2 2 3 1 1 1 2 2 2 1 3 1 2 3 1 2 4 4 2 1 1 4 4 2 2 3 3 4 3 4 3 1 3 1
1 1 2 3 3 1 4 1 3 4 1 1 4 2 1 3 2 1 4 2 2 1 4 1 2 2 3 2 4 3 1 1 4 1 1 4 2 2 3 3 2 2 4 1 2 1 2 4 2 3 3 1 4 2 3 2 3 1 1 4 4 3 1 4 1 1 3 4 1 4 1 1 3 4 4 4 1 1 1 3 2 1 2 3 2 2 4 2 3 1 4 2 4 4 2 3 4 4 1 4
2 1 3 4 2 1 4 2 3 1 2 1 3 2 3 4 4 3 3 4 1 3 1 2 4 4 3 3 4 2 1 1 3 4 4 3 1 3 4 4 3 4 2 3 2 4 2 1 1 1 1 2 1 2 2 2 1 2 1 3 3 3 4 2 2 3 4 4 2 4 1 4 1 1 3 2 4 3 1 3 2 4 1 1 3 1 2 2 4 2 3 4 2 2 3 4 4 3 2 2
1 3 3 4 4 2 1 3 1 3 2 4 2 1 3 1 4 2 1 1 1 4 3 4 1 4 1 2 3 4 2 4 4 1 3 4 4 1 4 4 2 2 1 2 4 4 4 3 3 3 2 2 3 4 3 4 2 1 3 3 3 2 3 4 1 2 2 3 2 3 3 1 1 2 2 2 3 4 4 1 4 3 4 2 4 3 4 2 4 4 2 1 2 1 3 1 3 2 4 1
2 1 4 4 3 3 4 2 2 3 3 1 4 3 3 4 4 3 2 2 3 2 4 2 3 4 3 2 1 1 1 4 4 1 2 1 1 1 1 1 1 2 4 3 3 3 1 2 3 2 4 1 3 1 4 1 2 2 2 3 3 3 3 1 4 1 3 1 3 4 2 3 4 2 3 4 4 2 3 3 4 3 3 3 3 4 3 3 1 3 1 1 2 4 2 4 2 4 4 4
2 3 2 1 1 3 4 4 1 4 1 4 3 2 3 2 3 1 3 3 1 4 2 3 2 4 4 3 3 3 4 3 3 1 2 4 4 1 2 3 2 4 2 2 1 2 2 4 3 4 1 3 4 4 4 2 1 4 3 1 3 3 3 1 4 4 4 2 3 3 3 1 4 3 3 1 1 1 1 3 2 4 2 3 2 4 4 3 4 4 4 3 2 1 3 2 2 4 4 1
4 1 4 2 1 2 1 3 4 3 2 1 4 4 3 3 3 4 4 1 1 2 2 1 2 1 1 3 4 1 1 1 4 2 3 3 4 1 1 3 4 3 4 1 1 4 3 3 1 2 3 2 2 3 1 2 3 1 1 4 4 1 4 1 1 4 3 3 2 4 1 4 4 4 3 3 4 4 4 3 2 3 1 1 2 4 3 3 1 4 3 1 4 3 4 3 1 2 4 3
1 4 1 2 4 1 1 1 4 1 2 3 4 2 1 2 3 2 2 2 4 2 3 3 2 1 3 1 4 4 4 1 3 2 2 3 3 2 2 2 3 4 2 4 2 4 2 2 4 4 2 2 4 4 3 3 1 3 3 3 1 3 2 1 4 3 4 1 4 3 2 1 3 4 2 1 4 1 1 1 4 3 3 3 3 3 1 1 4 4 1 2 3 2 1 3 2 1 3 3
2 1 1 4 1 2 1 1 3 3 2 4 4 1 4 1 3 1 4 1 1 2 3 1 4 2 3 2 4 2 2 2 1 2 4 2 4 1 4 2 4 2 3 2 2 4 3 4 2 1 3 3 1 4 4 4 3 1 3 2 2 2 4 3 1 4 2 4 1 4 4 1 3 4 1 1 1 4 1 1 2 2 1 1 2 1 2 2 2 3 1 1 2 4 3 3 4 2 1 3
4 3 2 4 4 1 3 4 3 3 2 2 3 2 1 4 1 3 3 2 1 2 3 1 4 2 4 2 4 1 4 4 4 4 4 2 1 1 3 1 1 2 2 4 3 2 3 1 1 4 2 2 1 2 2 2 3 4 3 2 3 2 3 2 1 4 2 3 2 1 1 4 1 1 2 2 2 2 2 2 3 4 2 1 1 4 1 1 4 2 1 1 3 4 3 4 4 2 3 3
2 4 2 4 4 1 1 4 3 4 4 4 4 3 4 1 1 2 4 2 2 1 3 2 1 1 2 2 2 2 4 4 1 4 3 2 4 3 3 2 2 3 4 1 4 3 4 3 2 2 4 3 2 2 3 2 2 2 1 1 1 4 2 2 3 2 4 4 1 4 4 2 3 2 2 2 3 1 3 2 1 1 3 3 4 2 3 4 1 4 2 1 3 1 1 4 4 1 4 1
4 4 3 4 2 3 4 2 2 4 1 3 3 3 2 4 1 3 1 3 4 3 1 2 4 1 2 4 3 3 1 2 4 1 4 3 2 4 4 3 2 2 2 4 4 4 4 4 3 1 3 4 4 3 4 2 4 1 3 3 4 2 3 2 2 2 4 1 2 4 1 2 3 1 3 3 2 2 3 3 4 2 2 2 2 2 4 1 2 4 1 1 3 2 2 3 2 3 3 2
2 2 3 3 2 1 1 2 2 2 4 1 2 3 3 1 3 3 4 2 4 3 2 4 4 4 3 4 1 1 4 4 1 2 3 1 2 3 1 4 3 3 3 1 4 1 1 2 4 2 3 1 3 1 2 4 3 1 3 2 3 1 4 3 4 2 1 2 1 3 3 4 3 3 4 1 4 3 2 3 4 3 2 3 3 4 4 2 4 4 3 4 4 4 2 3 2 2 4 3
1 3 1 1 4 4 3 2 3 3 3 2 3 3 1 4 1 2 1 1 4 3 4 2 1 4 2 2 4 1 3 2 4 1 3 2 4 4 3 2 3 1 4 4 2 4 1 2 2 4 3 1 1 3 1 3 4 3 2 2 4 2 4 2 3 3 1 3 3 1 1 1 3 2 2 2 3 1 4 1 2 4 1 4 2 3 3 3 3 4 4 2 1 3 1 2 1 3 1 2
2 1 1 1 4 3 1 2 1 2 3 1 1 2 1 1 3 3 1 2 3 1 1 3 4 2 4 1 2 3 1 2 1 2 2 3 2 2 1 3 3 1 4 1 4 3 1 2 3 1 3 1 4 3 4 1 4 1 2 4 1 3 3 4 3 1 1 4 1 3 3 2 1 4 4 4 2 1 3 1 2 4 3 4 1 2 3 1 2 3 1 2 1 3 2 4 4 1 1 1
1 2 4 2 4 3 2 3 1 4 3 3 3 4 2 1 4 4 3 2 2 2 4 4 1 3 1 1 2 1 4 2 3 3 1 3 1 3 2 3 2 3 4 3 4 3 2 3 3 1 3 3 1 4 1 4 4 3 1 3 3 1 2 1 4 4 4 4 3 3 4 2 3 4 2 2 4 4 4 2 3 4 4 2 3 3 3 3 2 2 2 1 3 4 1 1 4 3 4 2
4 1 3 1 1 2 4 2 1 3 2 4 3 1 3 4 1 3 1 4 4 4 2 2 3 2 1 1 2 3 3 1 2 1 1 4 1 1 4 3 1 2 4 1 4 2 1 2 4 3 2 4 1 4 1 2 3 4 4 2 2 1 2 1 1 1 4 2 2 2 1 3 3 2 1 3 3 2 4 3 4 3 4 3 2 3 4 1 1 2 3 2 3 1 1 2 1 3 1 4
2 2 2 2 1 4 4 4 2 1 3 2 1 2 3 3 4 1 2 3 4 1 4 1 1 3 4 2 3 2 1 3 2 4 2 2 1 1 4 2 2 3 4 1 2 1 3 1 1 4 3 2 1 1 2 2 1 4 1 4 3 2 2 4 3 1 2 3 4 2 4 2 3 1 4 4 3 3 2 4 3 3 2 2 3 4 3 2 2 2 2 3 3 2 4 4 1 1 1 3
3 2 2 3 4 1 3 1 3 1 4 3 1 4 2 3 1 1 4 1 3 1 3 4 3 1 1 4 4 2 4 4 2 2 3 4 2 2 3 1 3 1 4 3 3 2 3 3 1 3 1 1 4 2 1 2 4 3 1 4 2 1 2 4 1 3 4 2 1 1 1 3 2 4 2 1 3 2 1 4 1 4 3 2 4 1 4 4 4 3 4 1 2 4 4 1 3 2 2 4
3 2 2 1 4 4 4 4 2 2 2 1 3 3 3 3 4 4 1 1 3 3 4 1 4 4 4 2 1 4 4 2 4 3 3 2 4 1 1 4 1 1 3 1 4 2 3 3 2 4 1 4 4 3 3 2 4 4 2 2 3 2 2 3 1 2 1 1 2 4 1 4 4 3 2 1 4 1 4 1 1 2 3 2 1 2 1 3 3 2 4 1 4 3 1 3 3 1 3 1
4 2 4 3 2 3 1 4 1 2 4 4 3 2 2 3 4 4 3 1 3 3 4 2 2 4 4 4 3 1 2 3 2 1 1 4 4 2 3 3 4 4 4 2 1 2 4 1 3 3 1 3 4 4 1 3 3 1 2 1 2 4 1 1 2 1 1 1 1 3 3 3 3 3 4 3 2 2 4 2 1 1 2 4 4 3 3 4 4 4 4 1 1 3 3 4 4 1 4 2
2 4 1 3 4 4 1 2 2 4 4 4 2 1 3 2 3 4 3 4 1 4 4 4 1 3 3 2 3 1 4 2 2 3 3 4 2 2 3 4 2 2 2 1 1 1 2 4 4 2 3 2 3 4 3 2 3 2 4 2 4 3 3 4 4 3 2 1 2 1 2 2 3 1 1 2 1 4 4 3 1 2 2 1 4 1 1 1 3 3 2 3 4 1 1 3 1 2 4 3
3 3 3 4 1 3 2 3 2 1 2 4 3 1 4 2 2 3 2 4 1 2 3 4 3 2 3 2 2 1 3 1 4 1 2 4 1 3 1 3 3 4 2 2 1 3 4 3 1 1 2 3 3 1 3 3 1 1 3 1 3 1 3 2 1 1 1 3 4 1 4 1 3 1 1 1 1 1 1 2 2 1 2 2 3 1 2 2 3 4 1 1 3 4 2 3 3 1 4 1
3 1 3 1 1 3 3 1 3 1 3 4 2 1 1 3 3 2 4 1 1 2 2 4 2 2 2 2 4 3 1 3 4 4 3 2 1 3 2 2 2 3 2 1 2 3 2 1 3 4 3 2 3 1 1 2 3 3 3 2 1 4 2 3 3 3 2 1 4 3 3 1 3 1 4 3 2 3 1 1 1 4 3 3 4 1 4 2 3 3 1 2 1 2 1 4 1 2 3 2
3 4 2 2 2 3 3 1 3 1 4 1 1 4 2 4 2 4 2 1 1 1 2 2 2 3 2 1 3 2 2 4 4 3 4 2 1 4 1 1 2 4 2 2 3 4 4 1 3 3 2 2 3 4 2 1 4 3 4 1 3 3 3 2 3 3 3 4 4 2 4 3 3 1 4 2 4 2 2 1 4 4 1 2 2 2 4 3 3 4 4 4 2 4 4 3 4 2 3 1
1 2 2 1 1 4 3 3 4 1 2 2 4 1 3 2 2 1 2 4 4 1 4 2 1 1 2 3 3 2 3 1 4 4 2 3 4 4 3 2 4 4 2 2 2 1 2 2 4 4 2 2 1 1 1 3 3 3 3 3 4 3 1 3 4 1 1 2 2 4 1 1 3 2 2 2 2 4 4 3 3 1 4 2 2 2 3 3 4 1 3 4 3 3 2 2 2 1 4 4
2 1 2 3 4 4 4 1 2 3 2 3 1 3 2 2 4 4 2 1 3 3 4 4 3 1 3 4 2 2 1 1 1 1 3 2 3 4 1 2 3 2 1 4 4 4 1 1 2 1 3 2 4 2 3 2 2 4 4 2 2 2 3 3 1 4 4 3 1 1 4 1 4 4 3 3 3 3 3 1 4 4 2 3 4 3 2 4 2 4 1 3 4 1 4 1 2 4 4 4
3 4 3 4 2 3 3 3 3 2 1 1 1 1 4 2 3 2 2 2 3 3 2 4 4 1 4 2 4 3 3 3 2 1 2 2 2 4 1 3 2 1 1 4 2 2 1 4 2 3 1 3 3 3 3 4 2 1 2 3 1 2 4 2 1 2 2 1 2 1 2 1 2 4 2 4 1 2 2 3 1 2 3 4 3 4 2 3 2 4 3 1 4 1 4 1 4 1 2 4
2 2 2 4 2 1 1 2 3 1 2 1 4 4 3 4 4 3 4 2 2 1 4 2 3 3 4 3 4 1 4 3 3 3 4 2 1 2 3 4 2 2 3 1 1 3 4 1 3 1 4 4 2 2 1 1 2 3 2 2 1 1 3 2 1 1 1 3 1 1 3 3 2 3 1 4 4 2 3 2 2 3 3 3 2 4 3 4 3 1 4 4 2 4 2 1 1 3 3 2
2 3 2 2 4 1 1 1 1 1 1 3 2 2 4 1 1 1 2 1 2 2 3 4 4 3 1 2 2 4 3 3 4 1 3 3 3 1 1 3 1 3 3 2 3 1 4 3 2 4 3 2 3 4 2 4 3 3 3 3 1 3 1 3 1 4 1 3 1 3 4 1 4 3 4 1 4 1 3 1 1 1 2 3 1 2 1 4 1 2 4 3 3 1 1 4 3 1 3 2
2 3 2 2 3 1 1 2 3 1 3 2 4 1 3 3 3 1 4 4 3 2 3 1 2 4 1 3 4 2 3 4 2 1 2 1 2 3 2 4 4 1 4 2 1 3 4 2 1 2 3 4 4 3 2 2 2 1 1 1 2 4 3 4 3 1 2 3 4 1 2 4 3 4 3 4 4 4 2 4 3 4 1 1 3 1 3 1 3 3 3 3 2 4 2 4 4 1 3 1
4 2 3 3 3 3 2 2 2 3 4 4 1 1 4 2 4 3 4 2 2 4 3 3 1 2 4 4 3 4 4 2 1 2 1 1 4 4 4 2 3 3 2 2 1 3 4 2 1 2 1 3 3 4 1 3 3 2 1 1 3 1 4 2 1 3 2 1 1 2 2 2 1 4 2 1 1 1 4 2 3 3 3 4 2 3 1 1 4 1 1 3 2 2 1 4 1 4 1 4
2 2 2 2 1 4 3 1 2 1 3 3 1 2 3 3 3 3 4 1 3 3 2 3 2 3 4 1 3 4 1 4 3 1 3 1 4 3 4 1 4 4 4 1 2 1 3 3 2 3 2 1 1 3 1 1 1 4 4 3 2 1 3 4 3 3 1 1 2 1 1 3 2 2 1 3 2 3 1 2 4 2 3 4 3 1 4 1 4 4 1 3 1 1 1 4 2 2 1 2
4 4 3 3 4 3 2 1 1 1 1 1 1 1 4 4 1 3 2 2 3 1 4 3 1 3 3 2 2 4 1 1 3 2 2 3 4 4 4 2 3 4 4 2 1 4 2 1 3 4 3 3 2 1 1 3 4 2 2 4 2 2 3 3 3 3 2 2 2 2 2 2 1 4 1 2 1 3 1 3 1 1 2 4 4 2 4 4 4 4 2 1 3 3 2 3 1 3 3 4
3 2 3 4 4 2 4 2 2 2 3 3 4 4 1 3 2 2 1 2 2 3 3 1 3 2 1 2 4 3 2 1 2 1 2 4 2 1 4 1 1 4 3 4 3 3 2 2 4 1 4 2 1 3 4 2 1 1 2 3 1 1 2 3 1 4 2 1 4 2 1 2 4 1 1 2 2 4 4 2 4 2 4 3 2 1 3 1 4 1 1 3 1 4 2 2 1 2 2 4
1 2 4 4 4 2 2 1 2 3 1 4 1 2 2 2 2 3 3 1 2 3 3 1 2 4 1 2 1 2 1 2 4 2 2 1 4 4 1 4 1 2 3 2 3 1 3 3 3 4 2 4 2 4 4 1 2 4 3 2 2 2 4 4 3 2 3 4 3 1 4 2 4 1 1 4 1 1 4 2 1 3 1 1 3 1 4 4 2 3 2 4 3 2 3 3 4 3 1 4
2 1 3 3 2 4 1 3 3 3 1 3 3 2 2 4 1 4 1 1 3 3 1 3 4 2 3 2 3 3 1 2 2 1 3 4 4 3 1 1 3 1 2 2 1 3 4 2 4 4 4 2 1 3 2 4 3 1 1 3 3 1 4 1 3 2 3 4 4 2 1 4 4 4 2 1 3 4 1 2 2 3 3 3 2 2 3 4 2 2 1 1 4 3 4 2 4 3 2 3
4 2 1 2 1 2 3 1 2 1 1 3 2 2 4 4 4 1 1 3 3 2 4 2 2 1 1 4 2 2 4 1 1 1 3 4 2 2 3 3 4 1 1 1 4 1 3 2 1 4 1 4 3 3 4 3 3 3 4 3 3 3 2 1 2 3 4 1 4 4 3 1 2 2 3 3 2 3 1 3 2 1 1 2 2 1 1 3 1 2 3 2 1 3 4 2 1 3 4 4
2 4 1 4 2 4 3 2 3 3 2 3 3 4 3 2 4 1 4 1 2 1 1 4 1 1 4 2 4 4 3 4 1 1 1 4 3 1 4 3 1 4 1 4 3 3 4 1 1 1 1 1 3 2 1 2 2 1 1 4 4 1 3 4 1 2 4 1 4 3 3 4 4 2 3 1 2 1 2 2 4 3 1 2 4 1 2 3 4 4 4 3 3 2 1 4 4 4 1 1
1 3 1 4 3 4 1 2 3 2 4 3 2 3 3 4 1 1 1 2 2 2 3 4 4 1 2 4 1 3 4 1 2 2 1 4 2 4 4 2 2 3 1 1 3 3 1 4 4 4 4 4 4 4 3 3 3 1 2 4 1 3 1 2 2 4 1 3 2 3 3 4 4 1 3 3 2 1 2 4 3 2 1 3 1 3 4 3 2 3 3 1 4 1 3 1 3 3 2 1
4 1 3 4 1 1 2 2 4 2 4 1 3 4 2 4 3 2 4 4 3 3 2 4 2 2 4 2 2 3 4 2 2 2 3 4 4 4 1 1 3 4 2 3 3 3 2 2 3 4 1 3 4 4 3 1 3 4 1 3 4 3 2 2 1 3 3 4 2 4 3 1 4 3 4 2 2 4 1 4 1 1 1 1 2 3 4 1 2 2 3 4 3 2 3 3 4 1 4 2
1 1 1 3 1 1 3 3 2 3 3 4 4 4 3 2 4 2 2 3 4 4 4 4 4 2 3 3 3 1 2 3 1 3 2 1 3 1 1 3 2 4 2 2 4 4 1 1 4 2 4 2 4 4 4 3 4 3 3 2 4 4 1 3 2 1 3 3 3 1 4 4 1 3 1 3 4 4 1 1 3 2 2 4 4 4 3 4 3 1 3 4 3 4 2 4 3 1 2 1
3 4 1 1 4 1 1 4 3 1 2 4 4 1 1 4 1 1 4 2 2 2 3 4 3 1 2 4 1 4 2 2 2 1 2 3 4 1 2 2 2 3 3 1 3 2 3 2 4 1 4 4 4 3 3 3 3 2 4 3 1 1 1 1 3 1 4 2 2 1 1 4 1 2 1 1 4 3 4 2 3 3 2 1 1 1 3 3 4 2 1 4 3 4 1 1 1 3 3 4
2 4 4 4 3 3 4 1 4 3 4 3 1 1 1 4 4 1 3 3 1 1 4 4 2 1 1 1 2 3 3 3 3 4 2 4 4 3 3 4 3 4 4 3 4 1 3 2 2 3 4 2 4 3 4 4 1 2 3 4 3 3 2 1 3 1 2 4 3 4 4 2 2 1 4 3 1 4 2 3 3 1 1 3 1 4 1 4 3 2 1 1 4 1 2 1 1 3 3 2
4 3 1 1 1 2 3 3 2 4 1 1 2 1 4 3 3 4 2 3 4 1 2 3 3 3 2 2 2 2 3 1 1 2 1 3 2 4 1 2 4 3 2 1 3 3 4 1 2 2 3 1 1 3 2 3 3 1 1 4 1 2 4 3 4 2 4 4 3 3 4 4 3 1 1 4 2 3 1 3 1 2 4 1 4 2 4 4 4 3 4 2 1 2 4 3 4 2 1 4
4 2 4 4 4 1 4 1 3 2 1 4 1 1 2 4 1 2 4 3 4 3 2 2 4 2 2 4 1 1 4 2 3 2 4 4 4 2 3 4 2 2 2 2 2 4 3 2 2 3 2 3 1 3 2 1 3 1 3 1 2 3 3 4 4 4 1 3 1 1 1 4 4 2 1 3 3 2 2 3 4 4 4 4 4 1 2 1 3 4 3 4 1 1 1 3 4 3 4 1
3 4 3 4 1 4 3 3 4 3 3 2 4 3 3 2 1 2 1 4 4 4 4 4 2 2 2 1 4 1 1 2 3 3 2 1 1 1 2 3 1 4 4 1 1 1 3 3 1 4 4 4 2 1 3 1 3 2 1 2 1 4 2 1 2 2 3 1 3 1 1 2 2 4 1 2 4 1 3 4 3 4 1 3 3 4 2 2 4 4 1 3 2 2 3 3 2 2 2 1
1 4 4 4 3 4 3 4 1 2 1 4 3 2 3 1 3 3 2 1 1 2 1 4 3 3 2 1 4 4 3 2 2 2 4 2 4 4 1 2 3 4 1 1 4 1 4 1 4 4 2 1 3 3 2 1 2 4 1 4 2 1 4 2 4 4 4 3 3 2 1 1 2 4 1 1 2 2 3 1 3 1 1 1 1 4 2 3 1 1 4 2 2 2 2 3 2 1 3 3
4 1 2 4 4 1 1 3 3 2 3 4 3 1 2 3 3 1 2 1 4 4 4 3 1 4 4 2 4 2 4 1 2 1 2 3 2 1 2 4 1 4 1 4 2 2 3 4 3 3 2 1 4 4 1 4 2 2 3 3 3 1 4 3 2 1 3 4 2 1 4 1 2 3 3 4 3 2 3 3 4 4 1 3 2 2 3 1 3 1 4 4 1 1 3 1 1 2 2 1
2 3 1 1 3 3 1 2 3 3 3 3 3 1 1 4 3 1 4 1 3 3 2 3 2 1 4 4 2 2 4 2 1 3 3 4 1 2 3 3 2 2 1 2 3 3 1 3 2 1 1 3 2 1 4 4 4 3 1 4 1 1 2 4 3 4 2 1 1 3 3 4 1 3 2 1 3 2 3 3 1 1 3 4 2 4 2 3 1 2 3 1 4 1 1 3 3 2 1 3
4 4 4 3 4 4 3 3 4 1 1 3 4 2 3 2 4 4 1 1 4 4 1 3 1 2 3 3 1 1 1 4 4 3 3 2 2 1 1 3 4 4 2 3 3 1 4 3 4 1 2 4 4 3 3 3 2 2 3 3 1 2 2 3 1 2 2 2 2 1 1 1 3 3 1 1 1 1 4 2 3 4 3 4 3 1 1 1 2 2 1 1 4 4 4 1 3 3 2 4
3 3 2 4 1 4 1 3 2 3 1 3 3 1 3 4 4 1 2 4 1 4 3 4 4 2 4 3 1 4 3 1 3 3 4 4 2 3 3 4 3 4 3 2 3 3 1 2 4 3 3 3 4 4 1 3 2 2 3 3 3 1 3 4 4 2 2 3 1 4 2 4 4 1 1 1 2 4 1 2 3 4 2 4 2 3 1 3 1 4 4 4 4 2 3 4 1 4 2 4
4 4 1 4 2 4 1 3 1 1 1 2 2 2 3 2 2 2 2 4 2 4 2 2 4 2 4 3 3 3 3 1 3 4 2 3 3 2 3 1 3 4 2 3 3 4 4 1 3 1 1 4 2 4 1 3 2 1 2 4 4 1 4 4 2 4 2 3 4 1 4 3 2 3 2 4 1 4 2 3 2 1 2 4 1 1 2 2 1 2 4 4 3 4 2 4 2 3 3 2
2 2 4 3 4 1 3 4 2 3 2 2 4 2 3 4 4 2 1 3 4 3 4 1 2 1 1 2 1 1 4 1 2 2 3 2 4 1 1 3 1 4 3 2 2 4 1 3 1 1 2 4 2 2 3 4 3 3 2 3 1 2 3 2 2 3 4 3 1 2 1 4 4 1 3 1 2 4 3 2 3 2 3 4 2 2 4 2 3 3 2 4 2 4 4 2 1 2 3 2
3 3 4 2 2 1 4 1 2 4 4 4 3 1 1 2 2 3 1 3 4 2 1 4 1 1 3 2 3 2 4 2 4 1 1 1 3 1 2 1 1 2 2 2 3 1 3 3 1 2 4 3 1 3 2 1 4 2 2 2 3 1 2 2 2 2 4 4 4 2 4 1 2 1 1 1 4 2 4 4 4 3 1 4 1 2 1 1 3 3 1 1 1 2 1 2 3 3 4 2
3 3 1 4 3 2 2 4 2 3 4 4 4 1 2 4 2 4 4 4 1 1 1 4 2 3 1 2 1 3 3 1 1 3 1 4 2 2 2 3 4 1 1 2 2 3 3 4 3 4 2 2 2 4 3 2 2 4 1 3 3 3 3 2 4 4 3 1 3 1 1 1 3 4 3 1 1 3 1 3 1 2 3 3 1 1 4 1 2 1 3 3 1 2 3 4 1 1 4 3
3 4 4 3 4 2 1 2 3 1 3 1 2 1 2 1 4 3 4 1 2 4 2 2 2 1 4 2 4 3 1 4 1 1 2 2 3 1 1 4 2 4 2 3 4 1 4 4 2 4 3 1 4 4 3 4 4 4 1 2 1 1 4 1 2 4 4 4 2 3 3 2 2 3 4 2 2 2 1 2 1 3 3 1 4 1 3 4 1 3 4 3 4 4 3 4 1 2 2 1
2 4 1 4 3 4 2 1 4 3 2 2 2 3 1 3 1 4 3 3 2 1 2 4 4 3 2 1 4 4 1 1 4 2 3 4 3 2 1 1 2 4 2 1 3 3 2 3 2 3 3 2 3 2 4 1 1 2 4 4 2 1 4 2 2 3 1 4 3 4 2 1 2 3 1 2 1 4 2 4 1 1 2 1 1 3 2 1 1 3 3 2 2 2 2 3 2 4 2 4
4 2 1 4 4 2 2 3 3 2 3 3 3 3 3 3 3 1 4 2 2 2 4 2 4 2 2 1 1 2 2 4 3 1 2 1 3 3 3 1 3 2 4 4 1 2 3 2 4 3 3 1 1 1 1 2 3 2 2 1 1 1 1 3 1 3 3 3 4 4 1 2 3 2 1 4 2 1 2 3 1 2 2 4 2 2 1 4 4 1 4 2 4 3 4 4 1 4 1 2
4 2 3 2 1 2 1 3 3 2 3 2 4 4 2 4 2 1 3 4 3 3 2 3 2 2 2 4 3 2 4 1 2 4 4 2 4 2 4 3 4 3 1 1 1 3 3 3 2 4 2 2 4 3 4 2 3 3 4 2 3 2 2 4 3 2 1 4 4 2 3 3 3 3 3 1 4 2 4 3 1 2 2 2 1 1 3 1 1 3 3 4 3 3 2 1 4 2 2 1
1 2 3 2 4 4 4 4 1 3 4 2 2 3 3 2 2 2 3 1 3 3 4 2 4 2 4 1 3 2 1 3 4 4 4 2 2 4 3 1 1 3 1 3 2 1 2 3 1 3 1 4 4 2 3 1 2 1 1 3 3 2 3 4 4 1 1 1 4 1 4 2 2 1 1 3 2 3 4 4 3 2 4 4 3 1 2 3 2 1 2 1 2 2 1 4 2 3 4 3
3 3 1 2 3 3 1 4 2 4 4 3 1 3 1 3 3 3 1 2 2 1 2 1 1 1 4 2 1 3 4 1 1 2 3 1 4 3 4 4 1 2 4 4 2 3 2 4 2 1 4 4 4 1 2 1 4 3 4 1 2 4 1 1 2 3 2 3 3 4 2 3 4 2 3 1 4 3 3 3 4 3 1 2 4 2 1 2 3 2 4 2 4 3 2 4 2 1 3 4
1 4 1 4 2 1 3 4 1 3 3 4 3 1 1 3 1 1 1 4 4 1 2 2 2 2 4 3 2 2 1 3 3 2 3 3 4 4 3 3 2 4 3 3 1 1 3 1 2 3 3 4 2 3 3 1 2 2 3 2 2 3 4 1 3 1 4 1 2 4 3 1 2 4 1 3 3 3 2 4 2 4 3 3 3 2 3 2 4 2 3 3 4 4 3 3 1 2 1 3
4 4 1 1 3 3 2 2 3 4 2 2 3 4 1 1 4 2 4 1 4 1 3 2 3 4 3 2 2 1 2 4 2 2 4 1 2 1 2 4 3 4 1 4 2 4 3 1 2 2 3 2 4 4 2 2 1 3 4 2 3 4 4 1 1 1 4 3 2 3 2 2 2 2 2 1 1 2 1 1 4 4 1 2 4 4 3 3 3 1 2 4 3 2 4 2 2 1 4 3
1 2 3 1 1 1 4 1 3 3 4 3 2 2 4 2 4 1 1 2 3 4 2 3 4 3 4 2 1 1 2 2 1 2 3 1 4 4 2 3 3 3 4 2 2 2 1 2 2 4 3 2 3 4 3 4 4 4 3 3 4 1 3 1 2 1 3 1 1 2 3 4 3 4 2 3 1 4 2 3 3 1 4 1 3 3 4 3 2 1 3 3 3 3 1 1 4 3 3 1
4 4 4 1 1 1 1 1 2 3 4 3 3 2 2 3 2 4 1 3 1 1 1 1 1 4 3 1 2 3 1 1 3 2 3 4 1 2 3 2 1 2 3 1 3 3 2 1 4 3 2 1 1 4 4 3 2 3 3 4 1 1 2 1 3 4 4 4 2 2 2 4 2 2 1 2 3 1 1 3 1 2 1 1 4 4 3 3 3 1 3 1 3 1 2 2 3 1 4 4
2 3 3 3 1 1 4 1 4 4 4 4 4 4 2 1 4 4 4 4 3 1 4 3 3 3 4 1 2 3 3 1 4 4 2 3 2 4 1 4 1 1 2 4 3 2 2 1 3 2 3 2 3 1 1 4 4 4 3 1 2 1 1 3 3 1 4 1 2 2 2 3 3 4 1 4 2 2 4 1 3 2 2 2 2 3 3 2 3 4 1 4 2 3 2 4 2 4 2 1
4 4 1 3 4 2 1 4 3 2 1 2 4 1 1 3 4 1 3 1 3 3 2 1 4 2 1 1 2 1 2 1 4 2 1 3 1 3 4 3 4 4 1 4 3 3 4 3 1 3 4 1 3 2 4 1 4 3 2 3 2 1 4 1 4 3 2 3 4 1 3 1 2 3 2 3 3 3 3 3 4 3 2 2 1 4 4 3 2 4 3 1 4 4 2 2 4 3 1 3
1 4 4 4 2 4 3 4 4 1 3 1 2 2 2 1 1 2 1 4 3 3 4 3 2 3 4 3 4 3 3 2 2 4 4 1 3 2 1 3 1 2 1 4 1 3 1 2 2 2 4 4 2 3 4 3 4 3 4 2 1 3 4 2 3 3 4 3 2 1 4 2 2 3 1 2 3 2 1 2 3 4 1 1 2 1 2 1 4 4 4 2 4 3 2 2 1 4 1 1
3 3 1 3 4 3 2 2 1 4 4 1 1 1 2 2 2 3 1 1 3 1 1 1 4 1 1 1 1 2 3 1 2 1 2 3 4 3 4 2 2 2 1 2 3 3 2 4 2 1 4 4 3 4 3 3 1 3 2 1 1 4 3 4 3 3 3 1 2 4 1 2 1 3 4 4 1 2 4 2 1 3 2 2 1 2 1 3 3 2 3 2 2 2 2 1 3 2 4 1
3 2 2 3 1 4 2 4 3 2 3 4 1 4 3 2 4 1 4 4 4 3 3 4 2 4 3 2 3 4 4 2 4 1 3 4 4 2 2 4 3 1 2 1 3 1 2 3 4 1 3 1 4 4 3 3 3 2 1 1 2 2 1 1 4 1 1 3 3 4 2 2 3 1 1 2 3 3 2 1 2 3 2 4 2 4 2 4 4 3 4 3 2 3 2 2 4 2 4 4
3 1 2 3 2 2 2 3 4 4 4 1 2 1 1 2 4 4 1 4 3 1 1 2 2 2 1 2 2 2 3 4 4 2 3 1 1 4 2 1 3 1 2 1 3 1 3 4 1 2 4 3 4 1 2 2 2 1 1 3 3 2 3 1 3 1 2 2 2 4 3 1 3 2 4 2 1 2 1 4 1 2 3 1 2 4 1 2 2 2 4 4 2 4 3 4 1 1 2 2
2 1 2 2 1 3 4 2 3 4 1 2 2 3 4 4 3 2 4 3 4 2 2 4 1 3 3 1 4 2 2 1 4 3 3 2 4 2 2 2 4 4 3 1 3 1 3 4 4 2 2 4 3 1 3 2 1 2 1 4 3 1 2 4 2 4 3 3 4 4 2 4 1 4 3 2 1 1 3 2 1 2 1 1 1 4 1 1 1 4 1 2 2 4 4 1 2 1 1 3
2 4 1 2 2 1 3 4 4 3 2 1 4 2 3 4 2 2 2 4 3 2 4 2 3 2 2 2 2 3 1 4 2 1 4 3 3 3 2 3 2 1 4 1 2 4 2 4 3 3 4 3 4 4 1 4 4 4 2 1 1 3 4 3 2 2 3 3 4 1 4 4 4 3 1 1 4 4 4 4 2 3 3 1 4 3 2 4 2 4 4 3 4 2 3 1 3 4 1 3
3 3 4 2 3 3 2 3 1 2 1 1 1 4 2 4 1 2 2 2 1 4 1 3 2 3 2 2 2 4 4 4 3 2 4 4 3 3 2 1 1 1 2 2 4 4 4 3 3 4 1 4 1 3 3 3 4 1 1 4 1 2 2 2 4 3 2 4 2 4 1 2 4 3 3 2 3 1 2 4 3 4 3 3 4 3 3 1 4 4 3 2 1 2 3 1 4 3 2 4
3 9
4 93
5 96
94 91
2 2
4 3
96 2
6 7
94 8
98 9
7 3
96 6
6 97
99 92
98 94
2 6
6 93
96 90
6 92
94 10
