100 8000
1505 1040 3197 4887 2461 2545 630 644 2591 4075 1665 3526 4022 4763 2835 2071 2126 1625 2082 3210 2067 4769 1270 595 619 3609 2287 2197 2536 3039 3726 1284 939 1361 1768 896 1816 2974 2296 589 2901 3053 3523 660 4271 952 3814 4201 4813 2489 93 2650 1281 1070 3795 2427 747 4548 996 599 1351 2886 4876 2785 773 2030 2574 2511 3678 3626 2126 1412 161 1315 3898 4571 2274 3633 2046 2669 4786 442 2980 3620 4780 761 4503 2167 1275 3793 4177 2848 2197 2602 572 4430 3989 318 4911 3910 
965 3057 432 3195 1736 3452 3721 3965 614 3470 3150 1631 460 908 3910 1215 1199 3703 3120 4578 899 1692 383 1356 1240 190 4259 3671 1655 403 3623 1659 2497 1098 2276 97 1268 4404 2645 2062 912 2240 671 3011 1586 1192 4262 2661 180 450 4468 2783 2939 4124 203 493 2690 867 1452 4599 886 1066 1456 2302 1205 2791 14 4603 738 2488 1171 854 515 1725 2409 4246 4357 3239 2352 2425 2004 4665 2762 4672 2826 4049 328 3850 2269 495 1056 367 4116 182 3685 1364 2354 405 4364 3069 2211 
273 4503 1500 2587 4769 1757 2480 3347 3192 2546 2213 1683 81 4129 1076 4140 2176 454 3735 1285 2526 2393 2611 4850 3540 394 430 3828 2991 1412 1809 3716 651 460 4764 3538 1527 1410 3011 4520 831 777 1978 2047 4155 62 2723 285 1318 4610 2150 3428 4364 3804 4037 3062 1597 4132 4219 3535 879 525 2304 1557 161 1497 1739 1649 1853 991 2401 3753 1588 4166 2175 1404 102 227 1622 4643 4738 848 3952 1223 2527 1722 2472 1583 3243 2880 3603 4373 922 1695 3431 2451 41 452 3999 3566 
4117 4549 411 4760 1821 1294 2105 2236 4288 3262 3479 3430 4826 4845 1841 2549 2191 4475 1152 4758 3519 1025 412 3230 3947 4422 1468 379 1325 2506 2935 4574 1253 4577 2767 1286 2203 96 2562 230 1535 3777 3976 3444 4876 4229 2639 1999 162 4773 3990 1496 930 3669 1527 2681 2013 1240 3428 1288 762 1773 565 4638 540 4425 1468 3643 2136 3767 4796 738 2211 846 1366 4923 755 3565 1210 4558 380 4300 344 2059 2648 1299 2905 1590 1743 156 888 4241 2750 2372 3893 1756 1816 742 2911 2553 1854 
2341 4804 4620 3127 4884 3308 4220 2992 3283 4888 3104 3041 1889 2287 922 3681 3025 2793 1323 1752 4071 146 3080 1935 1326 3796 2807 764 1505 337 231 2670 3098 544 663 4194 1535 1970 914 4784 4099 1015 4858 655 46 2089 800 2105 1080 4407 2387 3860 2867 423 2590 3321 4618 2663 4049 1459 3984 183 527 1803 934 3831 708 3971 4 922 1882 2072 4499 4072 2235 2256 298 2794 4283 1482 4463 1897 3831 2563 1557 2303 2985 3548 2997 1289 1589 4175 4252 2902 3527 2893 63 3572 307 920 
3075 54 2417 1569 3564 1822 1866 4219 230 356 2087 554 3306 2825 3038 1156 2774 3305 611 626 1835 1539 1411 470 2260 4785 2568 2012 2624 1580 2920 2034 1727 3062 3577 2986 2598 3197 88 4255 3273 4075 4778 2963 1882 1472 2129 4900 4636 315 3485 4501 3150 3089 258 3745 1218 4045 2087 3717 3361 960 4252 2572 3179 1845 1183 1238 4990 4988 1109 1434 3479 3541 1261 1031 3923 1796 2750 4665 2957 294 2287 1060 4951 2160 758 4631 3596 259 957 3175 1002 1839 1656 3158 3375 3388 766 560 2039 
3090 2438 1174 3301 1560 1488 555 1613 3782 543 1093 1662 567 4505 1046 2433 1173 4934 3741 2866 4054 4498 3625 4065 4195 4993 2768 2049 2299 3156 3309 2414 1968 3600 3476 1927 3048 221 1599 597 2252 2125 3001 4414 2836 1907 2471 193 1382 2627 1587 4963 4644 3967 3904 1404 2153 2774 1813 4960 3060 2871 3 4984 3817 4029 3014 2814 4333 1726 3003 3131 2775 1133 1473 2800 3554 4332 2697 1681 3388 4999 1725 2526 1746 1931 2981 3063 3093 1328 1877 4017 1093 2069 858 3151 2494 1967 4559 393 
1921 2046 2658 3213 4508 3963 508 3596 1488 4029 1069 4594 154 3428 198 2373 462 1697 969 3991 767 1350 1457 15 2045 3978 2803 42 4316 4047 2803 2029 1964 2253 3358 1507 4260 4372 3158 63 78 4665 4325 2618 382 3882 4216 4564 357 1821 3242 2653 4254 2257 3875 3743 3465 1939 3589 1518 3523 2005 4559 1742 29 1075 4778 3690 83 2023 3589 4873 3957 1543 2289 38 4392 3374 629 1359 858 4410 1698 1730 4932 234 4993 4048 2475 4523 342 4872 2999 535 11 1428 2979 818 548 3969 1109 
3840 4723 4889 1158 3494 3257 3123 817 2190 584 2714 4970 23 4205 1995 4764 3274 215 3255 4065 2414 2296 1046 3024 3407 1076 600 3688 4776 861 4668 4098 1640 307 438 4746 2518 2008 4154 2679 902 263 2782 2841 320 2674 1200 3309 1444 2031 3438 1546 44 533 2594 210 4356 2721 4646 1694 3255 3310 179 1489 4482 2049 3765 1624 4884 4438 499 4706 1763 2030 899 306 4841 749 672 2378 1466 2674 1224 622 271 4681 859 4040 4932 1248 612 4169 2034 3566 4487 3042 4260 1945 587 4220 
3460 373 3952 735 1281 4398 1166 3529 60 3643 1313 610 2784 3082 1224 3635 3899 79 4216 4112 4538 549 4664 4407 791 3871 1375 3781 2176 1465 3553 2882 2860 2103 138 163 4354 2232 4945 2725 2247 4964 723 4385 3915 285 3868 1726 1954 535 814 3353 2251 421 3114 1702 1079 4627 1797 1674 4742 2792 745 1549 4070 3024 1605 3100 3125 1569 2391 3694 1188 2698 3928 813 3264 1283 2057 3099 1373 3081 3611 160 586 685 916 1912 2627 3841 2839 2142 2402 3530 3294 2702 419 4373 4548 1366 843 
1089 1173 4073 3717 4039 3715 2852 3655 3615 2695 4432 3528 4088 2096 1393 374 2729 2111 2570 3422 1255 3051 4831 3958 2248 3092 1876 4271 235 1240 4110 1709 3407 432 781 3725 3497 4370 258 399 999 2876 2185 1054 3112 3072 2205 1031 1748 4336 4143 1778 1799 2591 1981 289 3764 1906 2203 1846 32 3980 1486 313 2890 3982 1261 1107 308 4138 164 4082 3439 4907 2447 2118 2519 855 39 3878 589 4936 3644 81 2791 463 4910 3704 1227 3555 377 1763 408 2711 972 2478 2899 3940 3130 3532 
1663 4109 2254 1444 2204 1865 191 4043 1102 644 1073 2052 2312 1271 3736 2433 2336 4492 1396 4874 1575 962 2645 961 3324 4176 864 769 341 2124 1184 1553 316 4737 2001 1287 1142 3331 1631 4351 3909 4709 4318 638 4926 3354 1062 699 3550 107 1278 2945 4649 3323 4124 559 3039 4739 3083 4046 442 1646 1756 2592 458 3024 3304 4916 51 4857 482 1079 4405 4458 4196 3454 3342 1294 3191 3082 1114 1546 599 4984 4131 3887 4574 2454 3397 2152 2746 4703 4862 2951 4773 2550 4318 3802 2402 2850 4928 
2902 2880 3395 2793 3188 318 1683 4210 119 1968 2598 631 3096 2000 985 3131 4991 2650 622 2446 159 3037 1822 1303 2971 2388 4727 3455 4778 881 4886 1969 517 3913 2026 4905 2519 1988 1339 770 463 1455 2354 1261 2628 3065 3707 3356 4762 4612 4767 4185 795 1763 2962 2206 3819 596 1568 2182 1684 4858 3880 662 2199 2794 731 852 1478 2622 3353 4816 3565 3629 1685 3648 504 248 2542 4363 2324 743 18 4767 340 3535 4893 342 2233 818 3921 2744 1252 2003 4958 2484 3204 535 2070 3190 
2205 4883 3444 318 1302 1713 120 2230 2183 2765 4273 3801 725 377 1817 257 3083 1370 744 3338 3477 812 3349 637 87 4668 965 3292 2271 3840 3991 1175 3883 1181 1497 3125 585 665 3193 3650 105 2953 4966 4901 3892 1880 3939 1726 329 3405 1944 1961 3861 2029 2751 2000 3343 1819 1368 495 1801 1108 4063 2531 2647 4951 3751 3522 4808 773 1893 4481 3040 4628 205 2621 4480 1480 3373 4345 4826 3181 989 788 1745 541 329 2890 2610 1101 4523 1687 3360 4969 1897 2445 690 1892 3618 1938 3692 
3699 319 4264 1053 4267 362 4869 199 1020 2742 1582 3687 1348 3550 2576 1403 2099 4944 2910 916 3478 3563 4011 4154 395 2885 3483 175 570 528 2543 290 3565 3804 964 3490 3310 3287 4597 3237 1833 269 2356 533 3886 4789 4909 3783 1330 4918 3943 3283 1231 3016 1329 251 3416 19 590 4128 832 4461 2204 2574 3268 2690 3015 2969 4070 693 1867 2276 4799 4013 2766 3109 1078 300 331 1842 1868 2614 123 881 821 4938 1766 4942 4086 457 1380 1447 4864 4578 4834 2119 1616 320 453 2330 
3570 2219 3622 2742 3663 2544 2407 1265 4896 4203 2891 1918 1789 1065 4147 1296 2252 1462 91 2769 1576 3170 660 465 4273 4000 4728 3536 3815 2029 1946 3954 55 3958 4683 177 977 3997 1577 270 2332 3593 889 1023 2314 4526 4909 1049 241 4762 875 1364 1981 4983 3072 1524 1537 1750 764 355 3579 2905 438 914 2205 386 4278 2279 3385 382 3296 1002 1601 4786 1184 2703 2108 4145 524 1698 672 3801 3236 361 1287 1344 257 1710 616 4737 219 4246 2443 146 1141 3231 2832 630 3995 3730 1178 
2406 2911 285 328 706 3967 179 4872 682 4633 369 552 4810 2262 3361 4697 4859 1692 3333 1581 4041 35 3040 971 4998 2775 2135 2092 39 4281 464 856 473 3190 1245 157 3556 4216 672 3306 2186 2702 3130 92 2523 1045 3161 4331 865 4351 1529 2808 1317 3709 3298 16 4451 2274 96 2104 987 4855 2389 1572 3163 4333 3011 2475 4051 2448 1843 4347 297 2975 614 4993 1067 2857 1074 3468 2647 4242 165 3469 300 4131 401 3462 3534 2622 2722 2042 1626 2226 2562 1092 2209 1813 4366 3350 
2601 2582 4269 1665 3404 3261 4135 713 807 4065 4546 3730 680 3126 1599 8 3896 1268 2682 1365 3818 4917 3187 2954 3815 2754 3142 904 4882 4251 4120 2867 3658 208 2877 1276 441 966 1690 3736 703 571 3649 866 194 1684 3723 1713 2455 875 3346 775 959 4340 2277 3426 1133 2156 2991 1308 3419 3101 3037 2272 944 229 2904 1017 3110 358 2379 1029 4219 3470 3781 3828 1363 561 4347 1868 418 2068 233 3901 150 4244 3911 3039 4416 2177 2555 876 3370 1119 3919 1504 2872 3245 4479 1456 2250 
834 3389 2996 816 2910 54 3052 1711 3866 1152 1640 2872 1061 2459 1012 2272 3304 2687 2908 1630 1112 2958 859 1425 2157 2326 4881 1587 494 3030 14 799 4478 3424 3880 447 3366 4464 4601 4527 4171 1035 538 1961 520 1059 3447 4518 363 3788 3173 2411 1109 3401 1569 4744 2740 1810 3640 253 1362 672 777 831 3525 1418 3097 3300 1943 4391 2641 4400 1006 3925 577 1935 3530 929 4168 1402 301 439 227 4962 836 3449 2443 2604 1292 4148 4289 3548 4282 4036 2410 4584 535 3327 885 4739 
4464 1408 3505 3256 481 2360 3913 773 3339 4540 1120 440 1882 4782 3427 1805 3167 4982 1341 1741 2986 2520 3766 1440 1985 2135 3402 3757 4901 1234 3328 1382 1801 2231 358 638 2608 4324 4103 956 4416 2297 734 3718 2571 2749 1578 3138 3368 805 1879 2163 3484 3376 426 142 3488 2356 4333 1792 2104 4330 1987 4233 1343 822 4972 3694 3513 1055 1513 819 3801 2838 3950 85 2309 3375 1156 822 2611 4290 3359 2783 3064 1523 2415 2397 4868 2024 3264 1971 3785 2405 3950 1331 4905 3410 334 1115 4981 
3411 211 3492 2939 3717 762 1311 4767 1470 3112 3583 4424 4222 390 157 1126 251 735 4373 3922 3088 2498 569 846 587 3950 453 1552 2260 1261 3232 3091 125 241 3422 2632 1029 404 3618 3458 1296 3089 2337 2074 2874 289 4491 2213 1764 1247 4197 4688 714 4555 609 747 4232 3090 3593 1489 2371 2101 3166 2879 876 1750 1763 4235 1698 4271 2215 2714 4501 830 4079 1892 493 3987 1503 2849 3847 3255 2262 2520 4135 936 79 4609 4056 3806 4360 548 809 2204 2916 2854 1624 658 4055 1520 
2348 1387 2471 153 4856 3106 1927 3208 3924 1850 1224 2396 2745 2327 3231 4690 1861 842 37 3594 2799 4213 686 2107 462 513 1198 4065 4493 2220 3639 4527 1417 4597 445 3011 1371 4218 2361 2935 1670 650 485 2663 789 3385 1622 1031 3810 3749 4073 4536 3262 4720 4280 2998 3667 4421 617 2745 1671 1168 462 4402 2584 4723 75 4071 4713 2160 404 3109 830 1715 3823 1825 3070 3987 1726 3595 3629 395 3983 292 3017 1546 4642 4587 1974 4055 2138 726 796 2915 1332 3121 2297 1184 3751 717 864 
2130 3671 2798 2382 1512 2186 266 1971 2926 605 3879 3903 1745 2249 4706 4462 4668 1342 2713 555 818 679 259 4314 828 1026 4913 4143 879 1467 3468 447 4490 1490 3037 3981 982 4863 617 2115 2844 3299 2016 1820 310 1652 840 2479 2750 170 4818 324 2636 2402 3346 2127 1798 983 2296 237 1129 251 3593 1954 82 2317 605 4862 482 3696 2363 2354 2483 192 701 1996 1940 1332 350 1485 4067 3942 929 633 3256 2474 2501 325 1258 710 2791 916 4400 1499 4254 977 1118 3082 2241 2156 
4609 1179 1238 4999 3531 626 4762 1124 3111 2145 4425 904 2055 682 1743 3156 1385 3048 2137 321 1985 823 410 3421 130 2199 700 460 794 4588 4431 1447 4931 3267 2313 2097 294 4038 650 3072 949 4883 279 22 1967 4828 2668 2458 3310 4582 1553 2789 635 3895 2375 1361 4117 391 4209 4150 630 3524 2212 704 2350 4696 1272 4157 408 3663 2090 4498 1269 4618 74 1828 3270 2965 1615 2717 4348 2457 3889 1595 2936 3022 3128 609 4291 749 194 4853 4639 4158 1387 3639 4978 1963 3159 4419 4862 
4801 1129 2493 4999 4228 3772 865 3123 1645 1947 954 1277 3743 1413 4725 3378 4152 1938 1259 2834 4306 2694 2344 2773 3714 1066 654 2941 4551 2446 566 2508 4422 4139 1801 2847 470 2210 4318 1201 2779 2613 1808 2470 2707 1576 2912 570 3564 3953 4996 1617 2697 1851 4098 3217 737 328 4260 2439 3227 1805 3839 3887 673 3129 2269 4462 2013 2668 734 2151 677 2776 465 4920 1784 483 1564 1064 4766 3102 4204 1898 1910 15 3306 4323 3416 3319 2111 1077 801 3932 2068 4652 2283 1342 1417 910 
4041 505 318 2610 448 2796 2442 3853 4578 3362 3763 918 1858 2738 1293 1589 3299 497 1264 2655 2360 2361 3021 3934 4245 1598 3081 1720 2140 2577 3603 1575 296 474 3463 2853 1738 4400 521 2228 1837 4593 4282 2012 4301 3481 2082 598 2820 3511 3791 320 3606 2277 4196 1365 3921 4165 3519 49 2711 1230 3240 2533 4147 3748 2229 796 254 705 2134 4193 4444 4634 1910 4249 3904 1616 429 4757 1565 4300 2457 966 1145 4220 2809 18 4688 3797 1926 2404 3481 1140 2003 914 3622 5000 3205 3430 4729 
4056 134 3381 4481 957 2540 2940 4142 1245 1629 1484 3228 1487 2679 2073 4391 2807 13 331 3035 518 3386 2980 3477 481 4861 3130 3094 2460 54 516 984 2162 414 824 4382 692 3609 631 1928 2690 3712 4748 3540 4558 4254 2008 4440 3434 3757 352 166 4033 1121 3258 768 4217 1771 4241 3897 614 4883 299 2750 3932 2673 3636 4452 1597 2204 392 4105 1338 840 1004 1016 1462 703 4731 1404 721 1649 4292 426 4231 3400 1512 3099 3966 2437 966 330 1389 3832 3887 1795 1305 3250 4680 2620 
4777 3985 4699 4752 3566 4494 4011 2141 1650 162 2394 3698 2330 3017 1294 3048 3250 3592 1762 1268 3304 410 3651 2211 1281 3128 2116 4174 2228 3377 1983 4527 2215 432 4400 3824 1670 1517 1015 1910 3729 3593 1575 681 992 4574 366 2044 4260 10 3788 113 2847 2511 2850 4497 2941 2584 1903 2600 4301 3291 680 1415 1057 3711 1746 3621 1816 1506 2698 3085 3375 1824 2251 2704 1604 313 1591 1120 66 499 1677 4847 1208 2992 1862 2263 2926 2259 3099 1787 2616 710 1167 3181 4498 169 3440 643 2147 
3080 1774 4810 4339 1350 1779 2772 41 2831 1563 2954 4805 925 979 3302 4750 340 966 3260 3864 2931 1461 1012 951 1822 4470 3387 1888 4303 2540 1063 566 3784 2853 604 966 1705 2630 4568 3165 4626 3074 3300 3887 1197 4036 3006 4970 4448 4794 3171 2744 895 822 3118 1515 965 4593 2398 4457 323 2347 2576 955 3388 4279 71 3784 3099 2112 4208 3770 2282 1868 1963 399 2023 1595 2368 1733 1269 2091 1425 4250 3015 4578 2290 3829 1579 89 3491 2765 678 2361 2467 3798 830 784 2308 4583 
810 3147 1104 1424 4280 1334 1680 1745 4327 3273 335 186 752 4992 2884 2685 1558 16 176 938 4073 4858 2238 1622 914 2667 3320 3744 3720 422 3068 4465 2254 3760 2448 2428 4545 4606 2724 184 57 3623 279 2761 4827 1322 3119 3397 2689 166 419 2063 330 2129 4455 704 2507 2099 2599 4663 4743 4618 918 2220 222 4292 3225 2896 2718 3854 2751 307 186 3835 152 1755 2508 3033 3689 186 2556 1623 4996 3787 1578 366 4443 3150 4773 1815 1033 1356 2142 4644 3673 3440 3383 4863 4692 4684 1484 
338 3631 4835 4857 4823 2338 2253 4779 409 4155 233 50 3327 293 653 3087 3662 36 535 1709 1588 846 903 1287 1461 3465 3725 112 3906 1456 4711 3594 4004 214 703 4275 413 3188 4235 3539 2870 1532 27 989 2981 3438 2069 4001 3115 1084 1087 3478 2105 1901 1424 3236 716 4731 2903 1278 4656 1951 1012 4914 4636 2480 1763 3354 4673 1888 3867 621 4390 4370 3042 2306 823 4153 683 899 2743 2803 3661 2443 3421 4299 3901 4793 4726 4619 1490 985 4471 795 4182 2273 91 3970 1321 394 
3914 543 3810 2573 206 2063 29 3072 10 682 3128 411 2505 2842 687 2356 1905 3497 3514 606 2463 1559 1377 4098 4614 1503 1537 4552 4237 2877 1696 856 2458 4102 1168 2344 4363 4085 1802 2381 4080 1680 97 3864 58 4086 4045 734 2778 438 4402 3860 2681 1724 1471 3327 2899 3917 3988 1931 1665 4493 2579 820 1007 2460 3671 4905 2000 4265 2316 446 1968 4232 841 130 3683 4995 1780 2663 4636 4158 1221 3736 7 3670 3633 1784 1551 1606 2306 2155 734 865 91 3748 2601 3264 3104 846 2371 
1044 2938 4499 2331 2722 4111 1730 1735 3803 4323 3121 4694 4766 3782 468 4287 3591 1151 3153 321 4303 3194 2388 2037 2422 3757 3979 4409 4661 1233 1938 2706 1539 3468 1731 36 3797 637 4307 3673 4256 4638 4195 295 874 1953 298 4823 3919 4847 2034 4539 4513 668 4725 1903 1746 3406 3989 799 126 3403 824 1627 3841 3669 521 115 4012 2868 1381 680 977 1537 610 2065 293 1638 4693 2851 3722 2867 208 45 3940 1007 3111 1648 3666 971 2421 4503 2694 2852 3004 4527 4754 427 4611 3599 
4232 3472 4096 1289 1127 4049 2308 3497 3488 977 1717 1328 1703 383 1937 3105 4295 788 4229 2935 529 2334 1882 147 2941 4063 3340 634 1709 1081 3169 2486 1060 295 936 2767 4882 286 2405 41 428 3091 3564 3395 3160 3516 2591 2932 2154 4908 2399 3549 640 3559 4572 2802 3578 2023 4711 4264 3921 970 4972 3261 3880 3492 2736 4434 1004 3968 4677 3313 3754 4900 3374 3270 61 3197 4805 3717 3998 3354 3194 69 1047 4539 4499 4672 3121 2221 1843 1225 428 4513 4039 1262 3486 3447 1865 1713 3017 
3588 430 4107 4671 1552 38 4592 3397 4789 1512 2191 2643 3937 3134 4001 4641 2358 3582 2136 3575 4562 932 4965 4387 2703 4043 2512 971 3305 1460 290 865 299 1851 231 4416 3971 3122 346 2434 3647 666 2368 800 2860 4100 1835 1771 4653 1516 2616 1252 1978 7 2387 1509 3359 3983 1994 4835 325 2489 4114 1435 1409 2317 4160 1636 2383 96 999 4739 1456 3684 4068 68 3031 3331 4133 4405 810 2865 578 2219 108 4890 1996 1101 4232 2359 2685 285 1412 2927 788 71 134 37 4519 1580 
4537 3573 3366 748 3383 665 2383 3055 2226 1107 928 2945 36 526 2242 4786 2934 2561 4715 3182 2847 1228 3274 855 1114 1456 1726 339 3343 2661 1710 3668 1 4080 3464 4943 4484 4228 1714 3241 3095 285 1764 3761 4859 76 752 4149 3630 1937 3772 2853 2139 4619 1908 2784 3441 2011 2867 34 3061 2395 732 3399 3366 4438 4991 3094 273 3048 4483 2175 1212 1500 4032 4340 3755 922 4622 338 4971 1840 4547 187 1307 947 2693 726 2624 3943 261 4794 2761 673 1980 1900 4503 1351 826 3972 1971 
3171 1622 3778 3107 4591 3422 2389 551 2641 227 2358 674 1787 2110 2393 2342 3023 3708 3641 3470 3162 4931 2300 1202 2157 2881 1050 3092 3601 2128 4110 4101 2585 4526 408 3947 1877 4025 2001 3288 521 1925 130 2467 4235 2571 1162 875 258 4033 3636 3375 1134 1602 3093 2592 4709 72 2401 4557 1746 1079 754 3561 2359 2436 4685 1655 813 311 4917 3637 1474 3757 547 3091 2172 84 329 3444 2491 4179 2767 1929 4950 506 3985 2939 3818 718 687 474 3108 4607 1960 453 4840 1547 3923 784 
329 2921 384 599 2002 1429 4550 3983 2162 133 3247 1313 4740 3595 3137 4339 474 51 1983 539 961 2467 3210 3175 4569 4750 2965 3548 88 857 4366 2656 45 3206 3339 3893 2623 4696 4768 4157 400 3991 2068 2085 1763 3355 3281 919 3925 1267 2809 3093 2531 1033 920 2420 2267 920 1186 504 2996 1751 3849 924 2616 4542 772 504 3323 979 4167 3436 1326 4845 1691 1298 4279 4238 4260 2007 34 4244 3801 2682 1759 1167 293 1754 2011 1588 1442 4379 3921 2448 3775 2344 560 789 2645 640 2241 
3399 3524 1851 4534 2671 3864 1052 2432 2470 2740 3530 2866 990 4214 2725 3514 1770 3900 4309 2715 4997 1438 3540 85 774 2143 307 3682 3281 1842 2474 1256 1311 2570 948 4484 2361 3763 1628 4142 667 3330 1298 4046 831 3072 785 1156 848 2535 1215 3473 565 1335 1564 3249 2699 1170 19 4373 1315 4250 3380 3770 1568 1268 3299 2274 2910 3894 3875 4032 2519 4320 2309 2133 792 1909 1311 1066 2718 2195 4980 988 592 2731 4820 3942 4901 3108 2898 2513 792 1768 3448 4847 80 4536 1239 4974 
3183 4939 3128 4439 126 2073 4448 2985 3333 2273 4144 538 2570 1873 215 3797 3506 4163 1008 3501 4862 1545 1360 143 1083 3925 3009 804 3394 1997 4260 3309 1557 814 1583 3915 785 2150 766 3103 283 4407 2427 4516 4825 19 3443 4728 3611 4493 2552 3355 2950 2150 4827 3614 2213 4574 2453 653 736 1217 2693 2069 1031 446 4941 1028 1280 1467 3272 1690 953 2695 874 3416 3771 4717 1769 753 3029 1516 3940 3093 2121 1953 2172 1284 67 1930 73 3839 2289 4425 3624 3151 4897 65 1477 1672 4799 
2066 1116 785 4072 1350 1624 1118 3893 1414 1945 3426 1368 3369 4202 2927 4150 181 3862 181 4378 2872 2462 3448 4484 1614 3402 2007 2474 1150 4032 1887 3319 4108 22 2653 1981 4427 3632 1179 2540 4066 1392 2122 4052 3100 1864 2707 1330 304 4761 4088 2113 8 856 2380 1502 2910 2236 4875 1906 3094 1594 4908 1921 2533 3333 3199 886 734 44 3135 4964 1126 2377 3143 560 4135 1765 1485 3815 946 471 2113 1792 3506 4875 1566 4053 3110 4928 2327 720 3607 2070 2487 4363 4584 4042 1645 693 
1477 2652 2540 385 1857 457 284 3625 4497 345 1036 4585 4473 3139 4637 4970 1325 2366 1022 3354 3244 1186 983 3105 4559 1138 4764 1355 894 3488 4141 28 3454 403 1734 1542 3279 4877 2884 3516 2763 2923 414 3332 4089 4610 4956 1769 4271 2296 3640 4179 2054 200 4778 1750 395 2784 1678 3687 4121 881 2839 1983 1180 138 4031 3940 1391 295 1711 3192 527 3564 910 3302 4582 586 1628 4564 2527 3185 1806 504 1629 1092 4487 711 616 3701 20 1702 4918 2728 975 1658 10 642 4492 4616 1654 
2153 462 238 2490 3627 4873 3676 2256 679 3261 3646 1791 847 4117 2103 4902 1918 452 4298 3252 2176 429 1980 2321 4517 716 2876 4947 1668 2114 4203 1407 2305 3720 4133 4119 3141 4188 1276 1354 395 3430 2146 1330 1223 2565 2543 1552 856 2065 912 4487 2211 3587 3145 1468 40 2713 357 4816 1 2529 1048 1991 2323 433 928 2226 3836 2802 4589 746 3310 1405 3729 3687 3754 3041 2481 609 3740 1627 1707 4499 593 1937 462 1557 983 4621 4748 3979 894 1269 4834 998 559 2048 2240 2937 
4761 1724 4246 66 3790 3402 3064 4635 2866 1957 2507 2558 1988 1969 1317 3864 2153 260 3095 1353 1760 4820 262 2594 2243 1952 4344 2619 2413 1552 1294 3252 3801 2746 2242 4101 3805 233 1092 615 3183 1505 3318 1361 4149 1072 353 658 801 3962 2544 1637 3487 2251 1194 3472 987 473 952 3453 768 1292 4486 488 3457 1544 1076 3276 4200 3160 3062 2576 4219 85 4541 2580 1110 2684 697 1620 2661 3833 3497 643 4084 669 3683 3490 2860 2621 4388 2828 3495 474 3665 1951 4560 3700 4260 4213 737 
1801 1918 580 2063 4748 3822 4989 3242 1055 1890 382 3791 4324 1311 4741 1580 3511 2249 1000 1532 481 2915 2706 2963 1729 2493 3300 4082 4544 470 4092 4507 593 4588 445 200 1577 4454 574 4961 4805 256 4186 995 1815 4600 4584 2924 4264 492 387 613 1842 4099 2936 4308 1085 2554 306 3006 1114 3152 751 4181 2506 3266 1409 1535 1462 1352 3571 605 1894 3549 861 2884 3905 2331 1136 1232 4157 2657 991 2563 2371 2775 1145 2241 2267 1252 2601 1971 2025 1535 4543 2850 2274 825 2773 1457 
4291 443 1375 1393 2290 1287 2346 1759 806 345 1357 483 3953 1725 1041 3250 4417 4537 1212 1599 4066 342 91 4475 4823 3584 2171 4340 3166 1347 528 1009 2045 4366 4267 3137 1024 3553 3987 1724 2297 2608 999 3377 1756 580 4035 2111 1529 287 120 2352 1595 1009 3709 3415 431 4737 1702 1760 4580 305 3831 3153 2943 2092 4329 3996 4934 3801 4553 4614 3585 3955 4940 882 311 1092 4882 4160 1175 1570 2962 2754 954 2654 4050 2654 3050 1021 3424 1384 4318 509 174 2516 3476 4603 2637 4038 4610 
1565 4677 1519 2486 1377 1172 3065 4553 3886 1331 627 1909 1117 1936 2438 2210 2623 3199 1919 3674 1627 2097 3306 4382 4354 772 4716 3094 1387 3770 1515 1044 55 1233 1110 1892 4752 1644 1800 619 2961 1810 1475 3959 4410 3896 1953 4778 3309 755 882 4849 1373 3964 1533 4924 3805 4414 3393 745 983 4525 3478 1531 4184 4000 4074 1293 1858 4168 157 4940 2875 1346 3370 3964 1105 1121 952 740 1881 4375 102 4136 1724 4326 4187 3309 487 572 4002 4135 1788 3393 566 409 4955 956 2261 275 
4721 1102 120 3117 2044 3406 3271 445 3869 554 1080 3340 3261 3783 3095 185 4470 2946 1572 1297 1731 1799 1957 2672 992 3943 2005 3090 1252 1969 2219 596 3097 1763 127 1917 2862 3257 604 1929 2488 1976 2532 3685 3774 135 4327 3447 407 268 3006 1623 2832 3944 1364 154 4705 1524 4561 1893 4610 330 778 3194 36 3573 1063 4325 1758 1987 1596 3180 2492 3017 315 3783 1535 2952 2125 2272 1110 1912 1356 1515 3479 1303 4811 633 571 4689 2145 1116 2724 682 2662 3941 3143 4081 3547 630 4262 
2370 4927 2161 4686 4446 2098 4428 4466 170 4383 1388 1447 3107 256 4556 4155 2271 4663 3614 4264 4420 709 4705 744 2322 1428 921 1429 4167 2789 3846 3125 4543 1154 4601 2025 3593 3050 3826 4059 854 4940 3067 4665 4726 3014 2931 2190 1755 2854 1360 4903 2052 2107 993 3181 1245 305 1926 4202 3131 707 2629 1298 1522 3759 3140 3026 2752 1846 663 17 1565 2631 2709 1932 3079 3083 4838 1491 1673 764 1578 1953 3128 3209 459 1615 194 2894 4281 2821 438 1171 2417 2982 3328 841 4471 1417 
319 876 476 2951 4453 2680 3092 2895 462 1830 2966 1245 1125 750 900 269 1963 2364 3941 1410 3735 1098 1898 22 1541 759 3154 18 1766 4841 487 1495 16 2834 2342 3859 2667 3393 4926 3248 1869 4304 705 4665 206 3685 4582 1968 2399 3150 1163 1769 2125 4935 4078 3563 4923 3521 89 2401 500 2141 658 4662 1238 2948 4232 2134 2625 3157 4294 618 2641 1810 756 3700 3688 4458 3985 2020 402 1190 450 1144 1531 4647 4743 727 821 226 4867 730 2237 812 2481 4072 440 4121 4289 4899 4972 
448 2119 4823 1532 1974 3869 2779 2170 3323 563 4724 1093 1053 4112 3905 4936 2570 2347 4158 3739 4174 3116 2746 248 2853 78 3888 4070 50 2887 1931 1787 4214 1078 407 412 2961 4739 1132 2645 4420 2913 1608 1818 30 3330 754 1944 3985 2167 4349 591 1640 2862 817 3665 3803 285 3862 765 4504 2690 4731 2110 3919 1829 1847 3558 3095 585 2722 729 254 4309 1788 1824 2072 2621 2572 2833 154 146 3093 4038 3939 4420 709 75 1781 2954 370 2749 1091 1914 2353 2110 489 4897 4488 3809 
366 2090 3028 739 2028 1563 4423 3409 2267 3261 643 2357 899 4338 3746 397 772 4463 2086 2529 3806 2138 3457 2898 977 4190 4007 480 126 4172 3627 4972 4967 96 772 375 3033 4909 4467 733 838 2974 3702 558 1039 158 2512 1214 2665 1242 1826 4510 1528 4078 1669 4618 978 1786 4882 1487 4573 2658 1688 2403 2471 3237 148 1675 2486 4154 180 1999 1106 3308 2393 4648 2338 1946 1565 4289 750 2431 4984 1823 3778 3006 1112 2153 3356 395 2594 1182 3283 2383 480 61 4232 3407 4841 4956 2991 
4205 3441 4052 2836 2310 2734 3326 2361 4235 845 2443 1597 3272 4115 1116 1403 1053 406 1394 816 2063 9 4188 812 3916 3882 1897 2888 2741 4615 1772 2262 1816 1338 3522 899 2683 4731 252 2042 454 2560 4588 4603 1024 1065 4142 1617 394 1463 2387 2778 4811 1778 1875 3959 3806 4884 1534 3351 332 2538 2552 2438 776 2908 604 1430 2762 4570 893 958 785 1089 3921 4422 4414 381 4806 1843 422 2443 3440 4725 4548 878 4759 4378 3876 3025 488 2629 3802 4123 4119 3835 1253 2763 4110 4831 
819 3388 4137 3526 4035 3473 195 4524 4310 1861 2084 2225 2874 126 4883 671 178 3309 4079 3504 4556 796 2415 3494 4602 106 4299 1185 3347 2444 4373 1525 1490 1820 316 4558 4048 4284 318 662 529 788 390 2397 1293 3436 4215 3074 2777 4449 2335 916 4352 2316 2850 2462 2686 4830 3526 4346 1057 446 2914 2476 4998 3816 3098 4723 3665 4771 2663 1482 2107 825 2683 880 380 3375 893 975 4487 4212 3120 2172 3516 3735 1263 817 549 3100 4359 397 4591 1315 2625 1690 1636 4615 220 453 2424 
1334 118 2573 3246 4753 2890 1500 1329 519 2858 2789 2837 1263 378 2348 644 1412 1931 1334 4291 385 4386 573 3602 834 200 2378 4281 821 2339 1547 1602 1268 926 3762 1142 1162 4862 1970 3811 409 1658 1992 485 3166 4122 4641 545 398 2885 2124 4386 1433 1117 3682 2202 4102 4738 3605 3362 4616 3079 3925 377 3615 788 2662 3643 1484 94 3654 4376 3447 4729 2608 3550 1427 4816 1345 1743 395 3202 1780 967 107 2046 1533 1411 3287 1900 178 4608 4734 593 2194 13 3418 4086 1284 4412 
3443 56 2107 2811 2877 3329 3189 3138 2888 2628 3116 3969 3241 2246 3385 269 3624 1577 4372 2445 4001 2632 3137 3879 1625 1760 1432 3565 4902 3568 4775 4268 2938 4239 4500 1642 1998 2858 1256 4308 1040 3066 2574 4968 670 4766 3681 1762 647 350 3475 3114 12 4091 3843 433 2411 4747 2342 1811 2755 2669 4526 4679 3159 2312 2935 2486 2904 2253 1223 4223 2678 3116 1670 2850 3837 3653 4570 1001 3307 4237 3155 1528 1133 227 3277 132 1102 3773 4128 4097 2763 1551 12 67 1373 1296 2035 4091 4417 
3682 1248 2840 2228 2083 4874 1863 2824 1320 279 4837 4462 3844 4111 831 565 2982 1322 4047 4067 3157 2890 4745 649 2770 481 3261 745 2379 1818 3964 2973 87 1876 1856 3209 4297 2680 3997 366 1956 2063 4429 3225 1360 1946 126 2520 3075 3383 235 4309 954 2116 4219 2549 446 4711 831 4049 4381 205 4 3146 769 3429 4147 1644 4685 976 2853 1163 4351 2591 141 2408 2417 1118 293 1948 2913 455 3411 4428 1950 2913 3073 724 874 1167 2822 3841 1761 3393 4520 758 3200 3697 728 4272 
791 3739 2862 2576 2731 4746 4643 1242 3252 1199 2119 4000 4839 4578 373 2244 976 2256 955 2174 4105 952 3237 1073 2953 4178 2871 2994 4392 922 3182 1408 4917 4225 1256 2573 803 1828 3351 963 1015 4633 3211 3972 27 2160 938 3680 113 2386 2581 4124 3975 4681 2864 564 3844 1969 1707 3684 4446 3159 1072 1427 3830 305 3044 1157 2698 1223 558 4445 1520 2666 4580 3867 4780 563 3064 1422 3491 3246 2837 2472 1730 4615 4935 1934 146 4418 4341 4266 1772 447 2600 1632 3908 2769 3760 2861 1597 
3858 3399 1907 3995 858 4005 195 697 282 4511 4334 473 2514 110 1623 4799 1827 690 4049 3056 1811 1126 3650 4497 3185 3855 2837 313 2117 3470 1685 1658 3278 2911 1717 1264 320 1533 4798 2330 46 2024 2083 426 3098 3881 3772 4624 3095 525 4540 655 4491 3241 4024 3705 1921 3406 3634 4629 3907 1333 1606 173 4565 3262 3635 4535 2026 434 1216 310 2264 4530 3825 650 3204 2849 1639 2782 2878 4105 2637 696 1193 996 2559 4652 1896 3231 2199 1166 3209 61 646 3894 4683 3135 4856 2762 
4058 4646 3872 4481 4644 695 4837 2563 4885 2194 2301 540 2314 4204 4771 4069 1447 1188 4606 4899 1934 4438 1774 2320 2619 1142 3725 317 3252 67 3550 386 4112 1450 3294 4156 335 4575 1797 348 3543 2266 3635 2728 1797 3578 677 584 3939 3916 1543 75 2796 1021 2830 539 2145 2731 3096 2653 57 4185 4465 3932 4871 3600 584 1674 3316 4327 4380 4229 3093 640 911 1555 308 3170 2000 595 2692 4700 862 583 1621 4130 4814 3051 4986 4590 3089 1694 451 4700 1694 3034 3373 310 2231 65 4278 
1900 2729 69 4984 4962 4674 3352 3505 2808 2709 30 2084 2742 2196 3162 830 307 2265 3667 1779 2831 1057 328 2548 886 3355 2977 1943 2807 1541 662 222 3695 2408 4912 657 4578 496 3162 211 121 3405 3185 228 891 1777 3388 2980 4714 2669 2764 1171 4721 519 3018 641 201 2632 709 4230 4382 4781 4539 4933 4784 2750 2862 1079 4200 3024 4126 1948 4505 3039 1443 2495 3192 2700 42 3501 4254 1522 1123 2543 2945 2913 2010 3057 4684 1190 3799 1401 2426 3313 4075 3684 1254 1630 887 3751 
49 4321 2214 1506 2550 1760 4399 4994 2287 1445 4563 2729 3752 4882 3952 4128 362 1531 858 2408 4977 1718 3726 28 4124 2274 2740 3279 2174 2696 1280 3672 3094 3768 884 175 1021 140 6 1062 3122 3187 492 798 1717 2519 1415 2347 242 3091 948 3591 1113 717 3421 2727 4841 4683 4230 2443 4798 2776 882 329 4557 642 3189 2397 1401 4604 3794 2325 3394 4874 3400 4969 4268 1594 1541 3486 4513 743 3697 2353 2907 4379 1833 1770 4126 4698 2419 3186 1236 3123 2798 705 4724 4677 3882 3343 2649 
262 4893 743 2089 792 1173 4951 1515 3038 1007 599 381 1456 4053 2933 3913 679 3162 4520 2704 301 2772 1085 4265 173 2882 1531 3161 994 673 1621 1135 2135 2756 1567 4480 3504 3813 710 4022 2390 1676 248 3625 557 3139 3327 1833 1439 2607 1140 4500 2090 3284 391 1472 243 2997 4116 4639 1322 783 1046 3295 3268 2532 1442 1936 2518 4883 1133 4770 3830 3149 3420 1217 3275 3387 1939 4736 1760 1323 3336 3426 3608 4656 2061 4804 867 3984 3408 1652 1392 2952 4472 886 3254 3493 2268 577 
407 3934 1520 2122 884 4562 3521 2669 430 726 1722 3925 3643 2043 3900 4889 3121 1903 2532 2974 3458 2136 2659 4679 1750 1929 1038 4275 478 3274 4657 2048 1624 3084 3191 4119 3189 447 1111 3849 651 144 725 2090 378 4553 3602 1389 3913 3524 869 3797 2144 4907 691 4737 2094 1820 917 4252 3411 292 747 276 3327 1598 269 4806 3440 4546 3930 3628 2360 3767 1219 2564 4372 105 3437 941 4072 1403 4537 419 544 853 3187 2901 4000 512 2526 1391 629 2938 1279 4862 2818 353 3018 452 735 
2733 2336 4978 1737 3775 3046 380 2595 2984 2647 2266 1902 3006 1810 439 298 202 716 270 4457 2013 4422 4922 4769 977 3385 772 3082 2152 2560 4425 1185 833 4567 3389 4852 4607 2600 2004 1206 2970 3382 3536 4875 3417 1845 3026 640 410 1464 3941 3614 4810 1930 4977 470 1397 4994 4082 170 171 1425 2337 4397 4258 798 3906 4810 698 2509 4948 2794 3278 2462 2499 4147 4631 118 955 4516 393 406 1550 1306 614 3140 2495 3599 2209 3286 3238 524 2661 3072 1727 1364 444 4982 1180 2574 
504 2181 2155 2200 394 3657 2716 2750 602 3097 3412 3225 2774 1421 4085 1713 3887 1111 258 1053 2726 4572 1074 3366 1789 1579 3254 1194 2653 674 2466 3743 3008 2244 293 2609 2659 4796 241 2633 3339 2778 4437 638 1936 4465 1825 4685 828 4785 485 4735 3375 148 2369 2913 4508 3018 1109 4010 1964 790 2699 3418 3583 3086 4296 3045 2277 3390 3271 4638 607 2685 4792 4167 3082 785 197 4495 3262 3792 1032 1681 1967 4477 4100 4219 2148 3641 1565 555 855 3702 3322 3041 1839 4711 2296 3174 889 
3050 4408 577 227 2554 2900 3050 4003 1714 4433 3881 4418 4138 2012 850 4572 387 1072 1924 3917 3895 944 2477 2971 2142 3531 3614 710 3789 1482 3295 3895 2837 4047 3440 455 1915 4095 2557 2317 3514 1934 2507 4157 1564 1738 3696 4103 3801 1620 1770 4582 1891 4090 4579 2763 4720 3906 1760 1382 508 821 4180 3318 24 1861 1327 4208 3840 3267 2478 3528 2934 1858 1991 1778 189 4196 2083 4756 4735 3952 3821 1937 2104 3758 2640 2782 681 1236 4823 3756 2119 178 149 359 919 4899 4009 4086 
4193 2134 921 4902 524 2608 684 3900 481 963 489 2467 2873 3244 3160 1939 2594 3164 3342 2576 4499 1138 873 3145 929 1714 1415 2930 3684 4519 2381 560 2383 1502 318 1911 739 2531 3491 512 2104 2610 955 2977 4064 4337 321 3034 1935 3057 3068 3290 2415 4346 2471 2211 550 2148 4690 1297 3223 3559 1229 1920 4314 1482 1495 3725 4215 1765 1452 4450 872 1079 4899 1895 1690 1667 1550 1086 3470 2995 1162 904 3221 770 4106 1462 227 744 1822 2812 264 3450 1012 4509 621 3998 2006 4109 2113 
3333 3166 2425 3703 1141 2260 1161 3170 2945 1420 2896 3182 4921 4940 2250 475 329 2816 2416 3892 4303 4291 2921 1888 3506 4783 278 3731 446 3755 1269 2607 903 1485 365 1564 3087 1181 2555 502 4883 1604 1393 1100 3902 3366 1924 239 3670 1108 90 1912 4321 2651 412 2170 3315 1321 1483 4700 583 3291 1846 3736 4755 2553 3602 4541 1477 3948 4286 3295 3905 1869 2768 844 2626 700 2431 3417 1228 2462 1253 4824 4262 1121 236 111 414 1329 1530 2156 1987 1210 4802 3456 3539 1559 4969 3586 
4735 1906 3843 1044 4556 2185 3099 192 2010 375 4594 866 2636 3072 1953 1984 3585 1308 2764 615 3203 313 948 4480 2677 1369 3293 3844 2189 1451 620 3204 2398 2894 3439 4249 660 2829 2891 379 2739 3880 4355 1466 3700 4366 50 1042 3204 1794 986 1217 4287 2105 4396 4444 3179 2879 3107 2388 2754 3838 3722 3529 3954 846 1254 308 2131 4645 4555 4694 253 2371 2339 4546 4423 3002 4734 1657 3995 2868 3272 1501 579 1095 4150 4436 4414 760 1167 4852 2423 3431 2376 4811 1475 2542 4075 3674 2238 
4829 2167 2874 3329 807 4235 4539 2885 2643 2832 3564 2703 1859 194 2593 3110 483 964 4353 225 4250 4284 2005 2323 2592 1666 310 1170 3483 1982 670 1424 1390 2991 4544 938 1059 4747 122 2267 4422 1048 735 2515 1507 3466 978 398 1631 1927 3470 4007 1282 2311 3562 838 4908 1485 3783 1731 2734 4870 3847 2020 3535 3302 1218 936 724 3910 3050 3324 1732 4162 3967 1950 3003 1133 2251 1422 3001 3416 3878 2281 2887 1319 2797 2910 639 49 4141 4264 518 4859 4361 4494 4995 4122 916 4557 
1194 1895 745 2137 593 3664 4423 2722 1150 1270 4382 4125 687 2650 4906 220 1762 2532 1562 1569 4266 473 247 3902 1243 1617 3449 720 2169 213 1461 22 398 1644 4489 2595 4221 2503 4352 4374 155 493 4304 3402 1040 2688 2424 4573 1240 1079 3223 1652 1015 4423 3918 424 2409 4509 621 3474 1951 4470 1194 3029 4502 583 503 914 4822 320 4585 802 4557 4314 483 4265 1587 2059 2591 4496 107 885 976 789 3368 1648 2075 1642 2687 4739 4810 4770 4439 2350 2165 3841 3623 457 109 2259 2056 
3036 3773 2290 3647 4842 3653 972 2626 3140 3402 3337 4924 549 1517 2651 2973 4416 4863 4682 894 604 3509 2865 4856 3047 4503 1865 158 4503 3612 350 3340 151 2099 3548 3845 4781 580 1278 3084 4003 2650 2022 258 4390 1944 3135 1378 1016 4467 2393 1380 4574 2948 4608 1490 662 1049 571 2203 645 473 3796 983 4067 3904 1504 4411 2898 148 3628 90 3863 57 4673 3053 4293 4481 728 2346 2991 2399 1911 1982 84 136 862 196 3487 2875 4768 3658 2860 530 1958 1450 4372 4046 4465 4660 
4280 450 760 4260 1854 2274 256 2218 1890 4429 3928 4681 3510 3602 3073 3356 4411 2705 3828 2826 4195 4172 3776 2638 3867 2018 4371 2629 4548 2985 848 4827 4591 102 156 3790 1328 1909 2759 2293 720 2309 2023 1493 2618 2796 4183 4206 3284 4243 555 3773 4035 1399 642 540 2282 3714 2403 1520 4254 4053 733 3896 688 2481 2805 1876 553 4978 3439 1006 3171 3099 2975 1714 4849 2976 4471 2251 3751 1540 2948 1622 3355 3199 4001 1438 1324 3085 3252 2721 2099 588 1461 2421 892 2224 3854 899 510 
4951 3394 4392 2910 2195 3469 4959 3638 2297 3429 1684 364 3064 1305 4496 1306 3059 2439 4455 3909 4805 144 4349 1729 2638 3308 2494 2982 3520 3835 3842 4570 443 2873 2327 4786 1924 3602 4368 490 4182 3831 90 4781 3615 748 2467 4330 1793 4050 2201 2326 2592 2071 293 1520 95 4286 1771 636 2150 1572 2345 3045 267 532 2839 2985 4100 3078 2319 4859 1404 4054 4296 1983 3776 1977 1367 3506 3905 3751 158 4621 4448 4963 3654 2378 179 267 4032 1792 3929 1885 2115 4916 2315 671 2833 4453 
405 2170 4643 1829 3732 1636 3902 112 101 3105 1483 1884 2558 1222 2699 2655 4059 3707 3367 3980 3271 2905 2482 4947 4717 2630 1733 2809 1944 3884 1271 328 862 362 4753 4115 2103 135 2776 2347 62 3908 2737 2965 1103 2453 989 1291 4763 3762 798 3526 4388 3518 2425 2971 3721 2785 1663 3066 4042 3695 983 4197 4262 3897 2366 4530 3765 3817 2758 2662 3446 4057 423 3870 3420 4672 4147 3566 3949 2363 4649 1715 3951 1070 1672 2229 1649 4151 1690 3194 505 832 3576 656 1260 1623 3278 2397 3026 
2651 4016 576 2651 1959 3706 666 303 4117 2870 4723 3018 4760 1065 389 485 4003 3394 55 882 903 1692 1606 3409 627 146 825 3985 1564 4487 1629 3850 151 4884 3693 292 4100 3704 2310 632 4827 4956 4393 4233 3660 2545 3440 4927 548 4369 2816 912 388 3216 1452 3710 724 4445 1813 4333 1531 816 4741 2969 3207 1443 3217 634 2469 2606 4863 1752 1231 2785 1015 4575 1149 2542 713 4919 2103 902 1337 4549 4511 1348 3177 3577 275 3993 818 360 1798 2127 2936 2792 1116 3485 3359 4462 
1674 1916 3636 4039 2432 240 2966 1507 3844 3955 4575 2392 2315 4834 4476 3065 526 1763 1219 2749 1284 1515 3240 4700 4225 3277 2366 2349 4689 4758 967 2401 3671 685 3266 4333 3162 3289 4373 2734 2417 4775 3294 1173 3557 2404 1998 884 4933 2091 4433 1534 2762 3785 4129 4802 4170 825 4820 2218 2290 412 2787 4796 342 212 3424 3963 531 1097 1193 2900 3904 2582 3997 2655 1556 1985 217 4000 4101 2408 981 744 287 1739 323 3474 2990 1119 3697 793 260 32 4255 1146 1426 1795 1367 3947 1145 
3989 333 1204 4579 4959 1622 357 2475 3597 4128 4955 2110 2125 1831 3758 740 1836 4663 2560 4000 3512 3571 1529 1045 4771 4440 3755 337 1575 2185 1454 2831 3011 3783 4634 3415 2630 4216 3018 2646 982 1788 811 2671 4939 2665 4680 1310 329 4073 1456 1790 1243 2774 2723 1032 3253 1851 1456 4205 3195 3871 2593 2157 2796 793 4948 2781 3296 4703 2026 1737 1463 523 999 2853 2484 134 691 4304 2606 4288 794 3467 609 1098 2697 2969 15 1153 3995 2756 2569 4902 2806 4249 2164 1621 536 3540 
1411 3106 3740 2482 646 1951 4562 3639 4522 205 3780 3781 3064 2508 2535 4049 401 557 1047 4523 2130 2182 1682 1857 1310 2278 1835 972 4014 3762 659 62 4386 712 749 1919 3395 4602 3215 2287 3954 3957 1268 3645 3912 819 4433 4714 4885 2628 3064 4688 828 3256 4940 1072 1117 302 2336 4046 3175 836 1666 3891 508 4352 372 1445 559 3447 1751 1824 1224 3135 925 3262 4270 66 3466 1328 94 2864 3605 4241 2441 2549 1159 2450 3627 2357 3247 2879 3903 736 2416 1902 599 786 4250 2985 2074 
3624 1699 3973 1485 3159 3221 3689 4418 2066 2418 1324 3167 4651 473 2196 3265 1651 740 3621 1079 2040 3797 4469 527 3050 803 3520 2516 4924 4337 2204 3143 4655 3753 1811 4767 568 1911 3021 4171 1533 3712 2702 2548 3011 3575 4556 2278 4621 867 3578 2410 386 3864 394 349 4389 4059 1816 3015 4335 4329 3170 1301 3042 1809 3588 1273 1231 1407 4504 80 980 4777 2723 4604 3007 3437 249 1229 2355 1088 4550 4921 2722 3337 1798 3436 3171 3156 4297 2148 2805 3112 3330 2900 2702 36 1418 1919 
4777 676 3576 2927 972 2911 4331 1526 3490 4261 3519 3489 62 4604 3376 5000 3437 4778 501 849 4606 3629 2584 2003 4913 953 4584 676 2238 3272 2108 3733 522 4033 1853 2171 866 1634 1776 3507 4733 4776 4142 3852 3161 4896 1231 3727 2729 3536 551 777 2902 600 2274 2685 129 153 4914 44 915 4185 100 1428 1972 993 4992 1364 427 1879 2353 4511 1427 1894 4914 3775 2603 1462 263 1009 2065 3140 2280 579 1732 2661 107 900 2647 171 3033 1673 1672 4893 478 81 2328 4474 1726 565 2978 
1470 1251 4647 916 6 3819 2592 3906 1800 1627 3761 4375 3515 3951 3175 4346 1313 182 2316 2799 2018 271 4323 4985 670 3639 3892 3048 454 1995 3009 3881 4790 1352 3491 773 4465 4213 4703 540 2613 3625 1898 4776 583 2065 3957 818 4010 3692 3782 1103 3756 2720 2981 3513 2834 942 1893 2793 3388 240 1488 456 2575 1428 79 4771 2298 2025 2192 510 1720 1674 1110 925 1445 1306 3011 80 3303 1456 4265 4282 4815 1240 1272 3777 3444 2632 2927 970 4624 651 2269 2147 3741 2207 366 304 
1815 1477 2893 2720 678 1990 363 4914 302 4962 270 1083 4411 4143 2196 1801 1270 4356 3640 3068 4496 4083 720 2962 3286 4494 9 4020 2051 1383 2079 575 4177 3446 4752 572 3431 3336 1686 1477 2528 4343 2434 4326 4467 3843 548 3567 2920 1540 4105 1218 3476 3870 1916 4431 3768 3082 1173 2973 1496 4859 2051 2272 904 1728 369 4457 3764 4201 4203 1981 265 4489 4007 2859 811 1968 3137 1751 258 1807 4574 701 1507 981 4135 317 4318 4270 4288 261 3135 4191 3209 6 3086 4666 540 1749 3508 
1683 169 4819 4401 4869 4750 834 723 2737 2447 3892 2181 802 4127 3292 334 2372 760 3501 1896 3266 3014 3255 1857 123 1053 83 4032 3846 92 3823 3637 4697 3672 1377 1069 2979 4712 2629 1723 516 2115 3099 355 4996 3864 3388 1595 965 348 3912 3279 2376 4573 2718 1727 3881 2976 2157 4056 2849 2826 3017 841 2222 4575 1636 1405 392 710 2664 789 544 3285 2898 621 4274 3320 150 484 360 3796 3811 348 1835 4398 1815 2701 4599 3294 3474 4469 3549 3254 3757 921 1567 3218 1533 1802 
1278 4652 3868 4090 4549 2972 2961 678 3342 492 3834 3123 2456 1521 66 980 2805 4397 246 3979 3228 1105 1323 1006 4856 2289 941 3673 632 567 3012 1364 2140 3196 1426 3379 4241 856 2553 2084 3648 3158 3043 3428 128 4013 3736 4243 4418 1659 4881 1678 3379 3896 1108 2528 4353 2869 2232 817 2307 4387 2189 4512 4754 1693 612 713 1210 687 3963 3538 1145 3202 3008 2652 2621 2396 4597 4783 1589 4300 564 2659 2582 3433 3631 3639 4260 3586 710 782 1795 3782 610 4178 244 4420 2811 3482 4816 
2591 1792 103 3966 4805 4218 4213 3046 3790 2138 4585 3187 2966 2852 974 418 1494 1813 4626 3893 3999 1396 1273 834 2905 639 2336 1653 161 2496 3232 3277 1811 3156 4256 60 1487 375 4160 3699 445 787 2535 1492 3515 2512 4666 2113 2539 4096 1303 2053 1622 4847 1172 3544 193 2072 2209 654 2743 391 1977 3503 2886 1305 2241 1163 3533 4879 1041 2452 740 1199 1721 372 733 1460 1594 2524 1495 2778 2650 1475 900 4735 3568 1457 1654 1830 2206 4284 1230 2324 172 1098 2330 1092 2650 3689 
4459 4909 2309 162 4987 938 2320 3401 4240 1958 2672 1828 2680 3885 230 4176 3230 3775 3762 4960 89 2540 4390 2930 4661 2738 4916 2896 3023 3709 2259 2418 4974 1440 883 3540 1133 195 2271 4075 2440 2382 1880 848 2716 2140 3751 3808 1753 4921 761 3573 4642 2551 33 1285 2994 2927 4793 1959 3516 3372 4754 3036 1711 1475 2218 4421 2466 4016 4811 750 1578 4985 2920 591 4814 468 878 3836 2839 374 3389 4325 1505 4816 2562 1702 3651 3715 4422 3022 4351 1434 1520 2447 3449 2988 4254 3291 4787 
1951 1708 3853 940 3995 771 1669 1137 54 1841 797 485 2620 2527 1208 2439 4718 1920 1006 179 4059 2278 4978 2966 1454 4518 1008 1880 2554 364 876 868 1801 1173 3176 4277 4721 4797 2550 3515 1530 4954 734 98 4218 3995 3550 1209 984 1237 3400 3954 2234 3410 3340 3832 2110 2536 3093 524 2177 2693 4755 4403 3551 574 3318 4580 1350 2196 3483 134 1102 1004 3473 4404 460 511 676 4776 2988 742 4618 1602 2450 2249 2686 4307 4346 1274 4055 2263 4520 1969 1064 1444 2650 4567 3673 3922 
3946 3609 1392 1641 606 2529 1547 4699 1472 1808 3790 1390 4708 4566 2665 3692 2490 2163 3032 2480 3909 2838 1268 2353 480 4330 3618 570 2699 1162 29 3454 245 1203 4245 262 4077 3993 1106 1201 2827 4249 2800 2507 4382 2652 3083 480 2222 1809 1465 2432 940 1165 602 4977 78 1209 4547 942 3339 4915 3314 4020 3517 2315 361 3968 4749 857 1264 2393 3902 2094 1304 1955 2108 496 4888 3705 623 2631 4913 794 201 161 4808 460 2082 1866 1777 2154 2781 119 3040 4147 256 3776 4579 3108 2145 
2385 4320 949 245 2558 4212 4936 4523 3509 3732 4156 4031 4233 1287 1808 1009 1871 2997 2436 4506 3476 2154 4541 35 2345 1500 4077 4834 2582 3897 1955 1523 2227 3993 3673 964 2301 2817 4911 28 3714 1987 1125 3616 4009 4412 3288 652 1029 3040 4408 2781 3356 3370 1910 1800 3870 4911 1416 3771 3912 1058 3686 3313 2224 4857 3340 2669 4382 1261 4089 4830 3118 3773 2480 2506 1648 1835 1900 3674 1473 2106 3447 4968 464 3732 1743 3292 546 4805 4700 4259 2143 2078 2010 3525 1040 1918 246 1156 
1404 668 1615 796 3223 736 4731 3333 1292 990 4563 4650 1783 2872 2694 1462 692 1582 2312 4300 2064 955 4057 2509 3379 3449 2738 2243 3141 3065 2489 1457 222 2863 4211 15 1450 2602 141 4497 174 3246 975 4477 4331 4584 2067 3695 4727 3148 2513 3318 1595 2199 1057 1983 4923 4877 3520 4626 3304 367 3769 3679 4507 3972 2383 2429 359 932 3111 773 3129 4751 1781 3086 1806 3998 4502 3824 435 1543 2595 2937 3105 1835 1629 3421 4730 725 3725 2601 3971 4226 4723 1928 2608 4017 1614 4911 172 
1396 3694 2259 1178 2414 3514 2309 1645 16 3035 1235 1009 4739 3480 4807 2848 777 1082 1285 3786 3110 1175 1950 551 1469 3180 1804 877 1094 113 2522 1915 4783 90 716 4724 653 1534 1966 3279 2792 3351 1043 1026 1015 192 4068 2701 21 683 3884 4004 95 1946 2981 1279 971 2263 3342 2211 2507 4107 1697 2351 3205 3242 1715 3022 2257 4194 4033 1723 1522 3011 3754 3189 254 2454 148 3147 1482 2334 201 1794 3955 3575 1789 3217 1960 2771 2191 233 1955 211 1254 1706 3911 4604 1787 2924 
3360 1867 3722 1796 3282 2316 4620 1360 2539 2219 249 3973 2351 1838 3598 3865 803 2345 1886 4567 1209 2206 2806 258 4458 3797 4675 2116 2425 2803 2348 2049 495 1647 849 490 4505 1927 3366 443 3932 3824 3048 527 3862 4205 873 2858 4988 3512 4578 3647 4566 1293 2878 2880 220 476 303 3062 2858 4733 372 4773 4998 3730 3366 404 1056 4597 3975 2402 1180 3663 994 357 1130 1721 1527 771 119 133 2016 3779 3290 3557 1464 4856 4663 275 1357 1754 2464 2491 1447 332 2351 2935 4905 2558 2105 
3583 4189 1602 2586 3778 4878 191 4258 3492 2960 209 4290 2275 1786 4296 2066 2517 1425 3391 1152 1748 4011 3586 2066 4672 2120 4592 477 313 4674 3864 2415 3134 3725 143 1474 4228 1325 115 2126 4079 3052 3423 1218 4351 4390 2778 1723 623 645 3329 4433 934 2416 979 980 4255 4187 2604 3558 2061 4412 1079 4808 2317 1713 3341 3177 1283 4610 2449 3917 588 4471 1702 1101 3781 3132 3218 3517 78 903 577 3916 4032 968 4783 2407 4911 4433 3516 3540 3998 3637 4866 2044 1786 3139 4927 2469 
4538 4430 2748 553 3702 1092 2733 1535 1102 1054 213 770 3360 4303 3066 2651 4634 1407 4541 2992 3564 4217 4715 476 2905 2160 3432 3082 1994 4812 458 3519 1108 210 662 2500 3062 3636 2559 4277 3681 1778 2303 2986 379 3040 1902 1634 2553 3328 1190 2927 796 2757 1457 3457 2718 1448 4147 1625 4690 2236 1889 1525 3801 219 1043 2927 2666 2844 1236 3516 3510 1269 947 1927 1460 1658 4865 3843 1130 832 1134 842 2457 1268 4629 1596 509 1429 182 1624 4433 4498 3856 375 4424 135 294 2907 3585 
2912 4378 3327 4235 982 3448 1643 359 1108 207 3504 2007 1013 2130 4137 579 656 4087 21 3653 1444 2556 3978 3349 4563 4151 1821 2031 440 2964 3659 1888 2657 2535 2329 4620 4714 4297 2884 548 4749 289 3024 635 4946 80 533 4246 2854 33 602 4287 2958 670 4536 483 3053 4511 501 447 4007 661 2054 1485 4918 3761 1933 4555 1710 1548 4340 1522 4633 3219 3592 421 1743 4193 4385 3313 1369 3460 4694 2752 3821 1188 2620 1628 2031 1251 1525 1582 3672 2875 3789 4273 2878 3466 1485 86 
1119 2686 3614 1641 351 1447 1453 482 2265 1871 4992 1051 209 2250 1820 1249 2945 2420 3139 654 2005 4649 386 78 1014 2269 3827 3329 637 1092 3802 2513 1825 607 4980 4474 3000 2353 978 2308 2250 247 2950 4602 1622 3564 1973 1817 3744 124 231 500 335 2453 607 1192 2574 126 3170 3439 1005 2981 1216 1847 358 592 1432 4610 4403 3209 2216 1672 1688 3799 760 1347 3581 2722 1909 2954 486 3488 1971 1150 4932 1149 1498 1685 3193 2274 932 3834 4268 2347 2745 345 4257 924 361 1727 4533 
1423 3907 1143 443 3615 1004 4267 2145 857 2008 4484 4332 4701 2524 1447 3742 4157 3543 983 2563 4322 1255 2449 2687 2185 2483 3600 3017 501 1947 1125 3965 396 3988 3702 1670 4425 1240 2295 3455 751 4556 1501 1008 2014 4996 1965 497 2044 1748 1894 1299 3284 3951 106 3896 3048 2328 3519 2135 1761 3525 3983 3455 1711 2579 575 1826 3784 3140 4100 2072 2971 3830 4168 2741 2135 2726 4270 2918 1926 2631 737 4343 1389 4852 4599 4914 2270 2326 3157 4514 951 1575 1962 3578 1127 2521 2994 1258 
3154 3594 2435 839 2101 3355 1575 3541 3594 2994 2564 3620 4560 2048 935 3278 1692 666 2735 570 3989 3869 1714 4003 3419 2042 1937 4629 640 561 3279 183 435 360 1395 3524 4760 1311 1763 2093 4255 890 493 2611 801 704 4538 4049 1790 4035 1859 4396 3076 2405 2109 1644 4642 3072 4300 2132 2301 4171 145 1402 4726 2344 1166 3044 2639 4634 4847 713 3453 795 4804 1396 4647 2391 4716 3922 4432 914 168 726 2968 2481 119 3515 3065 1071 2823 193 4199 4324 1037 385 965 2531 4063 3763 1833 
771 3056 2665 2371 3345 434 4846 810 1734 1178 4059 4386 3846 582 278 2554 4738 814 1372 797 4276 4721 1030 2512 1213 1814 1800 2423 3996 331 4147 471 1195 3762 2064 3003 826 1293 250 3503 944 631 2477 3670 4559 3377 3739 2098 567 2390 4168 2938 3442 4332 3730 965 430 4681 3034 569 4894 3744 2130 2588 3760 284 3711 4445 3248 349 2609 517 1973 2124 1459 1962 2912 3338 1343 4560 2556 3991 1507 4295 1820 3272 3744 2858 2263 415 4074 4038 1797 1369 2099 4788 2864 3379 3218 4827 
1748 2462 4894 3570 3049 3032 3537 3800 98 2420 4 4532 2269 4317 4177 767 2813 887 251 2778 1942 3455 1408 4645 2972 2604 2801 2526 246 593 3199 3143 1854 303 867 1186 1759 2619 4825 2534 2729 3188 2049 1245 2821 3252 3626 4783 3777 4478 4782 1722 4545 93 3992 9 3940 3910 469 349 215 4261 780 3011 64 358 661 4921 4650 4883 464 3022 4893 3188 2917 656 3343 1396 707 1062 1174 640 4939 3609 3097 2692 2093 4300 1417 4382 3895 964 4596 2050 492 4040 1096 1162 2225 2606 2669 
100 2959 2751 2504 3298 4163 1824 199 4223 2685 1749 1130 1278 3829 3233 292 3335 1562 3766 987 2833 646 4012 553 2721 1135 4818 3128 3399 2963 1081 1474 2466 604 1938 2739 4557 3098 1585 1693 4425 2871 3641 4732 2885 4248 865 688 454 1092 1638 1488 3861 4859 318 69 3891 2346 277 4894 4071 4612 641 4954 4090 4844 3591 4742 4085 4782 135 1832 2202 3001 1728 536 697 4740 1425 2488 2875 4530 991 990 1063 4823 1259 2588 4912 1336 2920 1481 531 2540 4861 2935 3225 3084 3813 974 
1256 1953 3192 2310 4743 1733 4872 1065 174 2654 4973 2459 1281 838 2701 957 616 885 346 541 3154 2542 1762 3527 971 2602 1590 870 4755 464 2833 3283 1506 4675 1627 2350 4102 980 4993 3410 2542 1974 3397 2771 4205 533 876 2600 334 3362 4006 2807 4839 2719 3436 3709 4230 2347 508 3205 504 4131 3255 4172 3208 1122 3344 2503 3419 4967 535 3125 4934 2056 1088 731 2316 1155 1099 3615 484 1979 3930 3180 3974 839 4669 1603 232 3943 2030 352 3291 1813 2454 1554 4666 4423 4376 2614 3203 
3596 2042 4628 3622 2116 3376 281 4141 4093 4788 296 3860 4926 1821 3125 979 4837 944 4992 4777 3261 980 4305 2378 3598 4499 4541 603 2623 1381 2567 2189 4345 1438 594 1616 4501 3950 3096 3756 4136 3418 2650 3918 3334 2426 403 4517 384 2243 1491 3797 2350 4612 347 79 946 3306 3213 3391 4644 503 3202 1258 1572 4978 789 2548 2883 2153 1285 3697 679 3372 4004 2655 3856 3627 1027 1374 1165 4112 652 253 3430 2373 4905 720 4565 4671 1731 1009 683 759 4472 3495 4417 4962 3160 4352 
3088 4298 3805 806 3331 1517 4149 1138 401 1166 2834 2928 4396 3470 3529 3960 1179 509 189 4351 3709 4269 3505 4848 2700 4796 764 1855 2836 68 1368 863 4732 2060 4955 641 1365 4848 2980 3546 4256 830 3954 111 2718 4892 1525 1092 3890 4568 384 4899 542 3962 2014 1187 4901 3572 4169 2195 4311 3743 1814 837 1543 786 3548 2975 246 3614 2858 2999 2114 80 1081 2655 3210 299 821 4274 3967 2483 4591 2878 510 852 2263 620 174 1423 2350 1198 2643 2127 4951 1715 3778 3783 4154 3503 4852 
3227 2637 1726 2646 2078 3051 1768 2161 595 957 4041 4961 2742 2602 3572 2079 4351 98 679 1071 4326 1765 3177 2337 784 4281 4060 2015 3176 3498 64 388 4605 4192 2330 4629 4109 988 2246 1529 4205 340 2416 1109 2064 4879 2614 316 1950 1005 4643 2460 247 1270 2475 502 23 108 92 3071 4565 3792 1542 4970 4029 2614 3863 89 2872 4910 1059 2207 1843 3384 4635 2525 4234 2394 3532 2394 2563 700 3593 1159 2959 3491 2954 728 2942 2504 1527 1711 2308 781 3587 2655 4833 1471 3698 292 
2168 4012 3033 2543 423 3955 2805 4410 2747 4212 1957 3359 2027 2449 3972 4447 2413 1443 3832 1428 733 617 349 4024 4095 61 1241 1735 3697 4476 558 279 2893 3025 3278 1868 522 568 1221 4203 1598 3008 4012 4346 3711 2500 3343 2926 912 2939 4441 3322 832 1521 1821 608 1645 1143 2634 2884 1303 2201 3134 675 583 592 4791 1594 99 392 440 1769 1565 3506 2831 1784 4163 3490 2204 4408 1906 3175 4548 245 1943 4862 3678 158 4614 225 3529 2571 1090 1463 2908 3190 4206 4971 4892 3120 417 
291 338 655 4516 179 4522 3474 878 4383 4619 1887 944 341 305 1728 1234 2964 4097 1432 3914 2708 4632 4094 3908 3258 3198 4377 4703 4011 2282 2508 2713 2011 2949 3567 4866 1741 4156 1499 2424 608 3316 686 2956 3236 4759 3959 4464 780 2049 3138 550 4936 136 3335 588 1831 3084 3396 1261 430 2580 2488 2168 3324 2572 3601 4502 3244 2060 4597 1689 574 3330 84 3607 2631 3704 259 2031 479 2808 672 2383 1258 2010 604 4165 3928 3762 3300 1581 3587 2330 4853 4214 2386 2931 3814 753 
4486 1442 3719 3410 3717 3868 2043 148 2036 2597 3293 71 4756 3710 1500 1762 879 1331 4549 2097 140 738 1195 1086 1134 1776 4711 81 4802 1388 259 1476 1872 2746 542 2602 4608 3720 597 1631 4039 1892 1023 1411 2826 4656 822 1643 644 3292 2137 459 4100 1899 3334 3666 2815 4947 3671 4149 512 4388 2723 4585 1476 2255 1770 4154 1331 171 1207 2425 4008 689 2032 2741 4783 645 3778 343 2396 1475 1473 116 1826 1280 2783 3779 730 1463 1692 1502 2980 1370 582 1932 998 4866 4244 3338 541 
1725 4273 1761 1468 2841 1358 4505 4359 2472 3173 1212 4611 2079 2788 1636 419 1132 3794 2256 3531 3660 1564 3921 4615 2509 4371 4058 4286 151 1682 2381 4259 2254 2236 3122 546 3945 1203 2870 248 2153 256 2685 556 4676 3542 4620 4760 695 872 1507 2481 4516 1398 2936 4736 2529 3553 790 2004 3991 2253 3572 162 2114 3503 4640 1423 3635 1215 927 1615 605 1398 1689 2367 576 3098 771 1539 3200 4607 909 1520 4451 4003 431 4196 3812 2297 4583 4181 1959 3472 4029 507 4339 843 4839 609 
98 4946 2300 1470 1051 1802 1580 349 3784 3237 4450 3972 1718 2044 2843 2211 1297 1189 1880 4323 4774 3199 129 4873 4561 577 2809 268 3119 2213 1173 2309 3601 2458 3461 1898 2093 4448 2943 3791 1165 830 4367 4608 3452 1301 312 1405 4858 4259 4824 2802 1686 1016 3332 3042 1543 141 3212 2393 3813 4661 4042 3484 4520 754 1558 3244 106 985 1376 3985 1236 2065 4833 422 3394 671 4058 1065 3877 4640 2680 3980 1966 1451 4698 1675 21 314 973 3073 3586 3823 3265 1760 637 4405 2767 3235 2221 
3359 1318 2889 1111 3134 4634 4207 1407 1684 2876 3263 3507 4853 2156 285 974 2403 1200 522 4589 1799 742 3640 2595 2342 3258 4993 564 911 2896 4702 1010 2343 4106 2590 4220 2935 793 3147 671 904 1880 2257 3650 3525 147 4384 1060 3590 1103 3505 1988 4375 2923 284 4247 4589 1982 1176 4598 56 1534 4313 2832 144 4428 10 1447 3550 767 3031 1107 3466 4380 1170 340 363 4345 1822 4113 705 2471 1128 510 2030 1869 116 4073 1454 3807 581 2524 2517 163 849 811 3589 4184 1720 4750 
3063 1937 1882 195 759 812 2608 69 727 1790 3831 3445 298 3067 316 804 3332 4498 659 509 3030 3334 1334 3858 4245 926 2740 3261 1160 3894 448 3510 4922 743 4973 271 340 3976 3697 1931 818 1221 4518 1537 3650 1012 2892 813 4254 3983 2007 1823 4739 4588 1412 486 4259 2055 4337 1624 395 3667 1948 1167 1836 919 4926 3424 3436 3063 460 3161 888 2090 3482 2775 2678 2375 4319 2504 1016 3226 4654 1450 2769 1577 71 396 3022 4800 2279 2784 1966 2407 1020 2224 4063 2986 3474 3152 2760 
2824 4882 1240 2201 380 1191 1116 497 943 4880 4489 2646 2088 1762 716 148 3976 744 2253 3645 3936 4310 4063 4060 4062 1768 2875 2118 2272 2520 838 548 214 2136 2447 2525 4544 2215 3664 2703 1403 1191 804 1176 3137 1482 4727 4425 83 3779 776 4616 1969 3657 84 4942 3993 3547 1417 816 2989 1753 1640 3298 1412 158 3213 4647 4578 4880 1638 4313 2755 685 689 3432 4075 2476 3805 1783 4037 3689 2630 3013 603 250 1070 2990 4074 3033 667 2530 942 4396 1799 4792 215 1560 3497 3059 
2793 3547 207 53 2411 335 4133 4646 1878 1210 3063 2327 3514 1580 4738 3648 3779 826 1074 1480 3450 2611 132 3855 35 2410 433 466 3501 1061 1882 3377 3082 549 1612 4323 4697 4113 1840 2385 1913 3416 4657 458 3549 514 2523 3956 1474 354 3927 262 2424 307 3652 4854 951 3412 1379 4407 791 438 3476 1165 4898 1066 398 273 3867 122 2320 3634 3548 2142 3248 3502 4744 431 2205 4809 1225 2559 1547 2611 3166 293 51 4 173 4414 3354 4274 1445 3130 3948 1314 2013 621 936 3133 1753 
3180 360 4704 4506 2943 3200 332 1968 920 1465 4794 1375 1709 3742 2185 3370 1793 178 4905 4225 597 4913 1124 4937 4327 2493 1406 2875 749 1408 3219 3302 2645 3785 3400 915 2876 31 4042 3465 599 2470 2976 1861 2950 3351 4426 1045 3642 3010 3403 782 4773 1951 1755 1172 4896 4760 4261 2431 1691 908 2605 221 1228 315 868 577 362 3537 4963 924 1199 4511 729 1821 2722 534 2471 92 1528 1749 889 175 3784 1408 4918 1778 915 495 3893 1074 1764 4220 2789 798 124 497 2150 1241 
1558 2138 99 2845 4376 3838 4064 4880 4458 2873 1148 4506 1146 3517 835 1537 3599 107 4247 1217 4204 2488 3989 3944 1203 4432 3071 462 2568 783 1488 848 4928 1294 428 1891 1675 3125 2204 3448 2903 1717 4987 3740 3365 2202 4197 2029 2608 1034 2860 799 2527 331 3144 3662 2014 3977 269 3492 2237 4899 2269 1775 1870 3457 2789 3161 3890 3625 775 2297 2017 1442 531 3163 2058 1181 1601 4350 1512 4201 922 4585 2814 238 189 906 1923 1577 2704 1251 2230 221 1096 4683 1041 2985 4938 2940 3454 
272 4245 3822 4441 2466 2798 4145 3099 583 2153 2217 3425 4839 3097 2472 3835 1215 1268 2677 1277 1105 2018 24 4072 4722 3161 4047 1689 1899 4038 514 1500 4053 2152 2162 4124 2226 4376 1975 4550 3434 3345 3101 2738 4826 4166 1408 3225 4797 3543 886 4792 1344 2322 4015 916 783 1104 504 2518 2888 2077 827 1170 4959 3430 3267 342 2646 2261 19 4367 4277 83 4526 1757 104 4574 1642 627 3650 3419 489 2818 1390 592 803 205 1079 2080 2419 1174 4805 1987 1257 1001 3399 4330 1249 943 
4079 517 761 2658 703 3192 2261 1332 1086 2984 4483 3321 1330 3776 1732 2445 3849 1301 2609 346 706 3951 414 940 3269 3017 4962 3832 4850 4793 82 3904 3524 950 4724 604 4622 3638 4507 3963 4004 4375 2986 2637 1708 609 1845 940 2926 4826 1233 2973 3307 3058 737 417 1653 2114 1384 3562 1115 2491 282 3275 574 628 714 3113 4372 3823 2481 2420 1279 3627 2364 2018 2622 408 1126 1476 2280 2295 4918 4548 4800 4823 4246 3444 4969 784 3840 4499 1992 4926 248 2244 693 3575 3455 1350 4633 
4058 2084 890 2929 1242 2729 2362 354 140 1054 191 30 4584 1033 4829 896 3147 4194 1377 2682 1370 3902 3873 232 467 1179 2253 4972 2546 3221 4010 1600 2983 2657 1860 3918 3651 4343 2405 118 3878 566 1184 1959 1638 2430 1331 4881 1990 1597 4438 3682 3260 3779 1685 2507 176 2602 1892 3876 2860 2390 4520 3319 4226 4120 2230 2481 3153 3400 3786 2586 4949 3380 4997 2053 4286 1534 1244 744 2990 2493 2572 2837 146 3818 1013 3361 1590 4456 2018 2893 4510 218 194 1021 1659 963 2242 2749 
150 2643 4778 1249 746 3234 155 2401 3643 4890 2887 3006 4113 4368 1969 4351 3756 1694 3132 2099 3824 1670 4188 2720 2431 4255 4361 4469 4775 468 379 1589 5000 3499 167 39 2398 3799 3122 4184 4999 3589 3998 1662 893 2770 4708 787 4209 4864 4140 1097 3699 2106 4511 3313 1696 232 1215 4153 873 2367 2654 4686 744 4643 3066 3447 4949 398 2044 3179 3830 1276 530 3021 2766 4016 3777 1677 3929 3682 1910 3677 440 3408 3472 2417 162 4693 4980 780 3639 2530 1243 1550 4025 3031 3390 2149 3840 
3078 412 1698 1143 530 681 1652 4561 3474 380 1361 2312 1524 4226 1070 3381 1424 3711 3044 4136 589 4260 3552 1754 135 2125 614 3178 1516 4817 802 1824 519 1762 121 2089 1797 1960 1283 1490 3463 1794 3723 3839 394 732 3724 4453 600 3449 3407 2859 4984 1589 879 4423 2109 4224 1856 1732 322 4633 1525 581 1399 2288 17 1747 478 1789 2911 1154 4382 2480 2307 3093 1823 400 1710 3941 3656 4474 3915 4238 2462 3806 936 2040 1442 4673 3525 4068 2411 1944 708 1022 581 1060 651 3438 
1247 176 3948 1011 3443 4110 1418 449 1529 361 2029 3164 2461 4915 3906 4532 3153 3253 1727 2544 1598 737 4435 3049 3071 2648 2616 4174 1833 1992 2621 2252 3961 1679 4217 2196 608 1686 3933 541 3367 4776 4394 3328 2260 2574 2347 459 1260 217 3193 4754 589 2993 4627 4238 1962 1268 2093 3364 2031 2249 476 2390 963 4555 2087 1786 3353 965 3742 4453 1116 86 2164 982 4903 2694 1655 554 3895 4729 3517 4368 993 4107 1944 4844 1924 4715 2163 589 313 986 524 4192 1810 479 835 481 1066 
1421 575 4517 3672 1806 3352 2328 2261 1119 2690 506 427 1981 3824 3172 4861 2426 4983 3027 1207 1956 4975 1761 911 3295 2667 3397 3699 934 4810 2907 2135 4674 3142 4092 2695 1213 1345 3489 1372 3715 3690 3148 3308 473 1240 380 1766 545 4920 1361 4654 2187 1512 1523 1416 1959 3391 2612 517 4154 2866 1829 4926 2899 3558 151 4972 220 2552 804 2098 1820 2046 1865 4368 4309 1687 2163 2995 419 4987 4276 473 4277 3792 3227 4532 2932 1896 4929 2196 2100 2407 4093 4043 2245 400 2707 3953 
581 3227 330 1387 267 2422 3062 1173 4072 64 733 4817 4714 3909 2821 1062 4103 2173 4037 499 75 2543 1051 4555 1695 4488 1303 4782 55 2810 4563 1169 2634 2973 2052 1701 1547 4753 3020 3357 2539 797 1828 249 4176 3920 3710 765 3993 1438 3717 891 1612 3312 1156 4309 406 2358 3256 1863 1504 4326 284 699 4731 701 4126 3852 4550 4471 1349 4744 4239 1246 2360 1443 3108 1178 4299 2027 879 4436 699 4389 3603 2642 3999 2666 4426 345 2336 3127 4607 771 2016 3348 4698 2482 724 4158 14 
3523 211 3816 4707 4683 4119 1167 615 2680 1630 2255 2444 1564 1602 203 2758 2011 1427 612 3807 4364 3682 2521 3109 1198 1193 3745 4484 3156 813 1531 2274 4571 1158 3703 1198 199 1339 4032 3938 1961 2212 2941 2570 3561 1282 4664 3051 2080 3301 3702 2855 1115 2692 1190 3490 4549 473 3470 4468 808 1862 2366 4043 2408 747 2668 3537 2108 2160 987 2072 2555 4317 129 2465 1959 1893 4125 414 4067 4087 2940 2399 3146 448 2093 1947 2794 3869 1700 4586 2396 3461 2701 132 1007 1551 73 693 
4441 3937 732 1640 4867 4143 4088 4156 1001 4041 2427 1345 2366 1141 1590 207 1502 4888 1621 4115 2949 2684 4356 2569 3754 823 1605 4670 1561 1478 3246 4031 2324 3415 348 3195 4792 2815 1403 899 4598 1301 4410 1355 1118 2774 2232 2756 4890 3704 3924 509 692 977 3082 1702 50 1970 2759 3553 4759 4043 2993 3428 3798 2846 1155 2913 1001 605 376 813 2512 1595 3886 2759 180 4659 599 4988 361 4215 4581 1278 2047 2902 4743 3098 45 2078 3079 1666 689 3590 2145 2961 3545 3068 4836 4227 1727 
1052 3150 4485 4064 635 4147 4100 954 1142 1285 1075 1300 162 2011 1654 3776 3803 3392 3957 1456 2020 354 2323 2562 986 3066 4145 3644 370 1197 2220 2430 584 4375 717 1780 2092 1638 3563 128 992 2811 746 4711 3316 406 1451 2885 1231 2597 883 2019 1692 1732 780 3090 1039 1055 4248 4562 1507 752 4047 4655 2483 2151 2065 1235 2855 2408 2888 4938 2285 791 1933 4553 751 4071 2492 4652 4409 3668 2598 831 134 3167 658 3573 1715 3812 4116 3565 1517 2139 1906 3635 3018 4298 3416 1392 
1990 1506 562 1964 685 1658 2573 773 1147 865 236 141 3053 3119 2510 2882 2091 1550 2061 3714 1068 2339 555 3642 1105 4645 4235 1602 2702 2933 560 904 1158 2277 4021 4594 1811 816 2640 366 3495 1461 961 736 1757 1245 2104 1840 2005 3308 1743 2260 729 2363 3017 361 2126 3404 4326 2893 4252 1126 4272 3518 4366 2079 3098 1978 4177 540 668 3649 1519 4785 3016 4836 4495 3421 3993 1495 608 3633 4425 4925 4579 2256 4513 3924 3254 1783 2381 939 1159 3562 3581 4662 1481 2203 3524 1921 3901 
422 1536 1401 1565 30 1113 510 3317 1853 4895 2399 1626 1584 3301 3903 1060 4249 1652 2760 1329 605 1261 161 1893 1986 492 2055 253 3219 2834 4052 1452 1994 287 2717 1238 805 3412 4550 1962 4825 58 2502 2089 3443 1976 2275 139 1499 3644 2796 445 2781 1325 1924 86 2144 3020 1664 1365 2365 2376 2122 240 36 1307 1733 3379 4689 3754 4840 2435 1922 3866 4372 2714 454 4037 3676 3993 423 3031 597 2424 397 4282 1496 195 1748 2573 1740 4332 3499 4437 3844 1083 3156 1159 3896 1617 
3244 588 2672 2309 4306 779 1307 2802 1431 1597 4024 826 3364 1278 780 4070 4086 4862 2063 4596 1326 2666 2722 4211 993 3960 1044 2300 1719 3430 1062 1022 2124 334 896 1494 271 469 2654 2630 2122 2743 1438 3896 3860 3632 311 3326 498 3000 951 2723 135 2602 1027 3375 607 4569 527 4913 3675 306 3387 3526 3883 2983 2118 3851 834 2788 2025 2267 1754 1050 3866 2561 2544 3521 4873 3636 146 4209 1860 3078 2630 3617 3378 4265 4274 2708 2610 157 2610 1603 246 3974 3642 1967 1080 2944 3155 
4766 2786 593 4131 2405 2383 2199 2790 4874 1304 986 3588 4650 599 4959 3911 2562 833 4911 2718 2314 3526 4030 1659 1425 753 2804 4280 334 4611 4290 2871 2402 1590 4327 140 4768 3641 2839 1597 2491 3303 1786 4718 1139 1656 1240 1066 1167 2225 249 4681 3949 2754 3936 2645 3887 2716 4578 1239 1171 4404 4247 2913 1773 4520 1971 348 4552 3317 541 1290 1799 206 3188 485 1007 3218 1259 380 3335 3023 4532 3177 2018 3974 4842 1676 941 2401 4594 443 2939 2512 3169 4320 325 1398 1816 1590 
496 800 4187 119 813 26 3966 2281 4203 3418 2712 4879 4768 1337 3164 3950 3584 2263 609 2737 1154 244 569 3491 3660 4752 484 4370 2896 81 1520 2727 1433 3981 4321 795 2908 2708 292 4000 4704 3681 3382 2084 4517 1321 4841 2077 4194 2350 4917 143 2569 3687 586 2152 2476 2732 4227 3078 3435 1672 90 575 260 3138 1629 1022 4460 1921 1006 3522 2693 927 3574 1121 1267 3959 1617 2455 3896 1763 436 2873 2506 4732 3039 4963 2038 3776 2961 2462 4515 3015 863 2823 801 653 2982 899 2212 
73 3765 3946 4376 1516 4569 2027 725 4968 2371 911 1147 2058 1328 4053 561 2240 1618 1015 4262 4655 4198 797 310 329 849 2892 2590 783 4475 2306 3070 2321 2561 4530 3434 3415 500 551 1828 3636 2808 406 662 3848 1211 1672 1629 4014 989 1582 307 4048 4695 3561 3035 3892 3908 4976 917 672 3450 4733 4247 2486 3453 1772 1378 1503 2735 4494 4878 1979 2563 2621 3625 4566 296 2763 2790 521 3029 3337 25 3665 1280 3464 2951 1283 418 4775 2978 4848 4634 4567 3169 3746 2208 638 1375 
985 2624 99 3838 2660 4463 158 168 4046 355 1651 4069 3616 370 4283 3813 4104 104 2323 932 1139 3736 4951 4780 731 715 504 2394 1120 3054 13 3238 2654 2929 3351 1603 3484 4301 1822 3924 2954 616 2236 1762 2301 4539 1725 324 736 2119 12 4782 286 119 1557 2397 2861 2305 504 4957 4776 3808 1052 1410 4287 3745 2709 1479 1480 4539 394 4586 3695 465 576 486 3698 4597 2655 3849 3693 200 1745 4276 3565 1887 3491 4919 2475 3082 3231 1900 4766 1647 4509 2254 1155 4430 4704 4862 3329 
970 81 166 1333 363 642 109 2197 4396 3431 552 3223 3257 1090 3005 1294 457 290 4139 935 4749 1073 4222 60 290 4941 365 150 1898 1737 4361 4663 3706 967 3600 2501 4438 511 1693 4081 2762 4432 4963 270 4951 4961 3702 2541 4947 3269 2894 4436 4955 3607 3514 884 4318 4698 701 1657 351 3936 3571 2923 260 69 2755 664 2444 3899 3261 2029 973 4241 2410 102 4986 3471 997 4321 4924 4766 333 195 699 270 650 3655 29 3233 4711 784 344 3365 2264 2189 4816 4090 2920 1591 
3591 490 3832 1937 3276 4947 2989 2522 689 4063 4716 2540 2039 1576 143 1519 654 3609 455 2941 2297 4831 4508 4470 2141 3679 611 1397 2340 790 764 3755 4299 958 3392 4498 1427 2431 4797 745 3144 4143 4630 2762 1566 171 472 4821 3631 2079 1091 2142 1521 1870 4330 937 4507 3401 341 2736 2266 422 1366 11 4863 404 796 2781 3020 4214 4010 203 1019 22 96 4457 2878 1770 122 3584 2946 604 4525 1840 156 81 907 902 3089 4156 2801 3236 1954 1245 4639 2218 152 3043 1843 3842 863 
1440 1801 55 3838 2420 2633 1109 2481 873 4594 587 1778 1018 4210 2319 69 1667 225 3621 3008 130 1155 3463 2082 4881 901 2892 2923 4017 485 2026 922 3089 3697 1193 3622 346 1706 3691 3173 4654 2966 4735 4338 2502 1536 840 1754 1222 1026 2862 4620 4687 247 1097 3978 2931 688 963 2662 3659 2862 4690 4880 42 660 1737 4179 3815 1078 4900 3008 1222 709 2094 4751 780 2752 1126 2329 1837 2618 657 1719 4542 3443 1339 2857 1955 1580 1637 4806 352 3282 2632 865 4950 2722 3957 1556 
2961 1728 896 3123 2157 1233 4332 406 1607 1731 956 2318 3273 480 1282 1595 4991 2710 3073 1970 4854 4747 2494 4356 2499 2886 3351 2404 4536 2417 2308 1507 2885 657 4743 2516 4647 2213 935 2601 2441 4829 3643 219 3989 2303 1476 1475 1436 1255 1269 2545 3800 1210 2362 1561 2950 2 2266 1247 1264 2324 1083 3329 114 4843 4379 1577 2684 4566 4020 3880 1490 3556 2148 3232 2756 4745 3048 4903 1834 2239 4348 4247 265 2422 4138 2332 2153 820 4094 4943 252 1076 4998 2831 2474 2558 2619 1928 1901 
727 3919 3904 2371 3115 368 3526 218 1387 2343 735 3779 4507 3877 1962 446 4882 477 2145 768 2422 4827 2771 3503 1780 745 2251 2478 2281 3808 3403 2157 1553 87 3782 1838 4427 999 3203 1726 3897 2991 17 2827 80 3690 4900 1243 2555 1876 2698 4418 1794 3702 2500 1562 1981 3667 3293 4677 947 2208 4890 4617 284 1303 169 217 642 3127 4446 384 959 3957 548 1564 931 2574 3771 4866 4875 2151 2485 4210 3936 4742 371 557 788 469 1567 84 407 1746 2703 3184 3656 2458 3368 847 
4065 597 4821 1750 3559 3314 1558 1745 2374 99 2188 1525 2219 359 3959 2197 146 1769 859 4022 4808 4371 3814 914 1762 2208 1084 2036 3220 3533 11 4554 3491 4456 1044 3853 2959 3905 3605 4525 3275 2885 3627 1116 2069 32 1864 2153 2287 4527 2495 941 4278 4828 4951 3964 4526 206 1607 1603 2864 4216 4454 1545 1100 4896 998 4714 2757 1905 388 1213 647 4262 1745 2435 2389 2745 2524 3555 1994 3531 4355 749 936 1961 2797 4271 2684 3754 2268 1392 4458 4671 2864 2873 2488 4003 2051 2037 1112 
3810 483 4134 646 3288 2493 1754 1957 4829 1319 3226 149 1276 1257 4241 4136 2716 301 4812 1496 3763 1943 2813 3172 2480 1129 179 3016 3675 4832 624 4346 3652 3707 721 2971 292 3154 2719 324 611 4527 4145 2296 2976 1075 4687 3331 1711 2411 2522 1333 3710 4067 4633 4927 2873 3760 4703 4663 3144 1914 2077 325 2492 3944 4964 2070 1508 2149 3519 1473 745 1011 2053 4777 2030 2650 2728 2569 1587 1940 1053 2507 1436 3057 3434 3674 3360 1878 2862 2741 1150 2855 4993 2872 2913 1098 4105 4947 
3366 2689 3689 1453 1809 1054 2094 3182 3210 2626 1366 3970 2736 517 2148 4651 60 451 1214 1905 4428 1788 4854 692 422 4024 4794 352 2074 4646 1775 1357 2100 363 2089 2139 2954 3296 2956 3015 2975 690 2315 3739 3625 4183 3342 2760 713 3324 3686 28 3443 4643 4234 2845 1283 2193 3072 4781 4734 4150 500 4800 3003 2419 2877 4782 408 3999 769 4995 1479 4036 1922 1877 1690 1662 3874 475 2684 875 610 2013 2539 3329 3921 4646 3611 3591 3268 3477 180 3749 3351 4300 4783 1750 4023 1420 4071 
1577 3456 4914 2449 1466 4786 2896 2498 4532 1681 2683 4427 2275 2172 3558 3552 1898 2030 3222 3161 3704 4834 4865 908 22 1374 4960 4228 4495 2685 2272 4900 269 1533 1287 3373 95 326 4387 4705 1785 3677 1107 368 901 4756 3436 3469 688 3958 203 257 3004 4125 989 1036 2258 951 3887 93 919 255 565 270 4139 4541 4434 4524 4378 3574 1893 1979 4531 517 1744 4553 2174 2283 4482 3522 3310 635 3407 2571 4589 799 3985 2875 2484 978 2292 3503 398 3564 1422 1915 1291 2524 2126 141 
719 4459 2975 2756 2750 2033 1696 767 3207 163 2559 3054 4613 2570 2306 1994 225 2266 4265 3844 3869 424 1646 4744 850 1201 2136 46 1585 4494 3434 2104 1318 2678 180 2759 982 1153 4623 3755 182 765 1061 4389 2685 4485 4716 2715 273 536 1152 4560 963 1973 1682 2533 854 648 1862 2595 591 128 4160 1920 4517 3897 2366 443 3271 2241 2532 1940 4747 2785 2743 3847 3412 1844 1328 3095 4631 1407 4813 1795 4514 1069 520 1789 2179 3364 4976 910 4994 4886 1455 1972 1837 3717 4589 2355 3279 
1599 3765 386 4679 2472 1508 3823 4770 2418 2554 4068 1064 590 2865 3718 4824 674 3659 3219 3580 3835 4179 2224 3918 4707 4320 2205 4458 3747 4759 4497 1179 4604 3179 2730 1474 4592 2849 322 2762 1801 1220 3405 2777 3827 2091 1692 665 3688 39 3605 2124 57 2546 4008 1724 3040 204 1573 3182 2356 4160 1944 62 4314 2418 47 2762 3203 1991 4883 3596 2646 319 225 3024 368 2713 915 1254 2806 3970 4033 2555 4358 443 1642 4008 1478 434 3524 4470 4744 2036 4426 2364 4637 3467 2282 2044 
4733 3670 2284 3977 1288 1615 3460 4670 3549 2047 2972 3081 4981 305 4445 1139 757 1418 2956 4044 2998 3878 558 3344 613 3012 4109 507 2226 992 3267 2507 176 4692 1560 4584 1267 2690 4798 4146 439 3009 2884 901 2470 2157 4369 2322 2045 2416 2914 1004 3979 2951 4841 19 4800 2104 421 2588 2164 4881 585 70 4502 4068 3602 2843 1357 4278 216 4096 4917 2692 4074 964 4306 4056 3049 414 4569 2920 2478 4625 2305 3245 685 3170 4257 4091 2377 862 1986 3126 1887 2582 3424 4765 1538 2369 2871 
761 4962 4009 3577 2359 3892 4060 2869 801 66 829 1838 4323 1162 3266 197 782 3648 4774 3353 1418 4722 343 854 211 1595 2722 1108 3138 1865 448 1376 3645 1683 3551 3832 3206 4353 4438 4796 3496 3150 135 2560 3090 1919 4730 1577 4359 888 3150 473 2317 2076 4775 4676 3108 1506 4766 786 122 4212 2990 1874 2107 2743 2780 1171 1334 3330 1163 990 4167 523 1153 2812 4306 2457 2428 2777 2713 190 2446 1449 1168 2068 4108 141 3382 855 3252 3000 3290 3754 4361 3627 708 1483 1125 3397 
432 2424 996 1910 4480 2761 591 3376 2406 3707 4627 1198 4063 46 2697 2269 4665 2425 753 4134 4902 4194 1655 4694 847 1931 2489 910 373 1365 3670 1150 1777 3140 3795 3672 2019 1744 2607 373 2896 843 2827 3636 4134 4543 153 2129 559 4357 4652 3753 3964 4187 3786 2283 3957 867 867 98 3741 4596 3786 601 876 3167 1747 4211 1918 2616 2865 1529 4781 775 2058 684 2387 2763 3763 1230 2014 2384 2392 3606 2246 4735 4316 4136 4800 4237 3532 4084 268 136 2545 1296 1303 105 4981 3397 22 
2339 4287 3018 3684 992 3169 845 4431 2915 1842 36 2562 1753 2714 1827 1020 877 3523 2887 4475 4822 931 3766 2074 3975 1793 3149 4252 437 2698 3718 3247 1492 2415 320 4380 1215 3124 1222 4518 953 471 1983 1827 4567 2846 2474 129 1683 4161 4167 1676 3090 161 1587 2010 3956 831 1991 3450 4094 2520 2485 1042 1137 3158 4121 955 3175 3245 175 462 2495 3170 4219 4302 2196 4874 3639 3478 2588 3567 2480 2708 1193 2542 843 3068 399 4409 3990 2000 3708 2202 3209 4648 1131 2590 4860 3440 
4521 877 4524 4927 4134 328 1781 3841 355 40 2072 1522 4200 1637 1073 4981 2021 1442 1298 632 3082 3045 3312 1974 4171 2441 1857 4649 2944 4986 2921 37 1598 3690 1145 4207 2212 3793 302 4509 4696 1547 803 1196 30 1833 509 937 2305 4651 1838 2947 3255 1238 3229 1486 4779 465 3966 2798 849 2522 2241 2852 2937 2732 3552 1982 4221 1049 3296 444 2862 588 1097 3974 128 4014 2134 1749 1347 1891 4004 1882 487 4281 2843 1989 4924 1122 151 3534 339 4932 4090 2397 1372 969 1023 590 1587 
1343 2728 3698 1115 1175 2734 854 827 1461 4247 636 4213 1335 1564 811 1074 3289 4303 3719 4148 786 714 2525 3426 3450 2569 4231 4808 1329 76 4603 1613 22 1478 1965 2428 3414 4696 3870 4011 3961 4583 3760 68 343 1716 873 4653 390 3015 2675 2909 4583 103 4834 3094 1580 552 4195 2333 3801 4271 3804 2339 4992 265 1679 2251 3527 1115 1154 1467 2280 4125 818 843 1176 4574 1573 1200 2788 4152 622 422 2177 1851 280 2765 2839 2859 3838 4743 2926 874 71 1753 2205 3271 1801 1167 
3309 1517 4913 1790 2875 2617 1472 2265 2971 4066 4793 819 3294 2022 2033 4197 4896 4493 1157 3555 1132 1880 2310 3318 3313 3433 1972 1145 4411 3623 1146 2473 304 3085 1922 2837 2334 2088 687 1249 1080 2259 907 3795 1357 4273 3259 2660 1303 4475 1973 546 135 1577 428 1156 3418 2627 2111 933 4890 4874 707 515 4819 982 1485 4637 1941 2744 1783 785 107 3675 3929 1292 4772 1802 1163 1416 2561 4911 4022 4028 3833 292 1184 1952 1713 4288 1341 4903 1029 2125 3119 1601 3463 2873 3412 3765 3010 
4999 4867 44 1350 1560 4658 796 92 1995 3532 434 3065 3528 1167 2240 1852 644 315 2767 3049 2104 1742 704 2743 3988 3807 4678 3150 1189 1182 806 280 4516 1099 3692 1001 2147 3192 1813 4396 1753 938 4339 3119 253 490 1772 1155 3076 1267 4901 2204 3550 4320 3562 2318 2130 1317 1283 3943 4001 4532 3413 633 4366 755 326 2575 3727 666 2903 206 1626 331 2648 2610 1879 4673 4081 3963 1640 1541 3855 4705 3623 1647 2368 1083 156 4448 579 2390 1424 2084 838 11 4995 1569 4363 1010 
4469 2212 1616 4339 2282 562 1827 2067 3000 1310 2943 52 4891 3485 25 4746 2670 4057 971 1 3674 2582 37 1454 2510 2450 3776 4802 2565 2220 3751 1053 4332 1434 4927 3361 3694 1954 3144 3769 2457 4882 4312 2380 4718 4401 485 450 2260 248 4688 4528 4573 949 514 3685 1274 2963 2096 4054 524 1327 732 1257 3939 2566 3997 133 4655 3250 1134 4319 3382 4207 2805 3254 1131 2488 3876 2141 4449 417 4262 3769 3626 1920 80 848 1753 2885 199 2122 4856 690 865 4962 1207 3209 3274 893 2648 
2764 1665 2474 1644 2199 1668 796 3932 275 4149 3724 1391 2166 4255 3631 433 4324 823 3304 2881 16 1872 97 3411 2839 3835 4029 4150 2057 838 2305 3879 4479 1152 4399 1825 3922 1649 4541 1213 3815 4018 4040 2862 1831 2199 4308 4348 2125 4284 1615 500 1613 2955 4667 4223 3145 4442 4482 4818 403 173 1822 4887 334 660 4691 4048 3508 4821 1677 3215 2177 1924 4363 1106 4219 3789 334 3419 1256 1191 3779 4730 1957 3657 902 475 957 3339 909 3583 2572 855 2995 3333 1263 444 3461 3469 
1796 2933 1214 3335 1742 4521 760 4608 431 2289 1300 3546 1810 4882 1732 523 4485 295 1904 492 251 4874 1922 3024 1414 4520 3373 4676 3683 1635 4375 1060 3437 1464 2556 4074 231 3482 1844 4953 4675 3158 2862 4199 4084 4822 1715 4481 4309 4883 3832 3448 1271 129 1701 713 3298 1155 4064 4281 3141 996 219 2545 2371 753 3034 4277 1809 1399 4516 4904 2532 3903 3549 2136 4258 1637 1075 1623 2646 4253 1445 752 3823 3078 3996 3273 2754 4636 2017 3385 266 1518 3309 1827 3883 444 4610 583 2921 
2893 2421 1589 3683 1857 4150 866 1019 4432 2461 3590 1372 3703 2502 1855 1117 4367 3296 4526 2050 1729 1951 362 3887 4942 238 2857 3309 4661 3112 1205 3424 3350 3266 2510 1679 4041 2275 2719 918 3612 92 3517 421 4755 2196 3020 4427 4659 2538 1977 3108 786 3799 1127 3112 2479 3248 1744 4521 2650 4077 1542 4845 3645 2751 3632 4480 1242 4541 975 2913 4738 2687 3926 4101 2822 3875 1086 637 3567 2212 2603 320 1156 4940 4543 1249 2709 3605 1530 1082 4502 153 2018 262 3003 3767 1997 4829 
3724 3855 2649 2002 927 3269 3969 4946 2630 3091 486 1004 4739 3692 1983 2037 1878 2978 4025 3991 4472 4917 142 2657 502 3265 236 4753 2119 3004 4633 4114 2361 1827 4438 3568 3388 530 2955 2509 1561 2651 654 792 2023 2306 3206 1179 2794 3036 2547 3758 3884 1915 836 494 2689 500 2659 3251 157 4258 2061 1850 1190 4151 2991 4877 4533 3916 4100 1019 2638 4456 2398 1203 1639 4079 571 375 3045 3130 2717 2166 3963 2149 417 4919 1212 3821 392 1949 4373 1582 574 2860 3478 324 1852 1185 3885 
4271 583 2493 3308 2121 2120 2394 4687 3318 172 1154 2304 1056 2474 3282 4300 3910 4806 2348 1192 2156 810 1211 3673 2996 669 4630 3137 2360 483 4896 3608 4841 876 2102 3056 1144 3476 3110 2791 4304 3264 4082 2941 3390 4863 1567 1142 2143 3965 945 4562 334 3997 1362 3465 981 3583 2544 26 1675 4272 4898 4972 4222 3702 4168 3082 988 4860 906 3551 3034 3625 4569 4451 4539 3585 2773 1314 1773 123 555 310 4715 3484 361 853 238 880 2165 3984 3614 3568 3607 3944 1652 914 4644 2165 
2375 3440 1912 3295 746 1911 1272 3021 364 2929 2747 201 3303 1792 2926 4821 2315 1702 3224 2281 4656 2407 1163 4602 199 3995 1004 564 2957 31 511 4581 3252 1137 2111 4132 4107 3175 441 1007 3655 4896 704 2619 4046 1118 261 1966 1693 187 1867 4000 2866 4449 4100 1310 1686 2326 2189 3395 1284 3071 4157 329 2285 356 1143 4588 262 3604 1507 4189 1174 2339 2779 1472 2675 3029 2456 3568 4771 3392 3370 358 670 3284 1010 1384 108 803 3905 2705 120 3344 3808 1324 116 197 561 2155 582 
1715 3297 1925 3079 706 2075 3881 1410 4244 2350 1945 1913 3767 2237 3831 4004 2458 2219 974 433 1020 2212 4613 2621 4300 10 1836 3327 2005 2379 275 4925 3330 1774 4465 3361 4464 1473 1644 284 1251 4493 2638 207 3018 4394 2589 1134 4936 1810 999 59 4547 3239 3169 1609 2402 3260 1871 3787 1520 3179 2588 4822 1351 341 2939 2467 4330 1156 1839 1369 2102 694 2390 1016 2504 69 4355 250 637 2429 1063 2403 43 3477 584 343 1812 2445 2554 323 996 99 3073 2334 2311 1356 3693 2099 
2412 4655 908 843 4300 2490 2253 3441 2986 3588 4149 4682 3163 3973 728 455 4605 2948 4455 1017 209 701 3690 18 2160 3712 287 1439 2435 526 1356 194 325 2267 1097 1860 4190 2707 1778 4332 1608 4992 282 4733 1005 3422 2330 243 3897 3533 2661 2394 3206 3167 2870 1872 4525 4061 4684 3928 2653 3149 712 1465 3359 1946 3892 1026 1404 3935 793 339 3295 1968 3681 88 4880 3494 215 1648 382 4782 871 639 81 4821 602 607 237 4755 4535 1564 405 2718 1215 2241 1566 1183 3737 4262 2245 
1620 2012 2280 584 2654 959 3336 3936 1787 1171 775 3459 4047 2032 1621 3719 2492 4510 4427 4142 4888 674 4925 3502 4241 3382 2265 987 3370 803 4642 4814 231 3780 3197 3594 4597 3627 252 912 4548 682 576 2137 1390 913 138 2168 3487 3470 4955 1619 2672 3262 4623 4734 4497 1562 3295 4758 2195 2520 2634 3599 834 1911 2013 2970 2841 4453 1419 1162 3970 68 4157 1265 1412 3599 4671 2435 942 1634 4482 1365 1576 2590 1422 3737 3078 286 3373 4662 1456 3792 4961 3700 3292 1481 2367 1268 
963 1653 3467 1097 1259 3560 4452 2711 1635 2254 4942 3074 1236 1322 247 4357 1671 4601 841 3488 3456 1838 3780 4569 381 3255 2849 3125 4088 1587 895 609 2691 604 3230 949 114 4529 111 967 4705 4924 1766 2013 4179 380 1921 1810 1456 1251 4384 846 2707 1361 849 2533 1738 2342 524 1147 3455 213 2986 771 915 1449 1156 318 2586 3569 202 2176 2286 1970 111 826 3704 361 3680 1503 3316 2367 4378 1344 4046 4071 2530 711 2025 2721 2664 290 1511 4219 864 1037 4068 4611 1066 4802 3778 
1118 2435 2239 2712 1050 1120 2729 4899 2161 4277 3498 54 2010 4404 3578 2314 4733 3040 3592 207 2951 2289 2009 3139 4739 4205 4737 101 3212 3128 2331 2266 1124 2565 4565 3793 1770 2717 3443 3943 2906 1272 1814 2111 587 3430 1955 3840 3898 2458 3937 224 3070 3216 253 347 4134 2866 2392 4067 2456 3169 959 99 1326 2637 561 432 4806 2834 4833 1967 4630 2573 4862 3831 1867 2015 762 3188 2712 2728 2352 3564 31 4803 2046 855 1824 453 4953 867 4634 295 1360 681 2712 4635 3801 1494 
2944 3242 1358 1147 1027 3360 3717 2156 3239 4884 1564 4698 3845 1494 3174 4811 3610 3659 4440 1090 4470 3585 3057 1036 3167 4185 946 4786 177 2363 4589 4692 4571 3937 3310 2696 669 44 4159 136 1950 577 3877 1205 357 1125 3675 1792 259 3643 2966 2902 4515 2519 3512 3609 1384 2109 433 1172 4307 1854 3361 1350 4681 2168 4467 2776 386 4149 2772 1246 3778 4949 4614 215 3289 1213 425 4685 4517 960 1221 4351 1373 4359 4615 2981 4832 4106 3381 2763 4875 4088 3760 2234 1608 20 1497 3705 118 
920 1799 3276 1197 2514 4338 1536 4744 3121 1059 4651 4583 2548 4873 5000 610 2008 1618 2677 21 4242 2117 1192 619 1537 4978 3526 1855 2863 4696 453 4297 2109 447 4381 1591 2419 1212 2007 2764 4626 3869 3034 1296 497 1537 4690 3895 3573 4160 3214 4238 4617 1073 2053 972 3807 2992 1579 4874 2541 3963 640 1558 2210 302 1041 2219 4070 4038 10 4157 1401 2616 4473 1410 4596 2370 301 4025 3369 523 3383 4701 1896 2738 381 1281 3229 764 4935 1655 1202 2938 1347 1052 1078 1298 3132 1190 
2505 2228 4579 3572 1638 4880 1191 4089 3933 205 2573 2476 586 4338 2704 1390 1956 4340 4812 4103 683 576 1591 267 4850 2479 4108 3750 2612 635 3086 3626 1675 1025 4998 1954 1578 1931 3138 253 3476 1382 726 1339 1116 565 4746 2662 1828 3462 3125 3459 3169 3238 2428 1677 3672 2105 1242 2056 1295 3751 1497 1681 1355 4743 3723 4105 3974 777 11 1420 1755 1086 2170 191 640 3855 4736 558 3473 32 3674 226 4609 3338 371 759 1796 3884 2484 3277 3903 4514 3944 558 3108 3026 2641 993 1299 
3074 2892 2957 4054 2009 2397 421 4080 278 1969 1850 5000 4759 3589 852 2449 2969 475 3383 3892 643 2027 4666 1380 1924 1312 2206 1495 609 2716 120 3857 2774 1707 1094 4026 4886 2200 1056 1081 1772 2098 1109 3060 1633 4009 4374 200 632 2829 429 1523 4021 936 628 505 3273 2116 3199 1431 122 1791 1559 4473 4265 4790 1416 3367 4095 2129 4372 2876 2923 304 3551 2112 3236 3038 4237 2034 947 1850 1486 3553 2917 4340 3801 3702 678 2033 4779 2229 262 1425 395 4129 4334 1811 4806 4802 
3869 4780 1646 1874 4866 4763 1784 3635 1591 4641 4988 4641 4548 2762 4489 2261 4262 1994 3105 963 3295 4261 4197 4285 3111 145 2475 2146 892 1264 3081 4184 4772 2025 80 1336 4914 2277 435 882 3872 3737 1685 2695 1428 1146 631 4267 4997 892 3186 4954 4999 4945 2552 1736 1142 4330 4871 4077 2078 1589 3254 2019 2266 1192 2995 4204 494 4978 3715 1679 1845 1007 996 4258 4158 2009 2637 2520 3860 3604 148 1739 2313 1471 2548 1061 1219 2456 4511 3551 1179 46 1361 4412 4747 650 1443 4436 1339 
508 4571 4970 2571 1784 1959 3717 1547 2650 4830 1109 3693 4792 3998 3274 2599 2909 2817 2634 3487 1349 4138 3240 669 2392 2284 1264 1896 2068 2457 3852 1611 1476 3582 2507 4538 1284 4648 3464 880 1498 2840 304 2265 692 1930 2335 2948 1267 3178 4521 260 3191 2771 3190 4194 1644 3204 682 4008 2951 2535 4146 4499 2928 1891 4245 4369 2020 3813 4909 4308 1227 834 21 3171 2892 1498 2140 2792 968 2938 4780 618 777 3186 3838 227 3947 758 44 2546 2679 3555 1080 1274 1740 2347 4729 453 
4083 2189 760 3457 4760 547 2660 2065 302 1658 4263 4155 1331 650 2043 3825 1778 4240 2791 998 165 1274 4837 3629 4763 4324 1899 1874 3784 2570 1518 397 4644 2153 4532 3188 1282 2456 44 3711 1384 2875 2479 103 1464 1111 3289 4985 678 1892 4502 2588 4061 4067 418 2969 4155 1140 1751 697 1302 2556 1705 1154 4674 1875 3299 3450 3777 766 1573 4722 3047 2439 3206 647 1072 1220 3588 2840 206 3315 2367 3397 1042 4357 1645 1545 969 3404 3924 970 4538 2707 2462 3330 1715 3409 3803 4149 500 
120 1825 4770 3072 3362 1453 3699 832 555 4330 3721 1155 4308 3440 2796 3343 3252 3324 2134 3514 1558 731 1436 1829 3151 2128 650 79 3484 3107 2448 4930 4270 4481 3125 1293 2600 1937 4922 3646 2133 2615 4299 1067 1766 3889 3816 3875 3694 1240 921 4738 462 1820 340 4319 709 2872 4841 3728 157 3116 4144 682 4648 2503 3749 3563 4836 1939 997 782 853 1310 4539 3131 1985 1763 2526 1287 2112 2574 704 319 3745 3618 4126 2888 3474 1785 3876 737 326 2451 436 1271 182 3571 2672 2918 
1796 4476 830 3898 4873 3650 4287 1272 4044 2247 483 849 784 3869 4296 4221 1870 1752 1014 2047 439 3602 1495 905 3762 4683 4018 4354 4823 147 4820 2005 4691 2711 4016 3126 3317 1506 4700 1688 3221 1307 2675 1601 4658 203 3137 3275 3202 3650 1328 2334 871 3947 1556 3842 3531 1899 970 2005 2537 2281 913 2893 3188 942 4258 4905 466 3626 3703 4174 3417 4009 3899 842 3671 1442 889 375 2299 2190 1513 1680 418 2113 1645 4578 4149 1071 2653 1116 4476 2499 3091 3218 749 1198 4877 4569 868 
2899 4133 30 3500 100 669 3314 3715 1581 2005 1214 4458 2024 2903 2734 3131 1918 3708 2129 2916 2285 3945 4507 4818 4373 3461 3436 3097 2577 2742 4577 3539 4645 988 4816 1792 3786 946 389 4905 421 4214 1774 1812 1 3774 1756 807 4742 2238 1504 2809 1538 2249 4728 4476 3838 3952 2513 2705 3995 3530 2278 4748 4535 2496 570 4904 663 1555 1261 4309 2772 4534 896 3837 4297 1718 904 2691 2002 3758 3422 322 3188 2751 442 3582 2469 251 1533 2613 61 1476 1046 2789 1376 1945 3763 1949 
1889 3123 2534 3904 4785 2895 4767 3433 956 360 4003 404 4135 321 4120 4478 3036 907 4118 4581 1898 1956 842 840 1927 1110 2 2990 2384 1237 37 2008 71 4411 801 769 3213 4696 44 2310 4154 4082 1777 3546 4478 3880 3104 1557 3620 1953 4857 2760 945 3212 4159 1337 4640 1983 3971 2803 3212 1568 1254 1945 3576 982 397 1327 2912 3597 4513 2489 974 4322 1374 4154 2044 648 4155 4548 3367 515 958 2503 4352 1020 4281 1272 3674 2719 301 4182 2408 1413 3121 1041 1497 3915 1500 3662 1756 
4917 476 2635 2304 4935 1454 36 2460 1840 2153 425 1181 1485 3500 310 337 2233 1223 2037 4089 2518 3442 2497 1439 1571 4227 3910 2309 2622 2567 596 871 2228 4058 2067 1976 2704 2599 4754 2882 116 845 3864 4971 3168 4489 4988 4900 848 2800 946 550 3137 1639 2536 3389 986 2478 3218 1935 3386 3147 4956 4927 3213 1595 2101 2030 3312 3130 375 4736 4317 3693 1396 3381 3796 4754 3423 4979 3448 2147 2147 6 398 169 4324 4074 1297 4698 3265 2525 4112 3350 242 3691 4347 1871 2119 1724 
2076 4646 1598 2061 3742 4813 2393 3471 1009 2226 4117 4900 2114 4631 4413 2341 1713 1220 1894 3317 3567 3607 1865 1803 4596 2990 1506 4933 1224 734 1948 777 4434 76 2781 3402 4544 206 1956 3654 630 4837 922 3298 4393 3921 1003 3843 51 3922 2010 4362 2336 4717 3578 123 970 522 4715 3246 4278 1075 1673 1607 4378 549 1921 4602 1768 3562 917 3786 4705 4380 4310 4241 4174 576 542 3472 1031 1293 2485 2699 2058 21 380 4289 3170 4288 1125 1916 3898 3023 960 1619 2558 3866 2461 2935 2181 
2302 4263 636 3114 2982 3954 4462 3010 189 2961 3350 4872 3853 4133 1362 350 2842 2014 2211 4482 652 1626 1749 536 4397 3378 4395 1552 3207 1275 2073 2206 795 4050 2268 409 84 998 3261 4530 4475 216 2253 3095 462 173 4236 2878 2194 2972 4957 4764 3915 4775 4141 152 1470 4116 3324 502 3981 1474 4465 793 1667 3473 1885 1473 2918 2172 743 1875 4480 1594 1518 3875 2577 470 1947 2771 1215 1788 1972 976 3874 3295 4113 801 790 3560 2902 4023 2897 256 2899 1264 2999 1115 1797 329 
4722 306 4300 3659 2194 57 2223 1963 1990 921 3499 3248 3851 2319 2246 2638 1431 4099 1399 1196 4542 2724 1094 4127 2229 1444 3152 4313 3596 4689 3865 2491 433 4109 1941 4511 677 4751 810 1013 1351 3089 2358 3526 3085 906 4364 1543 198 1813 4009 4906 2405 860 1329 2204 640 487 4522 2650 3324 857 3913 2723 1603 557 2168 2970 4662 652 330 2807 4376 1183 2382 1725 2220 4309 4233 2429 4442 4813 241 1184 4070 1187 3644 1749 2422 326 484 4015 2088 3920 1364 112 923 2653 806 1244 1829 
553 703 4197 4416 205 1016 2847 998 433 2646 3551 3538 3100 1406 950 1306 1224 3560 1036 2378 3544 2991 1038 2761 2708 4583 4193 3578 1175 3272 2550 2854 662 3923 3704 2359 3366 3813 245 3667 4429 1255 3118 4933 4235 535 3709 896 1494 1951 3622 3017 1689 4273 653 1428 1349 2933 4738 3467 992 216 1798 3373 2400 3679 2067 3342 1846 1093 148 1006 29 1402 4799 468 1972 3216 2863 3964 4603 499 455 1987 2955 3629 840 1592 4692 1652 3513 4413 602 4233 2524 1847 2722 3181 247 3104 
4788 1715 929 2035 3287 2736 2316 2229 4233 1632 3211 3004 4630 760 2954 4616 1247 4558 833 3442 2 4939 1320 1775 2885 1211 870 4548 3034 2586 1254 415 2851 4313 3526 3729 517 4247 1436 1447 1740 4868 1845 137 1658 205 3958 723 1450 2833 663 3345 4809 749 1352 871 2238 3519 3539 1659 3548 417 4976 4413 4355 3422 3058 1028 2967 3856 2149 1100 532 3749 1857 1534 2295 2773 3220 428 86 3297 2631 3298 4150 3959 4058 2682 1360 4431 1850 1685 1340 2571 4313 4280 2515 2625 4950 3058 4695 
4323 684 2940 1176 102 250 1870 2586 262 3533 2938 4894 1307 4357 2743 1024 4783 3219 1304 65 1670 3235 4923 1254 4406 1364 3332 1089 1892 4013 3842 1251 1470 1027 1945 2364 3549 437 2166 1188 2494 1729 3014 2202 2282 1668 471 3644 3977 929 1252 4685 2122 4025 2067 1026 4080 1523 3669 2378 1984 2772 2271 3635 4916 3753 3122 774 1213 2926 1732 4748 3671 4068 1510 2804 3541 3108 2154 4489 1688 2494 1697 296 181 3228 839 836 4881 4391 1469 1918 3614 4603 754 1511 3350 2924 159 4413 
1534 1469 1239 275 4000 35 1026 2248 4282 2625 709 3014 1223 1315 1235 1661 511 1846 1521 3962 350 756 2398 2284 2342 3461 3420 4471 3463 4763 3890 4524 1956 2874 154 882 4051 3470 2967 2214 1399 3870 1943 913 392 3332 3663 2521 1446 4152 549 1589 963 20 2809 3174 1733 2527 4472 1690 3304 1231 3008 889 940 4338 4882 3825 4156 4828 1592 389 4962 58 4771 2745 1145 2350 3312 4427 3033 226 2702 1287 4117 4451 334 3180 926 4029 4134 3933 421 4633 677 3912 1768 3874 87 794 1996 
3919 3799 400 3518 3930 2242 4830 2950 1091 2559 3667 306 1696 3536 2555 2931 1263 2019 588 4845 3050 84 1580 2480 385 4873 3998 3142 986 1813 3510 743 4682 387 1320 4970 383 4771 3241 2341 4890 1954 4890 2359 3198 1910 4530 1856 921 2023 1623 1008 3365 427 3807 4591 948 4271 4473 845 1350 2630 4400 4654 4941 4255 1903 1041 139 2572 753 2508 2147 3826 337 1747 3335 3770 786 147 2048 1597 21 4458 4969 1395 1589 2225 1784 1672 196 1567 262 2779 3991 4099 727 3039 93 2871 
2329 393 161 1734 2561 2505 3395 4639 740 1998 3592 4020 107 4101 2611 1378 4637 1647 4419 3876 3283 4406 3158 3937 2121 2747 3297 3327 2276 3523 4956 3463 4509 3374 2942 3285 1713 3329 1243 4844 588 1712 118 753 2949 550 986 3426 4645 4667 4335 1866 58 4589 505 4844 918 2235 4897 4096 2229 2173 3415 829 3958 4443 3695 915 4756 1936 185 1594 193 2694 1999 226 1935 3564 1833 2545 3838 3707 4971 3657 603 368 3064 3837 415 4117 1087 3130 2339 4081 876 3744 4715 295 1801 2890 4587 
3928 426 4262 2944 2139 3110 64 2515 753 388 3743 1538 796 688 3466 519 341 1519 4519 4962 706 2684 2716 3507 1995 376 3447 3329 451 4661 4038 2401 2476 2188 1747 3752 3584 226 545 320 3335 4502 2218 1637 4819 1035 979 4055 461 492 4220 3650 4820 1511 3619 3728 20 4644 3308 2053 3337 1212 455 2208 2265 4987 4436 1898 2137 3662 4638 2859 2659 1964 1038 3371 2800 1541 4108 3275 2123 190 960 4540 4605 1856 4505 2910 2505 1676 202 840 1150 414 1199 809 2284 2425 2037 4467 
3844 4859 2845 2186 595 2245 3654 2045 2566 3847 1054 4775 3973 2689 2652 4155 1077 160 2411 4738 2268 1713 4027 2106 527 2596 39 4782 4360 4857 4964 3555 3300 568 1887 911 3505 867 723 4211 3935 128 842 4677 240 3053 3790 1645 2368 3769 1502 105 2379 3027 672 4601 1925 284 4748 2371 1426 2266 1468 78 168 910 2605 3657 4746 4560 4816 1241 4869 1984 2526 4295 3020 1553 4436 4272 2009 1676 1183 1009 2328 4293 208 4142 430 1077 632 1892 1656 2379 3324 1401 582 1617 1566 2299 3730 
3990 1446 2946 670 956 1687 491 3489 1275 902 3135 2334 4563 2820 195 3778 3114 1469 1064 1913 4363 1058 399 2560 641 2053 4970 2500 2477 4070 3805 3004 4216 715 2911 2108 4762 2245 1303 1168 2512 36 329 1539 60 3507 150 2793 855 2367 3632 3856 3050 3465 3515 3765 2945 4344 1055 3012 2229 1725 2906 2156 2715 4875 2709 3805 1769 4652 3023 2336 3308 1764 4148 4001 2409 1998 1118 2850 1366 4895 4802 603 2454 3034 1331 3358 3978 3678 2619 1941 2967 4034 4657 4287 81 1112 865 4907 
2737 1256 3801 3485 445 1048 2787 465 4890 2719 651 2361 4489 3369 3548 4379 3420 4940 2971 4483 3751 1575 722 2378 1091 4103 3642 147 3216 66 3781 3771 4640 3300 3 1658 2320 647 2344 3765 533 2291 1403 4597 1999 3311 1069 1065 1008 2018 3863 3789 1024 3975 2275 2105 2436 1285 1466 1543 3751 2198 4930 767 4314 293 3143 632 3302 3536 3978 4292 689 4406 1560 2674 3091 2286 2332 3480 3558 189 3795 3507 1014 4444 1858 3638 733 3864 796 4682 1771 3856 87 38 1913 4820 4879 1133 729 
4417 2226 2723 1395 3267 21 2241 190 2978 3135 4311 4039 4591 4289 3868 1098 3076 3608 2282 4396 1742 1174 1690 2527 1167 1076 10 3419 2860 2849 2647 4841 584 4478 4589 1701 717 2887 231 3378 1218 1375 2872 656 1925 3661 4687 786 2414 4705 702 85 3323 1587 1758 4652 2154 212 1658 1382 489 2083 1388 1830 612 1919 3565 525 3524 1580 4492 541 3741 2687 2542 1664 1287 767 2280 4182 3135 3176 3186 1538 4072 2208 989 3371 3761 3736 654 502 3667 279 1968 4011 2495 4991 1628 1116 
120 4221 2192 3770 4221 1656 3525 4079 1509 3136 4329 3190 3023 128 340 2570 4061 1955 1375 4781 1250 3513 3871 3456 4466 3856 4698 2069 232 2553 1661 2082 366 258 2997 4738 632 3296 96 4129 3383 2993 2281 597 1497 3720 4776 601 3537 2809 2316 4054 1775 4098 809 3244 2555 2068 818 2606 2277 656 4634 2509 1161 3786 562 1013 3988 4148 1703 2814 4223 466 2990 1402 4845 43 1148 4076 888 4693 3725 4262 2437 3857 3195 3345 1828 2296 2699 1658 2079 504 817 4026 1689 3144 2725 835 120 
4235 1144 3264 3906 1098 4112 4 2129 3693 1673 113 231 4381 283 945 4946 2668 2484 1080 2786 4234 3375 3989 2537 3190 4784 4039 622 3201 204 4430 4235 167 4792 638 4900 4858 1126 1652 2908 2111 771 3610 3000 2637 2047 2272 1605 1021 775 4250 3753 3685 3986 4432 4942 2525 1903 1184 2712 2429 1567 843 2497 3216 3063 2121 149 3468 2291 4677 3633 2456 128 334 50 612 389 1230 894 1360 1130 3963 606 2490 1213 4353 274 4001 1900 2555 2669 1094 1712 658 2740 584 4618 4597 2709 
3494 4165 2970 3713 3879 3697 2949 4943 2552 2764 4318 3006 4753 1387 4966 3409 2784 4642 425 4219 4106 3074 2057 3569 261 830 4895 909 3474 2905 1696 384 910 2049 3196 2002 575 3185 3078 1305 2084 1353 4135 3671 2581 3883 3919 380 2261 4848 885 714 21 3610 636 784 1349 4212 4690 2528 335 595 911 4784 4527 3421 636 1179 759 320 437 4624 2695 2414 970 2486 1228 1212 100 999 585 4455 724 1551 711 1053 2617 3223 4532 412 84 2472 3220 1690 3618 3248 3558 20 3849 3455 2485 
3121 2729 1365 3530 3622 779 790 3142 2593 2547 739 192 3610 2200 4063 1803 3321 1955 3716 1672 1394 2257 98 378 2066 4631 3383 918 2534 3679 3251 3501 4160 835 1008 4191 828 3746 917 4121 4028 3528 1117 4137 3948 1038 3275 4952 3499 2704 349 246 4813 1013 1662 2942 4036 2124 1227 254 3437 3031 4836 3534 2003 1252 193 472 2622 1431 3412 4594 67 1051 4713 2806 4602 4384 1953 3361 2873 2442 2479 330 3014 4175 2974 713 1457 1602 4082 3657 4672 3536 3914 4187 1715 195 57 222 
1002 1445 1870 2877 1965 241 3526 4189 310 4509 4690 4743 1111 2839 814 2539 2764 4212 2697 4444 3022 4189 3622 590 1397 1590 4901 2955 3159 4067 293 3510 2518 2756 3224 3236 1487 3579 3314 311 2359 4522 4205 1257 4203 529 3715 4574 4057 1393 665 425 2493 151 1319 422 1574 16 3969 574 1392 4043 2355 3366 172 4294 2884 1595 2011 3691 1571 1361 3656 1766 4696 2359 2781 772 2781 3951 2053 2752 1648 1115 3513 447 2261 2963 1582 1202 626 1546 3063 3994 2603 2558 4518 4293 1983 322 2277 
975 4152 2538 1924 437 2167 790 3395 3034 2042 4442 2939 2350 2044 1800 4833 1285 1457 1776 165 3553 3156 1790 4208 809 2634 2464 1921 4457 3006 856 4968 447 2068 4073 4280 3840 1631 627 1211 3328 1558 3639 3855 1621 4849 4506 296 144 817 1710 2482 1071 2134 1191 790 1690 3473 3601 2693 235 4729 3187 4595 1482 1197 3307 435 941 3510 4855 4208 1976 1818 3347 1680 1556 2528 3578 2620 2879 1755 4806 3597 4839 1955 577 2740 628 1396 2302 1701 2471 4234 1090 1452 1298 4190 2889 1134 
3353 2728 3449 2756 271 2496 35 1833 1309 2425 2106 847 4520 2065 3079 2311 2737 2187 612 4080 2766 3235 2967 3328 4110 460 4382 1656 544 2720 4937 4069 2791 1420 2066 2098 1739 4156 4000 4639 4419 4924 398 255 3103 729 4938 3069 3295 2619 3330 4879 4149 4084 4215 1781 2873 1340 4068 1130 3439 2853 1228 4450 4784 474 3213 2955 3045 625 4741 4559 4468 3385 2598 2188 1198 4057 3726 4701 1276 979 1544 4406 4317 4594 3877 4095 663 3219 1998 204 124 3523 1316 2199 506 230 2944 2597 4665 
4013 4885 1359 1797 2474 4554 2657 4830 2784 1321 529 1441 1653 2202 2012 1349 412 1633 3871 1077 2064 3561 1813 3889 3716 4335 1315 1666 3039 534 1836 1714 1356 2304 2847 382 3048 3352 1788 2055 3059 4336 3346 1562 1622 2287 1679 2554 3589 4521 2315 2792 959 1551 4874 2417 2724 508 2728 3464 2137 1300 1772 990 3678 3371 95 3482 3413 1855 715 1972 2409 1375 4515 500 1823 3176 3111 1840 572 4036 1281 3632 3333 3323 4342 3850 2986 1882 210 1046 3907 4919 2869 3949 2263 3122 2624 1836 
