10 20
91 20 85 28 73 91 28 52 74 3 
48 33 100 57 56 35 53 1 18 100 84 
57 96 17 86 53 6 39 84 20 12 
35 88 58 12 34 71 73 20 31 92 6 
32 32 30 21 86 81 86 34 13 45 
15 91 90 13 86 54 12 32 26 58 67 
50 78 54 69 100 96 62 66 42 52 
76 88 50 11 24 15 26 60 90 2 26 
25 83 16 39 29 26 70 28 81 45 
46 85 27 70 52 90 81 85 58 88 73 
6 75 81 21 77 43 17 32 50 89 
79 14 43 86 27 13 46 38 12 21 64 
75 80 69 13 90 89 86 53 41 100 
70 37 43 89 85 51 39 79 71 28 83 
84 11 81 23 46 19 20 34 63 76 
16 44 28 79 35 39 99 26 35 1 60 
70 45 92 56 20 18 100 19 19 94 
39 60 90 82 76 5 83 26 84 44 42 
91 51 65 11 24 45 37 10 7 12 
83 3 39 24 29 26 95 32 63 74 40 
3 60 82 81 41 4 71 13 74 51 
