50 50
14 84 13 57 48 72 44 36 12 16 9 5 36 16 18 65 75 62 54 16 9 30 89 55 38 64 18 44 5 30 100 13 24 19 54 68 96 95 33 12 76 61 72 45 93 68 15 75 56 85 
61 17 17 43 8 8 18 36 8 83 16 60 81 28 100 10 74 4 26 90 86 98 48 18 26 64 77 44 47 10 66 38 55 25 91 11 74 36 67 56 44 8 29 81 98 90 49 58 62 56 5 
65 98 7 53 61 1 97 60 35 15 27 21 28 7 72 67 87 75 42 91 64 59 36 51 47 13 95 19 85 95 77 22 23 38 73 49 40 20 20 65 73 42 26 52 64 4 88 29 81 66 
82 41 76 41 70 86 69 27 22 14 81 48 10 50 63 26 9 11 59 69 44 56 26 68 43 91 85 54 5 81 94 17 86 7 98 81 32 90 48 95 74 59 35 88 34 89 48 35 31 51 44 
70 55 93 98 73 71 67 93 95 35 49 8 62 51 65 30 40 35 93 44 67 67 8 4 98 28 73 50 12 29 4 2 20 62 85 54 48 8 67 13 94 38 71 26 72 42 11 50 73 33 
5 57 18 81 10 57 10 90 90 29 84 35 28 36 55 18 5 96 88 55 5 84 63 65 45 75 4 25 53 7 72 56 94 14 47 35 33 97 59 5 97 68 73 80 73 90 8 77 96 70 92 
62 69 13 71 49 62 80 75 9 43 6 33 21 12 70 18 74 59 57 30 35 92 17 8 39 9 78 85 15 16 50 12 57 63 81 1 2 11 8 58 95 89 50 30 25 26 13 37 20 56 
1 76 25 80 63 44 98 72 11 58 83 45 22 65 38 16 86 54 60 53 86 93 16 94 63 11 40 87 23 49 37 58 65 64 8 58 67 6 63 8 47 85 50 48 15 45 25 67 30 27 30 
46 59 89 50 70 100 57 75 89 68 94 71 53 14 45 32 41 32 7 11 14 76 39 6 74 15 94 12 91 40 31 67 93 53 30 70 16 25 70 4 83 11 56 88 87 31 87 74 81 42 
87 20 60 72 97 33 84 35 46 92 29 58 31 38 1 11 9 16 66 5 16 78 37 62 94 19 61 62 36 59 50 82 32 47 22 35 46 47 19 37 40 14 93 51 97 28 82 82 13 97 67 
31 92 18 93 47 8 90 79 100 82 21 29 26 29 72 31 51 49 72 34 81 81 38 42 13 53 100 81 46 34 5 38 81 93 62 84 38 41 9 98 61 42 62 33 29 64 59 16 17 81 
79 78 97 75 14 91 86 34 91 88 40 40 96 7 44 15 49 94 88 14 29 89 43 23 11 91 90 15 14 4 96 34 90 36 59 14 85 70 6 4 74 11 23 74 10 46 88 19 46 8 76 
70 10 50 87 37 16 1 10 35 86 77 94 42 81 32 74 4 48 18 18 63 74 74 71 22 81 79 54 100 97 39 31 77 53 92 57 74 6 5 15 60 44 32 18 93 61 84 92 17 16 
21 20 87 48 92 65 82 32 30 19 86 39 35 35 33 31 71 94 32 10 91 52 41 68 87 82 39 51 21 31 68 71 44 20 62 87 18 36 23 70 34 91 83 55 52 34 85 78 51 57 50 
19 93 25 79 72 50 51 71 1 28 23 18 29 44 71 56 5 67 33 20 35 29 17 93 15 100 59 1 16 72 86 52 3 48 34 3 46 49 70 7 33 79 61 38 34 74 65 87 82 67 
75 29 49 38 46 70 86 31 13 90 16 19 13 2 30 87 61 82 16 88 72 10 17 55 4 54 73 37 83 78 28 49 50 53 44 49 49 83 91 68 20 80 22 68 10 12 82 72 48 25 13 
44 46 21 54 96 23 24 28 22 89 44 71 77 47 27 58 89 49 6 49 96 20 63 54 84 70 16 82 5 45 32 43 70 24 37 54 38 74 58 12 9 37 14 62 79 87 20 6 63 44 
74 90 5 26 38 39 63 93 16 70 22 1 89 88 34 55 5 45 49 36 67 45 15 93 2 10 23 95 15 80 67 89 39 1 96 60 99 45 55 17 16 38 98 7 66 80 56 70 61 24 59 
5 86 48 6 22 96 63 39 75 100 43 49 12 17 25 24 53 13 56 72 13 94 27 63 26 62 93 19 33 49 54 69 90 4 73 47 28 22 40 64 71 41 53 14 99 41 74 19 90 25 
85 57 46 15 1 62 61 47 15 10 16 59 99 55 90 86 96 73 11 48 57 88 40 4 62 1 53 88 18 98 17 72 3 4 17 81 40 41 79 44 74 59 85 17 12 42 90 14 26 3 57 
11 66 93 80 8 87 71 19 67 80 41 78 90 75 53 99 72 9 32 37 89 58 35 15 48 63 55 60 74 5 95 26 49 81 27 71 1 72 98 13 13 9 92 38 52 98 67 94 85 92 
8 59 48 7 88 32 71 94 74 40 92 70 95 64 90 78 47 35 5 86 80 92 85 77 94 51 7 1 61 24 97 84 61 10 41 42 30 55 1 1 77 54 80 86 74 71 32 80 100 25 19 
77 89 83 38 83 37 7 76 99 16 55 59 35 73 39 21 26 34 15 71 49 85 24 19 100 35 61 1 83 86 80 12 95 43 14 29 31 48 39 92 85 9 46 11 6 66 37 79 76 32 
53 41 33 51 52 38 80 16 50 29 18 90 77 77 27 52 13 19 91 21 46 67 59 36 26 19 60 10 16 52 98 9 56 60 99 95 2 2 92 50 19 48 68 54 82 57 16 48 52 33 44 
77 55 52 19 13 41 61 95 32 57 67 93 96 100 93 34 73 61 23 89 61 12 62 88 38 12 86 51 85 66 1 66 90 90 22 24 23 40 66 96 72 72 6 35 98 55 35 82 9 31 
54 88 81 80 69 56 18 40 72 20 3 83 28 98 42 36 73 17 52 7 66 61 82 50 52 12 6 8 13 30 20 18 32 34 90 58 1 99 65 49 93 50 23 71 39 68 68 39 20 6 57 
10 87 84 70 2 70 67 1 92 27 63 38 39 62 44 31 49 68 80 53 26 19 58 70 88 84 88 28 39 58 45 10 88 46 88 27 89 61 48 41 28 31 70 33 71 17 47 65 6 45 
85 97 80 22 76 17 93 20 47 100 77 60 64 17 87 88 79 3 41 29 16 8 75 89 7 43 50 63 8 57 6 31 7 36 71 36 29 75 76 45 37 86 58 44 73 70 20 50 51 25 1 
55 56 3 44 34 10 13 60 16 52 6 39 87 85 59 12 56 9 28 78 34 9 97 81 65 40 93 11 26 93 60 87 78 100 68 48 32 99 8 7 35 57 85 49 24 78 91 6 69 69 
35 4 20 12 18 18 12 96 15 64 63 10 58 66 28 43 92 44 76 27 65 46 31 6 100 41 73 96 25 8 17 82 36 10 91 44 83 2 49 9 64 33 61 15 66 54 48 98 66 55 34 
44 15 66 64 51 80 65 56 91 58 13 30 17 12 98 14 44 75 65 19 14 55 71 96 81 9 7 9 20 40 6 1 58 61 62 6 29 72 74 54 92 73 100 99 89 87 82 96 13 83 
23 37 69 34 84 10 20 5 88 29 23 26 81 39 28 53 61 72 6 6 88 55 68 50 91 10 33 12 11 18 66 19 20 55 79 31 90 4 59 55 1 96 95 81 64 48 7 80 58 100 84 
63 45 37 7 27 24 71 9 65 43 26 100 50 74 30 30 75 51 3 9 53 97 42 7 60 21 10 36 44 23 93 65 27 95 47 65 53 96 2 91 62 97 9 50 80 55 55 47 64 98 
20 78 9 91 2 28 76 80 77 9 13 57 64 1 21 70 34 53 22 69 98 45 22 23 19 2 74 57 62 12 3 10 84 69 30 85 63 21 48 34 27 58 12 31 2 49 2 9 5 97 100 
58 43 25 89 83 18 79 36 30 12 77 41 97 26 95 88 84 5 49 58 27 76 97 93 82 15 51 16 92 8 84 40 41 67 6 88 41 10 51 47 90 24 37 19 58 25 66 29 33 29 
46 89 10 13 66 44 57 66 18 85 71 1 24 21 45 60 46 15 48 72 58 3 36 41 1 47 63 45 90 29 75 56 9 91 19 31 33 3 63 49 6 40 79 13 94 66 96 13 23 5 58 
26 20 31 51 22 76 5 78 78 61 95 78 34 60 87 74 69 10 34 58 13 87 85 21 67 38 6 52 95 60 14 97 63 90 2 91 51 68 67 88 81 86 60 96 7 10 42 2 63 49 
93 36 36 41 28 27 12 24 33 19 20 77 66 60 97 61 87 20 10 11 65 9 9 70 99 96 54 73 25 74 89 96 32 56 45 52 51 25 62 69 78 83 23 52 13 58 36 88 82 35 17 
78 85 99 83 97 49 58 94 73 38 3 27 25 52 88 68 41 66 65 7 19 45 23 10 52 17 55 93 62 68 100 1 59 15 81 21 41 45 64 55 96 33 79 5 94 27 61 97 92 72 
42 75 7 86 94 81 50 22 82 13 72 41 16 4 78 41 9 58 29 90 31 93 49 44 32 19 18 70 47 86 90 37 32 14 36 100 74 39 91 24 27 63 78 18 12 21 37 10 67 4 67 
52 34 99 100 98 86 44 39 30 100 29 26 80 89 31 54 29 3 59 92 84 7 35 95 88 13 62 43 81 59 8 12 85 68 68 66 88 76 66 83 95 1 51 67 72 3 30 77 89 17 
98 24 46 18 2 66 46 19 32 82 91 71 62 78 37 74 93 48 57 22 5 42 88 84 27 61 65 37 96 50 77 77 26 13 82 55 97 22 66 54 64 27 28 79 13 72 56 70 13 37 20 
79 49 10 21 76 58 22 50 31 77 38 83 46 8 88 82 2 48 67 86 79 12 5 93 34 40 6 45 28 64 10 93 38 65 43 18 10 9 7 29 23 16 86 75 6 89 84 17 89 32 
49 40 56 71 78 76 15 15 60 25 62 30 100 97 48 55 37 28 55 88 72 65 90 96 66 47 16 41 67 24 78 32 95 26 56 73 54 84 41 94 70 81 51 65 23 29 84 60 94 81 71 
90 46 53 83 4 30 17 30 50 36 98 72 12 24 36 80 95 31 1 61 81 74 90 59 39 54 87 53 9 73 24 61 20 82 54 93 85 63 96 45 31 4 6 12 52 93 97 17 40 32 
43 35 3 20 80 36 84 32 68 91 60 72 25 30 78 38 55 26 13 59 84 95 59 16 81 71 31 8 26 89 20 61 70 47 61 58 90 82 18 21 69 68 70 45 6 60 19 64 49 86 40 
45 72 1 80 10 45 45 91 22 13 30 80 24 94 86 14 92 18 81 44 77 54 21 73 32 47 33 90 35 65 19 12 4 44 77 86 97 14 34 37 69 77 22 5 82 77 98 33 24 75 
2 4 33 70 48 4 79 61 80 80 51 77 46 15 43 14 76 1 17 33 97 99 7 65 93 17 73 99 38 92 18 42 24 66 12 23 62 25 63 9 76 99 26 19 91 64 37 28 46 98 87 
43 31 58 45 52 77 75 21 100 97 91 91 42 53 81 58 28 82 67 97 68 83 91 21 83 29 77 57 41 16 81 18 22 6 89 19 30 42 29 19 11 20 38 91 91 4 26 44 47 62 
64 4 54 29 3 63 1 70 51 95 85 22 94 92 79 100 45 23 29 48 74 24 46 13 17 37 56 22 90 89 66 16 73 77 73 17 14 80 67 86 91 14 44 22 74 33 41 4 10 40 11 
32 58 49 7 15 70 59 26 89 15 10 81 54 71 78 64 86 77 68 49 18 38 52 92 23 74 20 34 48 37 91 41 66 94 18 92 16 53 29 75 73 70 41 64 62 50 68 60 21 18 
72 23 64 20 52 10 28 87 8 1 85 34 92 99 91 19 40 19 69 42 10 89 33 44 84 1 83 46 84 73 27 38 62 48 79 74 32 87 79 9 68 76 27 54 68 69 7 74 68 38 59 
27 51 88 77 51 22 71 54 13 15 30 15 100 95 76 86 20 63 94 8 10 30 25 6 4 84 2 78 87 42 87 63 41 15 90 16 87 51 13 29 56 56 74 43 87 20 52 87 9 41 
89 4 23 99 23 43 69 13 54 17 67 81 99 85 63 60 74 30 90 71 100 3 12 43 95 84 49 91 14 80 92 86 79 76 42 59 52 37 43 50 13 3 24 84 87 73 31 56 17 60 57 
42 72 61 88 68 63 57 5 70 50 56 75 27 34 75 10 22 52 43 28 9 93 12 61 1 95 43 15 52 24 58 38 54 72 32 80 28 21 39 40 84 65 31 28 5 100 59 40 35 3 
36 1 28 42 19 79 47 25 96 39 46 99 70 36 2 27 4 40 11 67 3 47 10 6 26 24 92 48 15 11 57 5 54 34 81 85 71 97 16 66 84 47 69 16 63 90 71 67 90 45 13 
24 79 11 63 64 30 63 48 37 31 45 98 99 13 9 4 74 2 19 11 28 50 88 36 45 92 66 11 21 33 66 95 32 63 7 13 36 31 9 78 44 22 79 13 48 50 5 51 28 53 
38 42 11 26 7 59 18 86 19 69 89 85 59 39 92 20 92 35 64 92 100 18 85 88 99 73 69 2 32 50 90 33 29 3 3 66 100 88 23 57 76 77 78 8 94 41 48 27 46 45 25 
91 95 26 55 97 70 50 32 13 56 53 100 90 55 52 99 78 81 25 45 33 93 1 54 63 78 27 43 20 98 57 41 17 15 8 2 59 71 52 68 60 53 54 6 38 38 1 70 43 47 
19 34 18 80 54 78 10 96 6 7 69 98 62 73 82 2 41 16 95 80 18 27 75 48 64 15 60 39 52 72 89 14 69 10 24 4 22 58 47 12 63 20 21 46 31 100 15 59 13 55 5 
49 97 2 19 59 93 60 7 76 58 48 74 75 99 61 45 7 9 54 35 67 79 86 53 58 2 79 10 41 70 33 45 35 17 70 74 13 83 15 58 92 85 46 14 70 41 24 93 21 35 
47 17 50 90 48 50 65 99 59 29 63 95 24 5 67 83 58 5 31 16 91 35 59 55 40 76 53 58 43 46 87 56 54 67 94 69 95 83 56 60 21 16 96 85 46 90 32 69 73 10 11 
63 29 72 73 85 72 30 38 75 95 10 63 94 2 20 79 18 66 67 17 20 9 45 13 68 22 34 69 61 49 17 68 28 24 98 22 83 77 50 56 95 18 35 21 18 59 96 45 86 2 
19 62 76 53 12 47 81 17 80 22 11 60 41 80 64 16 75 89 96 64 93 68 75 35 10 43 80 97 42 23 47 17 60 79 76 2 77 13 44 55 73 94 28 31 7 16 16 74 13 17 56 
33 14 57 28 24 72 97 52 30 83 6 34 81 57 9 31 53 27 15 72 41 91 87 70 18 37 26 69 47 14 45 11 83 86 91 38 100 5 31 25 55 55 96 52 75 20 6 10 54 48 
44 67 68 93 8 18 3 73 17 4 21 60 82 4 88 84 34 90 76 16 66 15 36 31 61 79 44 76 90 79 66 73 56 88 10 55 39 98 45 16 12 24 78 71 51 88 61 20 86 85 48 
88 42 69 56 64 67 60 40 48 74 87 5 29 35 73 96 79 18 50 84 16 88 58 75 93 32 83 88 20 76 23 86 67 48 53 34 66 97 95 29 84 31 40 56 44 92 87 83 68 1 
75 24 95 93 40 37 75 27 83 21 50 90 74 10 56 45 22 32 33 4 89 71 31 16 38 79 76 68 96 17 6 81 90 71 70 53 51 9 80 49 11 84 60 82 41 9 67 58 76 11 80 
38 18 71 55 38 37 28 74 31 55 27 91 85 85 5 21 89 16 25 36 98 61 88 82 61 33 53 38 61 80 77 56 21 29 4 60 64 42 49 5 11 53 51 62 36 92 17 45 44 45 
50 70 46 50 76 55 36 45 4 36 6 11 61 2 3 87 56 38 50 75 59 62 18 69 56 62 1 36 47 88 89 26 60 82 51 39 98 50 57 31 9 91 66 3 83 75 69 67 90 36 64 
41 12 30 62 96 33 16 44 2 35 93 59 18 6 52 21 85 23 43 22 26 10 73 79 100 13 35 35 11 25 29 11 71 63 58 62 59 17 83 100 19 43 29 25 8 9 22 81 50 61 
32 65 26 46 68 10 52 5 26 90 79 40 47 94 43 20 52 35 94 53 47 24 35 92 22 19 30 82 45 47 41 55 54 11 69 4 23 21 78 52 32 1 90 100 96 64 30 29 2 44 15 
33 19 25 75 47 16 80 85 2 72 92 4 15 46 26 8 42 60 14 52 5 54 47 95 5 36 45 87 47 70 66 24 4 96 33 84 40 32 96 78 36 49 44 49 68 18 95 23 86 72 
92 26 35 9 1 90 72 25 90 15 38 78 98 51 33 66 46 72 23 14 79 52 10 43 77 46 27 9 40 59 68 91 38 65 45 92 76 16 75 29 62 67 19 41 91 35 5 40 4 87 26 
59 87 57 99 33 90 69 57 65 33 62 26 20 30 76 47 20 48 91 17 79 84 76 50 65 68 69 25 30 11 64 38 72 65 26 46 64 69 59 97 30 82 43 17 91 14 24 85 93 24 
4 85 31 70 95 83 35 30 100 11 100 28 44 75 35 91 72 16 82 18 66 73 32 60 100 92 96 12 74 67 12 89 75 92 44 78 47 70 2 63 41 57 32 38 18 88 63 85 93 81 42 
75 64 62 68 82 33 42 6 31 1 44 38 82 85 35 44 46 71 65 59 18 88 18 92 97 6 64 19 38 65 75 42 63 83 10 17 27 19 74 53 52 1 90 78 77 88 94 21 89 36 
22 45 35 15 19 80 56 82 63 67 13 81 71 90 67 68 45 91 98 50 35 36 49 77 32 86 32 44 39 48 33 8 74 17 18 49 47 36 25 14 61 54 77 1 37 1 72 34 39 53 89 
35 34 63 3 74 37 89 68 96 99 37 23 78 67 19 71 83 12 57 95 23 72 35 80 89 87 61 88 91 4 91 43 38 77 66 58 68 98 41 14 44 6 19 52 37 13 60 97 33 10 
16 3 38 14 76 72 77 49 39 17 32 80 27 95 21 23 99 16 78 75 93 49 75 8 93 53 75 77 80 45 53 57 66 7 12 28 89 43 90 73 28 26 10 13 62 39 42 65 49 38 42 
19 100 5 28 2 97 71 45 21 89 56 62 7 52 2 73 75 68 28 90 38 74 77 87 90 60 43 80 17 47 38 88 79 44 61 60 17 15 35 25 71 39 29 85 10 2 89 32 73 39 
9 95 88 26 94 54 44 69 34 20 13 87 97 20 6 38 73 73 34 58 46 5 82 61 4 13 29 12 57 19 42 12 10 79 30 32 76 67 17 58 55 73 29 69 87 44 58 15 15 52 6 
80 52 99 60 91 21 32 45 74 26 4 77 65 49 80 30 60 85 80 88 11 58 12 9 10 34 83 49 93 26 6 95 30 6 82 27 21 31 9 60 60 44 10 77 69 68 66 22 18 81 
5 23 44 18 41 84 76 31 82 54 1 45 17 42 62 73 61 23 81 80 97 85 55 32 99 76 22 97 31 34 21 44 100 22 100 80 22 4 59 58 32 97 76 50 83 98 65 61 53 63 5 
81 21 68 60 65 41 14 53 29 88 57 58 37 57 75 57 81 86 23 65 1 95 84 99 49 60 20 57 43 70 65 58 51 26 49 15 6 74 16 50 37 66 47 38 15 83 29 73 43 26 
45 35 14 20 62 92 76 100 77 51 25 6 47 56 65 84 77 60 17 53 3 89 78 20 32 20 20 41 41 25 62 37 66 68 64 15 88 4 63 96 58 82 67 89 16 73 73 17 20 12 19 
4 41 3 6 54 52 79 26 48 52 82 86 41 81 39 6 63 64 57 6 3 69 58 1 41 52 95 39 45 71 87 72 7 5 70 54 30 75 74 44 70 66 2 35 45 80 4 20 85 42 
82 10 84 77 72 64 9 39 60 13 57 63 5 89 42 42 11 14 47 27 81 15 4 61 76 49 100 27 90 92 6 38 6 63 77 11 67 66 36 79 13 52 80 73 8 94 51 3 42 40 23 
63 86 87 8 52 49 48 77 100 95 59 90 49 76 93 64 11 31 64 28 26 23 40 6 74 51 99 30 90 14 76 74 9 4 91 23 100 51 17 8 34 8 76 29 22 74 21 26 14 93 
1 51 93 95 69 9 78 79 51 31 36 11 9 50 19 24 69 57 60 14 98 20 10 57 26 41 23 73 21 88 11 48 24 59 16 90 19 22 31 28 81 40 72 34 76 55 36 38 66 54 83 
90 7 21 9 92 9 99 21 96 70 31 45 60 83 80 30 51 74 45 16 97 17 22 1 1 7 57 69 41 49 32 49 49 56 86 16 62 82 70 62 87 90 53 56 78 84 89 68 19 42 
47 37 52 37 96 7 88 54 74 47 5 27 78 79 21 46 87 25 50 88 46 13 72 10 68 100 58 79 16 45 9 47 90 70 40 28 90 75 53 36 68 29 71 27 42 52 31 56 7 74 56 
13 94 93 67 66 70 97 61 81 53 43 99 88 84 11 3 4 18 73 44 2 47 10 12 53 20 19 93 81 35 11 70 98 24 64 23 37 29 89 19 4 89 97 17 47 37 47 41 44 88 
39 2 49 59 22 17 60 13 63 18 78 23 58 48 25 72 22 33 83 9 39 33 95 31 76 11 28 47 71 19 85 59 29 25 29 95 9 80 13 44 15 51 75 23 20 11 75 43 3 88 57 
80 69 11 91 7 39 71 4 90 11 33 96 28 95 4 10 71 55 87 87 99 26 96 47 100 69 78 76 75 37 61 88 17 69 57 12 75 83 67 39 4 49 13 49 25 50 90 2 89 57 
12 21 34 65 12 62 93 36 19 86 30 81 96 77 77 39 77 11 51 100 90 89 74 68 79 2 25 19 50 73 49 21 36 90 44 96 36 45 29 76 20 34 57 4 99 42 72 49 15 28 25 
93 63 70 62 91 99 1 65 50 70 18 14 12 43 66 15 35 43 46 91 36 24 88 47 45 64 89 35 3 34 12 83 18 62 66 10 11 97 29 86 25 83 88 13 67 78 49 81 77 44 
82 58 60 81 9 72 21 40 99 52 65 70 66 34 35 35 38 53 28 49 38 57 32 16 7 38 92 15 90 32 74 87 67 56 3 32 37 11 55 37 51 75 6 80 50 62 31 13 41 75 93 
72 18 4 72 15 93 50 23 100 58 96 94 84 29 56 37 47 84 41 15 1 2 78 34 62 11 73 49 41 95 54 26 10 87 34 54 11 36 54 55 90 10 31 13 90 44 98 8 21 1 
4 55 49 57 72 35 73 27 25 1 52 56 3 85 21 50 9 89 60 36 42 84 88 73 97 46 12 68 79 6 61 4 50 98 55 64 62 71 17 82 14 74 98 91 11 62 87 50 64 25 5 
18 2 63 96 43 77 55 67 53 68 55 63 11 35 97 28 13 3 22 86 41 75 54 81 59 61 16 18 81 39 50 48 51 15 60 48 28 80 43 48 37 1 92 63 54 36 57 34 19 55 
