80 1000
261 647 692 566 253 326 809 322 943 599 828 982 785 389 424 850 284 185 600 542 550 514 250 742 643 739 728 7 616 540 62 759 79 46 270 313 984 742 529 257 813 527 855 132 470 740 698 648 801 733 78 673 381 254 536 619 744 981 296 81 56 180 562 290 922 821 128 588 434 523 11 527 654 152 845 178 46 395 812 923 
860 81 882 649 376 369 582 100 390 997 183 600 594 205 498 883 329 63 512 130 488 675 285 448 554 337 645 284 484 476 399 593 536 97 653 18 255 835 157 427 421 331 317 194 31 304 545 77 682 141 155 123 37 856 260 644 258 976 150 125 664 337 443 329 684 387 196 642 357 919 13 654 770 64 527 299 433 863 482 432 805 
263 347 17 97 766 978 542 778 321 473 990 109 360 874 953 142 226 620 547 987 573 561 909 114 408 411 161 793 553 317 533 187 205 58 409 92 484 445 411 624 519 845 326 679 426 386 884 993 316 870 902 955 95 198 384 153 770 977 910 861 403 279 716 644 895 104 985 926 982 419 712 231 70 118 897 991 729 960 132 602 
724 614 489 321 860 19 508 938 890 87 875 978 477 542 569 779 84 556 661 278 684 689 395 939 976 550 207 904 549 234 543 985 119 771 46 491 580 713 235 393 267 708 840 345 319 590 103 384 333 948 445 963 37 397 832 135 226 192 812 767 679 206 21 422 39 444 118 177 55 997 599 112 887 253 477 208 290 738 6 689 459 
80 549 896 285 545 564 116 319 602 161 983 416 616 708 889 579 684 516 857 847 567 264 905 698 799 64 501 411 745 358 537 657 359 714 389 318 370 268 73 350 219 597 426 869 653 821 303 979 255 285 832 934 649 607 325 68 98 375 324 90 918 375 124 388 782 122 436 860 30 988 856 215 841 503 667 429 124 408 265 794 
249 373 656 212 887 843 204 711 389 326 47 864 380 7 226 162 752 244 538 632 360 997 269 245 165 970 202 848 440 30 216 324 897 782 383 696 806 270 621 411 945 307 771 811 636 822 854 676 762 664 392 587 258 762 834 600 573 770 558 515 478 890 333 873 526 801 9 106 264 254 638 505 46 443 902 329 57 977 924 110 591 
712 564 120 541 25 4 900 212 509 357 835 137 657 644 116 127 556 842 633 693 44 521 155 256 830 116 999 246 911 884 197 725 255 254 848 13 74 800 409 704 972 192 334 148 451 229 895 35 374 903 915 494 936 153 532 176 221 56 808 127 546 678 920 737 872 345 306 240 430 28 724 744 908 21 424 865 35 561 158 629 
805 676 793 440 772 939 400 902 288 724 882 603 340 31 528 806 712 287 795 185 33 1000 658 785 372 279 252 682 698 612 462 180 860 367 582 560 905 844 936 408 234 316 968 853 677 532 605 936 429 55 157 545 604 861 379 215 72 810 880 506 272 208 400 942 915 864 163 303 500 532 573 282 17 548 767 541 174 525 165 482 43 
679 333 107 115 381 540 734 442 578 532 788 48 633 553 976 75 71 27 41 502 198 937 492 755 841 790 43 88 930 877 831 542 770 879 726 419 775 494 599 874 663 878 929 520 82 282 952 513 731 520 932 175 502 393 713 698 862 530 769 89 605 616 739 160 914 725 140 593 860 662 743 500 2 770 733 820 529 637 168 361 
925 461 780 933 583 526 544 466 32 109 87 313 145 963 489 332 821 425 441 76 187 4 149 192 256 888 63 817 546 650 626 205 310 242 402 81 886 911 454 346 548 264 288 682 621 109 672 587 176 996 198 857 319 120 434 732 544 171 819 12 114 959 462 944 588 774 508 907 154 908 568 441 557 651 389 144 436 589 410 24 845 
822 970 204 776 659 563 967 798 57 77 248 624 594 836 207 924 776 585 248 613 162 259 288 370 181 8 562 514 563 539 131 222 678 899 467 655 934 963 902 311 187 808 9 79 375 359 970 249 618 828 148 667 724 946 483 440 953 469 163 25 15 893 960 151 772 289 188 741 597 448 847 589 756 453 637 135 674 534 238 440 
440 386 656 940 953 690 465 866 497 158 577 991 625 467 330 716 520 50 428 385 332 491 956 538 482 753 905 359 814 743 155 1 813 69 79 198 669 587 17 638 375 658 756 333 362 87 489 202 362 759 626 562 676 478 942 127 318 27 690 251 25 115 968 626 135 826 615 564 874 183 730 740 510 129 931 251 439 732 325 496 227 
554 647 741 887 226 125 834 905 780 88 571 439 611 137 778 972 252 982 502 79 459 273 728 936 155 629 304 917 673 640 963 306 260 26 769 471 1 553 373 981 817 418 678 932 117 429 59 111 509 800 135 635 329 958 824 108 724 383 682 427 605 495 690 294 68 713 98 816 309 38 578 429 550 91 766 778 313 151 932 314 
104 156 139 633 860 355 872 644 144 280 657 127 107 158 377 488 579 55 226 734 711 850 694 397 993 803 441 375 267 40 367 359 463 331 820 288 334 988 631 350 171 84 417 760 454 146 994 878 240 657 57 821 10 270 165 725 650 875 775 683 379 419 572 271 768 794 415 477 977 98 202 897 2 392 347 831 357 615 814 537 825 
600 107 586 903 531 829 930 637 527 929 130 509 524 397 835 35 327 467 327 821 255 15 228 511 750 304 318 507 10 649 479 361 9 671 968 553 18 424 502 599 37 331 763 47 535 197 842 539 324 614 991 576 959 592 466 368 358 579 594 50 960 506 95 877 152 379 602 400 683 414 27 587 122 842 388 736 173 354 181 938 
627 461 930 484 953 412 144 488 273 377 579 202 466 944 221 358 294 350 117 467 902 782 666 964 33 389 249 256 992 598 541 131 29 468 821 5 200 777 184 948 675 392 270 881 378 586 813 366 444 553 865 898 153 873 548 642 101 941 566 48 163 148 644 68 993 784 134 590 278 678 856 277 192 257 115 926 212 90 84 26 951 
58 320 989 645 540 697 818 364 917 619 842 364 231 105 56 95 404 14 884 335 78 433 276 180 424 745 717 218 279 536 380 794 76 531 882 760 752 584 704 659 239 600 357 90 219 91 17 692 777 69 125 829 840 611 581 502 704 113 667 178 5 405 353 323 181 725 520 980 845 509 507 952 605 809 548 701 387 622 251 874 
189 345 869 243 782 845 505 76 596 575 177 495 98 715 490 717 523 343 189 977 815 429 893 745 551 125 177 835 281 23 369 794 782 792 663 879 258 917 123 852 973 221 525 372 450 643 563 214 429 593 135 483 174 103 375 496 640 664 823 485 748 624 469 743 630 939 207 657 49 692 843 635 468 598 985 283 228 64 657 398 368 
353 538 968 579 300 514 315 997 988 783 528 536 327 279 459 634 968 46 868 50 45 283 32 722 168 36 17 448 50 882 606 327 716 430 537 8 585 341 667 139 903 810 385 644 912 605 412 570 51 458 239 301 602 426 80 462 359 686 647 485 125 75 146 76 208 655 806 453 995 88 790 625 708 517 160 927 892 858 309 836 
860 96 716 426 974 76 705 233 449 413 793 995 190 1 820 832 414 107 850 939 787 825 290 342 113 468 228 467 978 580 387 988 699 139 162 798 98 382 48 602 536 201 541 47 733 448 315 709 874 199 474 800 113 326 256 345 197 517 420 672 60 924 559 126 922 22 718 427 765 826 533 149 594 631 118 100 261 67 563 956 539 
362 445 543 529 774 779 967 463 552 759 392 821 804 557 44 616 781 134 294 107 477 996 720 68 394 192 176 624 834 450 396 881 765 293 663 206 367 622 355 263 163 428 157 467 548 229 730 308 869 54 758 82 460 859 36 155 585 716 106 493 525 178 837 335 462 80 365 541 647 985 17 566 958 252 946 590 118 442 885 722 
284 13 401 46 610 757 830 576 770 787 909 950 242 13 946 746 571 228 762 36 999 542 611 608 940 541 59 710 604 707 892 430 219 984 165 959 873 359 657 496 591 93 645 801 423 932 966 128 523 722 977 284 802 418 546 325 311 533 740 732 569 810 493 978 288 614 458 365 821 603 882 11 966 341 444 5 87 271 557 888 211 
876 177 652 221 216 935 283 118 842 987 628 314 736 812 961 547 26 162 607 229 979 91 514 869 545 914 378 376 557 64 129 667 681 419 771 39 636 164 284 788 398 573 37 93 720 169 332 683 63 779 236 588 847 890 748 613 602 691 341 634 794 316 496 992 994 326 860 709 66 665 519 886 820 910 50 59 766 232 574 714 
169 232 39 174 944 217 281 626 420 18 237 345 594 887 3 110 467 296 167 90 323 547 117 857 130 846 143 73 280 167 391 754 650 964 547 61 278 760 293 463 769 343 789 953 860 292 100 149 949 342 291 630 921 163 909 800 527 380 61 780 963 642 624 594 13 821 481 506 231 809 428 653 367 746 627 75 812 204 748 285 499 
100 593 656 61 220 548 926 834 51 83 879 891 220 141 342 859 702 262 263 662 984 290 268 726 423 667 987 515 341 733 554 46 808 725 888 519 82 529 210 866 671 668 440 657 991 28 62 976 316 756 964 25 182 911 765 532 371 983 769 661 522 251 347 947 260 373 628 895 115 251 540 448 847 551 512 837 224 732 328 564 
326 962 211 35 649 611 950 686 128 95 286 441 312 902 955 820 707 851 842 568 801 876 172 901 885 651 777 228 261 884 152 787 60 109 838 155 484 27 384 579 490 419 437 708 318 954 895 125 533 511 364 851 187 490 766 441 152 431 231 867 786 600 419 371 625 940 818 82 889 465 560 288 250 245 244 605 745 70 988 685 582 
196 96 917 148 767 169 195 63 778 149 100 740 799 644 471 42 233 735 130 796 508 520 249 376 468 219 270 687 338 536 954 35 289 487 401 794 293 941 228 486 880 110 328 77 540 470 945 107 276 566 803 971 707 596 74 511 962 7 713 538 807 417 542 424 169 275 514 247 855 152 898 982 272 225 567 928 140 455 149 97 
190 494 575 965 666 189 991 685 491 653 280 710 797 571 405 149 75 371 351 448 725 60 590 343 789 657 102 660 111 877 744 775 252 691 467 919 446 286 956 716 470 300 492 641 675 301 816 953 149 534 109 333 821 701 890 381 954 924 268 683 793 807 458 942 386 671 891 407 463 97 459 655 624 544 13 293 582 376 951 455 218 
703 426 372 982 921 81 982 740 140 247 414 113 799 38 804 163 984 671 697 919 916 991 748 804 611 321 376 797 378 214 179 208 861 644 379 506 820 783 999 164 353 78 543 658 838 859 694 999 528 385 503 572 72 238 450 778 59 51 800 779 447 381 240 998 618 984 757 642 495 860 884 661 718 387 467 505 377 311 560 385 
820 622 421 491 183 906 292 818 546 605 941 229 513 890 476 837 524 105 94 517 433 415 678 163 495 500 347 854 336 426 823 915 301 622 928 243 818 552 4 803 413 415 460 606 723 277 798 1000 731 658 535 110 269 170 363 481 225 530 225 562 328 678 814 844 418 818 614 512 81 861 953 962 561 113 843 434 33 354 387 872 322 
328 190 721 828 510 877 31 921 215 566 285 4 323 556 748 633 779 216 638 716 794 983 347 231 628 159 511 256 389 968 442 777 575 411 118 798 326 238 930 719 707 635 225 728 517 603 49 92 726 32 419 928 501 285 189 817 673 57 578 406 154 380 666 903 687 481 28 896 321 533 604 90 887 984 19 265 602 378 784 287 
777 225 545 413 156 989 511 805 159 83 427 97 132 938 516 906 623 542 916 165 664 415 246 388 516 841 347 600 828 418 470 700 372 394 238 619 813 477 784 233 420 823 28 582 42 870 686 742 710 215 507 506 432 19 734 143 921 708 186 803 764 509 168 540 14 741 311 244 588 730 407 523 887 527 105 753 469 582 611 318 84 
987 141 772 236 94 618 718 381 849 88 86 688 609 61 230 812 17 394 577 332 957 648 134 991 788 729 972 163 690 348 690 446 216 135 926 423 108 363 847 358 242 445 626 45 573 947 470 214 143 479 463 556 310 140 740 321 619 506 705 500 156 209 774 763 999 705 43 965 478 94 514 324 855 210 414 507 163 748 93 539 
392 959 514 735 537 291 901 955 427 773 340 214 100 725 464 54 515 509 120 905 474 337 172 153 256 574 711 109 631 884 501 273 848 872 338 103 214 269 213 184 933 859 288 634 71 801 559 992 316 384 534 772 310 662 158 380 309 321 32 766 800 871 383 597 895 178 328 501 36 444 769 427 717 37 693 417 670 788 910 716 289 
552 101 361 928 745 927 472 330 26 860 675 239 815 534 533 959 588 947 195 574 34 969 963 956 138 593 745 735 976 372 119 266 426 315 263 18 669 304 539 455 781 721 905 983 19 494 380 414 380 842 494 254 510 504 442 482 850 715 136 296 957 604 573 209 840 477 441 951 615 490 237 84 820 370 523 381 242 563 541 725 
656 781 267 508 771 559 400 388 846 711 705 627 489 473 955 559 726 506 448 445 738 829 222 255 36 524 540 841 122 832 952 740 92 696 42 174 137 145 846 259 96 301 169 880 576 810 687 440 319 236 46 754 384 710 278 235 31 61 811 973 229 905 298 888 310 695 234 468 890 765 525 148 36 455 559 923 355 226 910 633 406 
802 48 387 767 922 615 869 116 526 233 211 330 729 933 860 700 168 535 72 922 869 916 654 219 758 603 561 617 435 120 118 560 407 166 105 557 135 73 526 580 412 153 887 11 989 484 187 383 953 248 992 815 421 765 966 802 770 772 46 530 759 846 169 840 896 963 290 888 302 737 827 780 328 236 877 507 770 917 645 361 
545 963 793 282 864 406 157 5 449 577 934 506 902 959 327 153 453 872 617 364 662 954 821 374 841 879 678 885 96 320 998 764 904 519 191 138 563 882 682 211 728 587 304 106 112 561 342 114 642 573 816 833 507 602 464 843 352 595 396 18 541 71 207 648 90 85 800 552 923 688 209 307 536 981 68 215 906 356 228 565 391 
665 418 962 620 246 436 343 125 506 357 229 367 159 346 871 76 545 215 401 741 375 540 360 917 280 844 227 200 159 586 399 309 213 541 379 271 459 579 196 297 138 567 816 912 562 630 653 672 571 310 168 548 523 203 325 897 471 259 317 172 81 552 159 582 411 381 125 835 628 338 187 27 849 511 300 629 253 817 199 940 
671 762 358 534 334 383 437 223 839 328 386 219 760 690 625 963 595 803 801 187 474 428 441 764 826 216 858 637 588 981 261 347 185 39 551 435 273 780 789 161 796 897 485 469 694 983 161 869 180 65 942 564 394 887 462 923 941 895 58 200 245 551 770 987 932 624 71 445 774 805 481 700 404 297 160 596 59 504 828 555 946 
959 717 199 378 186 890 142 189 79 483 252 490 934 451 138 234 205 952 951 251 455 344 158 32 138 967 662 300 210 532 842 720 130 202 841 325 623 564 935 334 269 408 599 444 405 738 321 36 918 759 602 289 285 284 800 584 355 713 335 917 204 977 618 907 669 909 162 778 726 754 356 335 627 170 918 330 569 773 300 715 
573 251 145 793 663 439 652 845 187 148 953 644 365 820 450 587 419 704 184 281 53 542 696 486 772 145 267 269 62 699 853 223 393 965 929 251 178 827 375 657 620 45 172 611 728 872 294 14 969 339 853 482 658 761 116 206 438 300 108 63 202 864 846 970 904 412 314 48 987 760 212 50 346 216 94 764 790 82 923 496 712 
168 538 867 294 837 899 7 307 653 282 496 335 118 944 643 774 593 572 33 219 529 168 525 191 532 240 938 515 899 509 652 592 657 561 153 359 112 547 670 725 751 155 851 312 477 376 696 385 50 792 621 862 879 404 157 329 366 415 102 175 154 867 832 78 973 959 825 517 476 727 900 201 127 761 924 112 706 508 242 651 
792 381 63 772 832 355 201 2 917 929 163 509 829 312 562 307 668 520 734 799 855 53 481 678 370 110 560 363 702 652 498 629 772 422 686 932 975 147 273 679 551 52 719 553 487 315 729 603 479 384 246 614 463 27 371 808 86 924 468 110 727 591 310 471 30 685 852 145 363 315 905 491 374 327 31 532 942 270 461 48 589 
441 369 84 561 977 699 144 836 695 754 652 698 339 510 640 930 390 156 792 748 791 447 993 797 615 636 163 389 438 234 119 794 595 914 351 906 186 206 911 48 604 697 79 653 198 731 346 56 263 742 770 510 248 262 988 382 708 11 331 522 413 558 433 607 512 561 67 613 727 400 199 917 31 490 109 777 205 628 463 369 
484 323 296 413 675 315 148 991 610 187 930 766 739 409 336 917 257 791 367 802 8 157 930 497 444 355 78 188 758 580 197 113 309 941 538 876 171 730 260 962 97 660 320 285 869 875 440 821 499 461 808 202 679 563 587 382 853 920 912 24 767 926 980 480 562 445 431 672 504 473 949 413 681 376 506 120 724 932 758 877 508 
392 542 294 448 217 481 386 548 969 305 354 970 240 523 601 898 13 907 60 433 423 234 77 596 44 789 763 644 891 553 767 179 340 85 883 507 650 505 966 354 959 100 212 458 574 200 654 701 86 922 416 511 339 820 82 166 970 801 315 356 458 185 294 405 770 614 728 683 955 962 557 75 840 156 156 343 500 267 20 977 
292 292 412 113 954 914 433 741 879 730 721 663 129 288 782 302 145 964 285 4 322 571 949 610 678 495 47 298 966 652 640 959 936 804 499 664 664 743 50 234 744 219 111 470 923 710 108 465 979 942 795 657 746 307 376 532 134 648 232 654 178 454 211 438 713 872 852 326 756 996 532 317 756 657 664 398 763 829 780 347 531 
824 526 566 645 605 928 128 839 398 713 28 552 44 716 419 739 781 874 629 751 477 121 160 955 159 637 506 912 36 278 157 744 658 114 807 316 596 209 585 934 996 134 270 716 831 827 872 649 914 375 521 405 146 152 448 300 837 929 211 195 814 872 364 438 135 969 241 265 176 719 751 991 490 646 816 416 672 626 137 907 
72 730 249 661 581 246 799 526 44 365 993 270 297 650 754 311 880 687 282 395 270 693 948 179 929 693 382 373 844 421 782 200 182 606 709 646 520 549 329 59 2 308 613 795 746 424 610 822 297 794 975 165 810 976 324 993 520 773 51 443 322 449 76 332 406 218 368 690 864 635 205 613 879 714 743 817 343 170 614 445 799 
362 328 471 560 855 781 569 102 797 20 555 593 271 774 390 419 972 218 759 466 910 832 988 383 891 101 614 602 191 243 115 691 351 214 149 216 223 202 842 462 872 425 970 269 540 881 750 375 296 429 935 940 242 506 107 426 808 370 500 21 479 311 623 761 946 385 399 64 103 487 949 277 111 802 87 298 234 984 887 715 
845 246 432 668 11 906 459 755 149 246 887 733 47 706 351 683 177 242 712 832 737 236 416 786 523 416 721 693 298 764 302 524 549 125 202 131 479 626 109 472 268 853 195 108 70 662 423 270 258 733 55 753 478 928 346 128 532 615 74 243 302 196 933 106 730 362 261 948 937 79 315 712 321 398 499 165 560 895 370 298 737 
994 712 309 275 677 755 669 153 350 599 208 644 427 86 332 887 235 940 83 717 596 5 450 761 214 939 579 384 510 375 225 294 725 318 600 498 139 205 456 941 685 934 784 295 918 763 473 314 191 350 629 429 901 997 6 479 790 742 829 883 871 961 445 489 69 636 149 216 662 280 328 53 187 66 394 857 582 269 128 355 
7 525 939 718 136 657 418 234 732 828 144 236 24 302 976 256 1 795 359 705 863 453 771 327 958 867 382 422 711 490 425 978 505 219 612 275 757 312 319 63 193 530 203 503 534 888 936 107 646 933 712 32 705 763 319 461 553 309 386 956 803 319 555 318 386 331 583 727 958 445 841 340 103 206 131 399 391 171 72 442 973 
769 96 536 453 980 502 355 976 410 972 190 4 93 207 95 567 917 443 893 897 10 180 166 704 899 76 574 974 979 150 485 538 684 17 996 363 496 238 207 439 435 681 934 524 385 794 667 311 80 507 156 263 694 397 599 171 984 736 713 289 817 303 921 300 539 836 980 650 649 335 652 297 213 983 503 74 150 919 773 468 
248 756 842 386 384 895 525 301 119 657 96 374 392 512 225 377 515 176 315 215 640 106 738 740 758 715 654 207 437 648 5 752 97 3 254 841 821 860 708 657 62 136 386 905 973 42 690 477 328 754 735 639 362 688 147 32 530 836 158 327 317 589 527 730 967 925 908 370 393 6 356 236 611 159 792 500 959 574 933 858 721 
660 67 889 390 189 962 889 776 905 410 689 194 149 242 484 759 565 923 985 976 98 78 745 861 569 527 907 875 291 788 98 410 891 767 550 199 646 218 767 626 413 766 35 324 331 636 498 445 592 363 652 175 249 178 127 276 342 896 986 922 380 423 158 497 745 64 284 301 228 932 298 250 962 158 649 366 241 209 60 488 
768 791 749 133 214 927 577 714 515 890 919 911 349 571 684 667 226 377 730 98 9 522 720 252 929 93 462 310 759 87 28 116 962 22 776 198 226 96 303 45 407 620 185 582 344 651 981 993 363 91 416 969 932 841 500 820 146 282 402 697 911 386 25 242 862 471 665 374 972 238 552 801 941 826 582 624 482 114 562 626 288 
52 679 308 484 28 610 246 84 907 306 952 116 800 92 383 981 394 575 975 991 117 73 808 27 326 201 656 326 175 379 305 633 842 818 917 934 922 240 822 27 380 85 402 292 283 339 148 946 88 998 985 744 943 331 451 741 365 207 549 262 954 112 377 69 812 834 216 954 384 479 601 290 73 949 563 158 358 885 545 216 
600 83 303 732 371 113 959 42 39 55 43 919 219 987 913 27 354 98 363 833 195 549 605 253 246 973 1 959 685 306 867 126 875 463 887 740 709 568 368 175 372 442 881 753 350 324 963 570 519 866 37 288 737 286 221 42 185 608 632 797 18 516 754 149 411 272 43 230 567 176 694 501 207 877 533 118 816 920 593 840 640 
919 236 978 931 925 723 560 832 89 643 173 760 646 826 615 791 50 842 703 89 244 805 352 162 419 179 452 166 263 762 73 805 386 175 711 814 389 471 758 910 529 907 96 699 49 773 311 71 51 434 439 224 888 864 695 372 892 665 757 308 818 304 399 787 397 896 973 490 722 358 590 510 710 786 171 350 237 259 299 384 
375 592 623 386 90 260 411 896 264 398 631 757 359 853 675 1000 176 721 798 139 471 4 955 33 140 16 194 883 759 777 101 325 162 662 800 258 870 521 581 756 676 354 643 704 484 728 207 749 545 559 785 796 443 755 370 382 690 521 106 806 202 481 819 569 960 740 623 14 580 816 414 161 674 836 224 930 976 727 542 184 998 
546 491 956 110 726 509 636 54 391 49 936 390 52 877 685 58 421 291 441 152 203 235 258 716 686 813 888 453 775 176 356 137 544 487 145 191 839 307 631 694 642 838 374 74 965 892 756 876 265 614 745 810 873 739 140 704 461 585 990 132 437 331 470 403 510 856 885 856 764 585 956 902 274 162 400 294 877 87 673 302 
192 80 428 765 165 190 723 208 771 625 62 474 980 524 774 35 284 631 744 412 262 226 117 642 854 186 110 355 34 937 930 71 350 773 240 504 20 382 233 818 687 510 689 449 725 312 989 590 722 933 379 472 617 644 863 608 843 86 912 804 838 739 635 903 452 307 709 14 125 828 479 112 642 447 955 811 295 387 991 782 165 
24 544 385 987 668 828 582 971 312 349 761 849 508 704 76 868 682 346 680 158 498 598 163 376 150 783 943 673 982 312 704 714 232 64 410 564 733 171 830 162 601 942 713 484 520 850 193 473 125 802 697 476 253 265 22 164 812 42 201 342 240 867 468 706 229 928 576 102 768 627 583 93 36 858 244 82 984 304 607 687 
524 124 597 693 816 94 876 14 156 203 484 360 448 467 711 52 195 355 824 187 233 615 476 862 687 151 521 421 746 315 994 563 804 212 483 525 33 860 922 242 548 787 588 135 576 807 660 575 735 559 216 251 320 32 978 618 563 388 908 993 359 461 971 810 795 174 701 274 250 463 785 845 785 746 728 766 361 274 86 149 871 
951 94 590 359 259 550 726 778 172 583 564 92 143 194 737 326 354 930 931 895 168 64 163 461 119 67 365 355 932 675 785 68 140 160 300 232 966 237 524 566 677 303 330 504 801 887 398 357 208 391 327 921 206 67 714 275 868 997 197 92 784 638 803 525 352 333 153 93 568 130 181 515 365 715 422 196 255 72 441 481 
479 222 271 343 247 687 84 147 157 790 509 408 564 618 131 790 434 387 314 525 5 720 13 448 494 102 170 48 653 222 495 577 561 143 631 471 321 257 773 265 89 439 17 925 949 622 51 130 912 544 302 930 560 693 635 886 438 584 444 854 771 967 916 75 68 612 27 974 431 315 129 633 203 713 566 964 965 497 423 428 285 
936 75 832 632 501 44 613 773 198 560 308 879 250 650 919 286 268 890 689 784 703 866 337 538 874 501 903 790 435 473 890 6 261 978 990 450 689 446 325 17 343 144 90 83 613 350 915 498 835 934 725 340 604 421 927 814 43 859 411 255 879 835 313 69 841 560 851 409 15 410 171 801 237 33 291 603 828 394 698 159 
709 737 877 829 619 885 886 193 705 684 215 277 778 252 663 661 533 552 119 32 670 10 520 517 318 498 323 749 660 331 493 688 666 94 745 565 320 344 327 348 995 929 291 295 450 537 19 493 917 582 834 214 644 971 464 715 636 635 772 763 470 266 679 599 553 626 550 372 51 596 161 346 527 985 203 874 271 874 15 771 555 
125 530 93 666 811 875 297 711 728 946 61 34 334 512 459 481 154 919 217 626 743 664 507 837 376 591 480 633 975 554 442 137 261 476 25 550 564 132 231 480 679 769 743 511 637 573 70 270 331 209 620 953 3 615 532 547 745 551 175 92 146 147 443 923 854 142 836 616 606 984 380 435 689 335 264 85 950 405 214 67 
505 944 84 323 551 852 729 101 564 773 886 399 863 295 367 429 182 922 767 579 726 328 463 495 740 746 788 974 642 98 332 462 83 600 613 901 398 197 262 408 868 58 72 120 793 700 448 820 537 512 289 493 795 629 271 759 212 80 624 21 611 514 77 604 315 169 806 93 949 204 212 868 856 630 537 100 489 660 206 529 951 
805 295 599 281 685 307 618 388 924 716 321 880 807 797 417 664 500 796 726 131 421 557 194 868 892 436 575 850 563 30 76 901 86 643 291 231 480 925 622 637 971 481 422 542 640 487 99 565 485 793 494 438 987 387 716 650 638 469 451 688 859 298 194 471 107 246 673 968 588 421 10 643 556 10 289 436 850 377 770 846 
137 712 971 668 468 605 832 240 865 328 816 301 306 60 306 458 836 263 629 469 841 630 607 116 307 887 404 460 392 911 404 789 13 894 927 55 800 438 731 19 58 507 110 835 664 451 597 801 295 273 365 997 145 956 700 833 823 911 828 853 13 147 422 169 172 345 996 8 946 458 199 178 555 347 758 395 642 433 208 232 491 
173 877 525 401 546 478 620 922 821 75 551 889 636 63 178 747 261 941 772 501 194 280 691 563 122 113 798 449 675 238 128 667 965 421 432 864 138 542 350 314 471 588 627 396 8 29 319 549 119 189 771 419 677 798 350 967 905 174 555 396 781 55 837 717 381 463 379 18 391 327 21 207 105 444 471 215 600 7 282 175 
244 922 349 986 912 606 753 128 688 275 384 983 61 258 110 520 591 840 748 433 221 402 543 140 887 302 100 45 15 170 564 207 567 332 281 33 459 187 848 631 263 702 148 467 500 935 721 774 499 576 821 292 26 509 932 15 969 222 467 126 141 930 641 286 407 616 955 431 66 865 497 408 777 84 403 307 210 935 753 881 607 
659 133 932 556 269 474 12 920 15 121 866 636 908 308 944 27 54 24 362 385 541 530 924 252 173 373 144 297 416 555 220 270 740 453 778 261 596 793 125 360 276 475 181 195 862 532 152 797 605 921 316 243 268 595 531 368 771 938 786 454 883 961 536 983 745 450 195 122 79 652 282 640 453 902 938 53 165 581 540 123 
834 249 601 393 749 850 810 939 728 394 917 754 534 414 665 589 317 620 9 406 481 242 101 102 418 137 199 443 469 16 237 223 804 832 994 913 268 488 770 500 623 572 187 558 124 51 608 121 478 122 260 690 590 33 640 54 928 898 948 946 475 732 244 224 279 72 266 417 429 977 205 366 411 770 729 81 402 288 946 596 654 
567 968 908 842 679 330 940 873 647 46 555 618 638 49 323 212 464 373 887 692 758 734 166 796 521 38 903 749 862 607 905 362 618 891 380 369 875 93 531 651 121 187 55 961 686 780 836 349 845 518 369 926 897 233 607 37 570 427 806 867 806 730 291 5 666 671 124 849 189 223 415 114 354 64 955 100 986 612 20 285 
454 470 701 806 801 930 184 62 118 286 531 385 461 377 500 880 159 133 136 259 118 694 499 17 830 878 637 914 180 551 65 244 792 435 616 199 82 2 228 172 573 230 96 568 691 330 411 105 724 414 816 564 569 456 19 836 124 224 732 332 814 646 642 418 721 780 563 539 924 403 120 877 418 150 757 41 436 482 585 706 601 
926 988 562 719 715 696 102 172 286 657 509 488 189 481 359 525 21 820 287 265 798 476 45 965 44 870 320 36 114 620 468 451 193 510 588 28 131 105 161 120 505 419 643 815 468 506 196 368 248 912 132 356 329 12 895 592 664 65 993 456 2 406 863 160 939 850 988 594 9 570 800 955 923 937 573 52 622 287 576 98 
977 840 497 182 964 597 951 396 684 809 2 466 941 359 713 896 30 373 435 176 581 690 206 230 434 285 638 543 392 71 172 571 246 450 213 357 788 210 637 657 244 190 649 29 24 231 508 791 700 355 432 210 720 810 578 408 624 206 376 542 97 578 839 939 260 648 495 375 975 517 824 280 974 480 529 123 627 957 486 625 628 
305 7 674 651 530 382 119 186 573 768 775 395 800 236 38 285 486 553 74 23 345 653 190 189 367 135 295 299 640 688 523 584 275 175 366 994 775 325 666 37 142 107 764 42 447 435 261 512 647 932 571 409 626 168 54 35 642 128 336 784 61 799 258 889 700 629 347 745 489 658 77 613 343 238 370 935 82 236 730 294 
657 46 683 912 291 652 813 223 520 739 224 196 654 517 361 995 337 720 566 505 752 747 465 139 710 670 700 807 30 349 846 686 688 614 365 549 468 933 917 832 724 648 246 897 490 701 338 508 56 460 525 260 771 776 185 689 902 819 252 230 58 538 547 793 603 414 68 363 627 284 55 543 899 835 558 57 861 467 65 429 187 
890 879 684 978 978 891 33 314 434 345 943 307 870 667 597 355 474 791 738 121 824 460 306 567 414 167 699 574 111 320 680 822 590 645 236 414 880 595 151 546 46 3 922 310 758 60 894 566 124 825 744 167 219 354 837 343 413 631 375 706 921 613 800 764 728 665 243 385 271 91 508 458 904 991 608 495 217 449 397 238 
180 913 268 898 51 202 765 904 49 248 834 666 660 415 447 954 250 802 2 459 316 350 626 797 441 334 647 702 461 450 277 585 489 128 666 966 330 461 45 228 177 482 213 928 741 367 412 303 950 396 975 578 716 751 914 183 951 534 4 457 655 829 366 490 666 174 138 424 5 155 697 756 251 596 366 176 584 523 828 44 27 
479 892 70 60 594 268 626 595 797 359 929 821 741 688 832 502 473 839 503 373 546 107 345 863 483 899 586 787 966 486 185 541 589 481 347 30 441 590 84 67 749 81 864 144 595 669 477 626 334 594 499 637 38 154 136 485 960 585 205 76 8 180 638 807 750 788 481 940 509 338 295 283 75 21 467 369 549 16 394 746 
109 746 863 793 500 323 452 907 972 372 697 778 297 565 98 675 228 162 726 382 647 861 290 888 853 140 964 910 542 495 801 692 668 348 896 514 265 144 175 139 760 262 518 339 653 372 48 283 963 324 803 684 147 641 201 301 670 690 751 770 851 31 885 706 888 64 589 546 415 407 630 553 321 927 48 672 147 748 7 59 817 
857 743 698 462 563 120 130 165 698 340 916 706 284 722 809 753 239 917 284 10 28 587 17 378 466 254 537 229 322 51 412 974 844 861 270 837 768 185 410 118 624 242 569 120 523 230 413 793 797 269 694 80 353 499 381 112 903 239 469 489 931 363 469 598 178 294 61 385 851 860 661 151 286 248 389 502 313 53 601 108 
861 871 282 234 787 963 139 716 533 495 74 832 417 185 340 673 529 504 250 1 68 494 681 799 77 226 2 569 759 295 324 889 922 996 711 423 658 718 128 149 908 371 976 751 545 108 389 205 983 734 959 329 905 961 528 157 765 398 108 369 982 370 638 86 924 625 847 322 898 35 156 700 704 513 173 914 143 559 939 275 631 
864 824 332 7 939 412 734 509 251 90 720 652 974 126 289 61 279 265 90 836 255 659 574 884 794 549 56 46 896 96 935 77 769 526 620 832 706 734 365 603 212 58 444 428 367 346 568 209 491 762 365 437 220 363 171 564 214 272 479 190 781 645 121 453 389 877 111 780 535 952 836 906 555 103 846 1000 173 257 263 357 
731 862 649 933 221 351 824 905 999 223 880 857 388 986 811 142 167 639 416 901 740 813 995 845 856 497 75 76 673 374 739 652 141 208 474 219 273 323 348 924 957 973 74 295 378 326 359 728 302 878 329 147 57 622 472 260 47 613 91 662 920 64 759 484 549 540 981 419 936 108 74 803 882 59 216 317 94 503 444 414 623 
347 823 212 919 654 308 681 11 818 633 534 92 398 165 50 657 616 540 704 251 740 223 558 706 556 153 95 232 812 643 664 886 70 428 518 369 79 367 295 769 503 623 264 254 870 764 363 588 476 213 386 779 573 570 418 431 503 552 311 986 154 273 71 986 613 589 910 985 699 829 512 135 752 892 59 985 475 690 656 585 
708 703 160 980 247 789 860 874 207 812 260 888 295 806 910 616 838 32 250 782 555 912 304 192 222 24 652 832 234 646 469 54 186 854 926 809 521 841 319 839 37 24 853 944 779 469 58 434 476 8 667 1 669 687 277 281 798 660 704 993 655 221 661 625 521 5 388 761 537 927 747 330 552 15 598 91 577 648 797 43 540 
544 338 543 352 96 690 951 398 417 350 935 354 267 276 404 844 116 490 461 635 400 825 833 314 812 493 759 770 452 229 609 423 8 97 161 794 284 664 616 195 759 835 959 611 341 981 594 630 176 334 502 21 160 171 799 668 644 288 690 593 337 734 462 33 670 131 279 83 376 395 735 283 175 817 690 495 833 43 295 615 
288 798 234 556 197 49 504 716 543 261 369 368 476 854 193 604 886 78 2 452 157 734 21 6 913 65 261 399 18 196 104 828 205 134 750 430 316 932 645 901 225 675 217 747 854 382 16 438 767 619 508 619 994 911 185 906 216 154 479 291 599 881 254 92 888 620 159 107 848 148 113 268 529 79 271 859 289 380 979 130 360 
110 343 436 802 304 380 584 295 971 840 369 1000 979 374 146 992 134 997 684 257 481 310 448 522 973 787 339 326 540 651 280 331 320 317 82 273 369 968 798 683 376 372 505 279 971 156 69 304 106 102 486 341 669 647 184 692 23 182 249 389 416 950 906 380 719 863 217 603 764 308 287 583 433 261 717 799 781 160 540 347 
315 90 751 66 552 76 157 674 791 566 110 326 436 819 315 394 548 368 596 599 322 639 554 924 192 249 815 901 668 566 989 648 520 353 534 380 271 499 909 741 807 247 725 250 357 204 218 777 871 425 520 915 479 7 276 473 762 174 383 643 110 512 519 85 692 995 274 756 475 818 36 686 933 497 971 937 89 356 926 525 774 
777 401 911 651 50 555 328 500 32 978 36 964 375 320 150 731 484 873 354 13 918 310 778 822 769 157 648 612 344 428 960 275 637 93 82 370 348 545 932 66 789 1000 698 427 707 73 511 381 942 925 865 827 154 294 588 16 796 845 198 279 441 425 832 436 608 641 287 636 976 154 594 831 264 624 784 601 619 908 784 582 
30 389 850 908 761 296 522 77 572 471 473 640 768 95 494 331 737 387 593 287 205 536 583 332 430 85 757 354 53 1000 1000 717 455 133 910 108 572 699 366 399 77 621 637 792 17 244 23 229 157 94 41 930 677 523 971 965 736 141 318 622 931 934 220 115 405 821 746 418 370 608 499 458 733 192 646 874 612 521 221 1000 528 
707 799 425 677 796 47 597 141 392 621 114 678 59 567 831 258 254 182 529 903 521 905 324 556 613 697 368 861 890 426 689 668 624 471 971 156 814 65 851 339 242 475 822 33 875 218 987 95 62 923 859 43 590 273 500 894 252 757 880 84 671 800 926 899 710 632 305 832 677 10 321 438 730 740 464 519 408 53 348 162 
989 48 119 769 816 119 542 566 927 208 569 30 354 251 379 5 494 915 111 831 126 70 292 582 777 559 426 303 693 659 824 583 49 917 818 20 773 481 433 875 589 205 849 715 14 455 794 217 932 387 389 892 920 224 328 770 482 812 117 940 366 145 272 614 412 139 256 675 19 786 761 330 99 574 845 12 283 457 872 104 688 
530 746 597 583 139 635 542 676 505 150 778 160 755 457 59 195 427 679 697 274 8 725 707 444 810 131 317 833 678 318 827 402 2 796 527 504 48 666 797 929 19 803 469 421 257 406 894 360 947 718 426 464 292 939 372 412 941 457 716 739 196 654 403 440 98 770 956 645 864 5 972 995 377 500 775 384 783 917 671 600 
947 80 404 343 856 892 546 980 306 792 242 114 487 863 993 579 232 590 96 315 290 305 275 293 585 606 854 693 814 995 822 926 94 202 930 513 749 431 735 706 781 671 277 196 835 186 267 169 195 76 322 535 626 856 472 383 318 153 92 199 542 698 177 857 804 513 718 720 87 252 651 201 885 181 365 363 73 122 473 482 946 
920 117 756 890 301 817 347 188 665 791 555 109 890 664 769 925 775 889 660 642 786 895 673 590 818 957 194 979 151 525 592 45 299 643 870 151 2 614 825 137 496 276 820 853 939 772 921 664 65 513 812 790 59 75 428 319 663 543 550 427 14 777 321 13 431 762 799 499 36 240 518 3 455 650 400 224 156 152 48 87 
69 544 322 942 683 688 880 543 303 221 598 596 535 540 363 623 272 986 703 336 583 289 536 744 323 519 953 797 310 677 912 157 83 795 254 557 160 521 678 913 431 824 233 272 845 192 336 502 587 323 45 36 633 177 582 206 268 618 295 930 193 184 350 341 705 853 325 496 12 724 387 837 140 236 877 337 662 80 896 153 167 
423 864 127 967 809 229 839 298 796 871 602 978 415 780 321 146 141 720 314 785 511 300 106 93 459 915 882 926 577 274 476 898 878 441 37 781 700 683 873 694 889 876 535 270 9 873 315 862 592 309 402 345 801 40 867 697 926 442 512 44 140 392 293 216 87 546 492 410 244 553 213 28 137 40 547 737 873 43 312 114 
185 249 379 3 215 981 731 79 345 186 396 26 581 252 365 440 738 615 530 6 248 650 672 59 349 335 30 533 216 525 183 160 701 341 946 128 655 622 514 302 88 488 259 593 394 730 757 855 90 926 644 970 224 143 749 709 943 673 62 310 77 301 514 723 912 210 187 155 15 100 314 993 711 338 857 125 620 469 19 458 310 
252 891 734 557 420 456 596 874 594 237 335 465 165 511 86 601 379 982 753 487 50 185 128 745 150 543 707 679 867 505 712 900 770 674 983 185 747 280 447 225 55 314 72 238 262 81 381 170 529 222 446 383 252 462 587 227 975 740 708 511 299 444 384 127 963 747 105 724 379 172 417 847 688 915 513 704 336 560 793 310 
210 295 77 758 73 561 258 157 678 138 537 832 163 87 934 22 69 975 721 1000 333 32 753 897 590 371 756 932 925 683 47 51 610 103 878 904 909 725 548 118 188 10 207 401 460 705 783 335 386 347 425 618 572 720 344 186 139 734 499 349 93 106 605 87 97 830 320 518 116 435 350 808 859 207 995 59 799 226 570 670 882 
241 744 405 299 18 599 314 4 399 105 68 174 841 30 195 161 709 710 305 793 731 139 281 186 201 962 998 830 67 700 131 980 45 178 360 892 130 431 929 576 131 102 42 149 979 214 279 820 205 614 904 673 519 113 347 727 405 907 700 318 284 775 371 319 718 681 175 405 621 49 132 714 598 568 463 243 204 463 922 704 
399 82 679 509 945 918 353 638 394 430 480 841 332 607 89 810 534 274 200 607 868 805 284 806 62 346 8 458 347 578 425 407 21 4 991 274 359 782 27 487 231 109 30 512 757 605 766 73 483 531 9 252 108 626 55 878 338 660 842 680 728 757 491 988 297 683 92 587 557 93 334 54 154 282 763 219 771 571 694 917 665 
609 960 119 908 331 246 602 253 196 941 622 823 503 211 981 376 123 2 33 714 783 153 50 583 958 294 880 490 342 499 320 421 712 848 362 245 757 672 220 49 218 588 529 233 347 936 666 445 556 236 572 57 255 747 136 766 83 464 276 509 515 611 272 508 399 556 293 844 797 823 79 703 898 861 893 432 658 681 356 347 
109 387 9 452 585 771 540 184 226 289 46 285 428 502 781 381 638 572 445 544 976 490 39 848 667 349 608 643 498 67 583 444 33 921 399 824 223 735 207 105 695 596 917 634 351 599 448 599 529 739 833 867 294 709 327 721 824 342 339 469 44 109 641 703 526 954 254 883 603 856 644 770 814 909 92 145 778 585 869 813 66 
334 908 481 937 775 164 824 823 726 573 740 525 609 84 71 768 447 190 533 531 854 143 52 660 593 487 943 928 681 528 286 329 876 535 937 631 431 329 935 2 221 677 66 202 369 780 888 898 994 634 613 22 689 892 519 588 602 703 586 72 168 793 714 930 602 939 892 32 496 432 462 586 53 306 183 746 404 638 394 711 
480 615 839 610 937 941 280 7 926 755 601 581 211 667 876 435 646 411 125 247 610 868 857 440 290 86 52 206 115 828 577 701 568 220 931 50 87 523 707 995 107 139 544 675 905 593 53 160 443 988 87 462 416 774 475 428 346 527 668 876 690 51 118 360 282 337 545 827 842 916 153 872 61 976 201 902 555 339 871 496 194 
821 509 419 711 675 304 112 755 529 520 372 579 117 397 126 260 783 948 810 167 607 611 793 382 752 407 610 929 745 217 526 705 686 920 245 450 349 267 540 322 844 299 218 571 196 481 757 141 32 83 181 129 22 403 744 792 823 403 364 31 210 418 615 382 180 29 831 290 48 587 670 282 278 880 728 30 994 704 845 453 
415 723 441 432 825 867 426 17 383 711 438 420 929 957 174 670 876 979 906 506 884 265 632 829 975 812 975 19 825 836 286 980 428 127 181 837 443 428 262 359 391 367 768 981 346 384 464 608 596 730 479 844 590 558 732 884 242 858 46 894 588 638 338 574 96 249 621 387 705 216 479 554 757 962 464 967 427 645 541 306 100 
66 605 921 647 353 329 352 662 377 237 148 245 771 328 782 379 600 369 329 431 902 380 510 827 329 288 70 940 572 804 859 170 728 995 133 391 201 103 35 148 793 729 871 820 26 878 393 664 385 403 729 632 311 178 518 706 701 861 765 445 436 946 47 44 478 861 273 502 747 229 559 189 885 111 828 323 105 981 616 932 
990 155 330 776 221 94 779 294 582 167 849 759 202 205 231 585 487 76 724 630 89 287 696 785 593 407 466 836 754 857 696 945 791 501 304 698 664 221 866 360 444 575 188 719 274 288 855 309 78 314 527 888 126 133 614 227 201 837 704 364 574 141 122 475 772 276 31 781 478 190 912 603 258 361 794 332 838 262 245 347 198 
180 407 398 191 944 857 400 165 99 1 356 578 865 108 129 285 254 670 733 61 13 871 727 303 152 698 359 469 246 253 799 152 350 297 51 937 338 540 825 760 796 8 243 477 177 684 93 219 59 168 689 33 372 421 151 21 895 592 827 606 891 25 584 179 165 917 476 279 777 600 361 378 830 885 668 259 463 915 903 77 
579 356 709 616 131 538 284 341 969 152 167 847 451 144 126 786 21 82 531 863 717 444 515 771 636 146 417 579 477 636 958 897 882 916 99 515 847 621 60 951 757 34 193 366 969 273 32 750 937 426 470 521 136 498 637 725 202 549 548 993 190 215 224 511 555 870 741 481 868 731 7 900 12 269 842 205 877 913 843 156 759 
636 714 425 289 747 742 770 816 835 983 768 63 992 632 640 371 699 77 438 603 907 828 666 721 168 570 332 74 165 182 842 233 251 14 168 110 315 969 39 383 216 378 650 332 478 605 732 150 482 79 16 677 646 485 106 152 656 699 995 909 584 926 51 390 508 866 138 895 844 929 228 691 147 74 946 971 678 633 11 363 
123 906 551 760 644 888 278 766 566 315 527 849 230 565 106 317 463 996 308 869 199 845 27 499 175 528 112 58 615 171 581 987 90 795 340 123 514 720 615 164 728 883 366 936 55 420 990 814 137 184 190 537 976 462 300 533 998 390 986 998 76 723 758 5 406 750 826 709 156 823 891 124 392 775 28 894 149 735 949 808 874 
127 585 866 835 750 96 444 675 981 353 693 865 290 878 363 10 131 357 972 356 332 13 252 892 505 722 900 532 413 467 205 567 899 462 621 192 69 101 317 518 787 385 575 466 476 159 737 507 313 293 438 524 253 529 29 438 563 243 956 90 325 75 367 170 33 548 602 703 312 598 33 394 25 964 767 24 12 819 925 914 
570 665 634 169 346 822 999 708 682 540 989 21 343 277 127 297 158 127 710 560 386 610 729 832 461 409 557 753 236 724 68 762 538 472 760 134 381 14 699 629 311 57 665 657 333 384 720 253 143 752 104 54 433 521 111 11 8 916 595 505 443 979 65 959 960 504 513 35 569 512 93 334 152 899 591 360 163 67 868 135 386 
480 233 342 944 877 724 479 727 360 340 91 963 507 135 204 781 510 787 33 707 724 827 131 146 300 421 624 744 39 960 987 628 495 877 611 468 970 970 903 506 649 317 608 403 711 339 60 612 286 886 74 935 117 820 774 17 634 547 934 349 697 797 736 816 680 514 923 116 85 428 628 973 403 650 120 54 223 492 670 507 
853 485 367 700 571 5 78 16 369 534 332 726 178 246 839 459 44 62 993 534 305 555 143 858 604 157 994 923 806 501 237 940 105 624 367 799 395 224 806 786 906 928 930 672 73 224 908 558 4 193 889 116 914 721 580 456 595 907 857 953 494 109 161 556 483 934 347 324 293 834 523 144 112 817 203 54 898 86 14 962 735 
792 545 338 405 232 638 892 370 68 17 273 577 40 958 951 89 558 626 608 923 601 42 504 592 769 74 321 628 367 344 269 92 989 907 337 360 196 323 78 862 100 392 576 794 204 485 276 251 710 359 92 140 643 696 773 358 494 284 409 493 739 180 843 185 353 86 923 470 720 538 378 589 91 218 67 607 642 525 558 902 
713 903 902 633 58 365 670 319 530 589 958 206 484 232 658 893 854 758 380 219 203 336 762 307 253 289 370 938 927 856 691 999 771 846 848 518 595 277 484 285 650 956 446 972 392 816 837 981 823 140 166 837 948 45 646 490 866 583 171 960 883 414 790 909 437 260 211 122 686 45 655 918 64 880 458 180 373 251 454 1 75 
723 511 643 79 450 723 959 432 405 195 251 747 170 165 705 424 74 595 987 237 103 683 129 676 340 777 327 714 476 534 281 715 215 176 829 779 623 472 253 732 746 458 759 671 864 363 255 744 693 73 956 828 328 900 443 304 773 292 718 190 712 904 785 169 657 835 528 609 630 716 83 953 53 496 535 65 184 854 686 99 
410 349 567 52 120 37 461 728 866 526 582 562 404 973 848 131 132 904 341 340 872 533 926 987 679 18 499 307 662 423 506 35 390 723 115 47 349 198 865 265 147 978 317 22 301 943 91 713 125 759 464 314 907 473 981 966 419 39 37 427 725 770 599 577 254 337 250 695 971 880 432 518 515 410 252 881 632 745 26 562 110 
806 262 128 103 218 336 814 379 968 738 907 850 266 78 900 11 638 271 359 458 275 224 722 851 767 731 355 183 810 456 924 834 578 745 164 385 530 954 937 861 53 83 40 858 160 428 190 198 460 758 216 679 758 451 919 983 666 373 992 936 939 525 905 687 533 9 755 499 358 431 531 912 459 154 84 242 475 750 744 905 
979 629 680 509 339 298 331 833 583 254 111 922 661 666 996 19 313 307 966 896 769 393 252 529 171 335 559 412 475 354 319 226 706 974 518 651 846 891 195 915 800 663 805 54 80 269 121 319 492 584 292 1 759 487 363 180 274 89 130 113 337 492 49 92 223 205 669 817 414 753 483 43 311 799 821 866 192 954 88 462 517 
702 189 240 619 921 217 717 464 996 600 285 984 99 322 973 398 471 127 248 231 708 411 645 524 672 929 641 794 226 240 311 681 121 256 869 99 851 600 612 518 526 412 412 454 719 972 397 350 659 768 569 506 821 479 973 588 323 10 316 915 210 629 818 579 385 884 844 251 96 831 801 206 265 251 410 17 329 694 76 753 
958 165 501 63 276 559 597 249 575 837 565 54 267 918 12 36 882 483 529 16 135 259 521 923 425 624 204 874 196 801 865 851 26 482 24 946 138 297 745 279 493 385 1 89 252 412 326 435 529 968 128 330 237 746 912 748 86 745 422 421 233 681 799 471 270 638 195 478 401 388 84 243 639 287 749 596 20 510 941 227 493 
387 671 824 310 283 204 222 821 76 183 900 344 938 105 724 17 957 734 491 14 530 852 181 415 139 139 944 834 536 454 775 102 112 111 407 443 639 338 903 441 831 536 412 265 513 987 378 627 979 127 238 224 155 284 65 474 759 474 686 751 802 209 237 941 283 335 454 810 333 312 91 121 862 262 454 689 319 748 757 610 
691 964 674 292 264 579 497 152 853 992 361 267 179 557 603 572 2 754 948 186 200 35 521 559 300 823 564 46 111 814 884 86 308 468 656 638 601 318 920 579 600 165 427 494 227 712 664 720 29 494 541 611 495 293 558 493 693 641 348 580 116 751 977 168 386 245 472 831 261 408 887 782 299 741 845 397 469 464 880 157 985 
101 91 971 672 420 198 271 886 52 55 121 668 810 929 121 513 343 328 472 291 584 410 474 732 787 512 849 772 52 817 715 950 222 927 355 442 270 486 335 780 805 736 197 34 898 675 499 400 925 541 625 2 780 8 897 609 544 445 484 111 160 413 852 805 413 507 531 537 547 823 274 3 246 738 424 226 35 259 221 460 
41 871 478 881 482 344 644 945 197 552 741 584 478 304 841 882 383 276 89 651 735 913 350 971 110 846 781 239 243 855 126 939 727 314 163 524 254 299 21 835 202 719 179 586 200 587 17 908 206 496 6 514 359 19 422 189 456 971 680 865 482 350 7 687 460 105 820 973 790 4 668 37 797 537 853 260 630 623 202 567 521 
385 294 692 480 261 342 606 247 210 259 183 366 615 594 156 680 84 688 722 837 885 1 826 121 869 680 736 85 645 833 218 614 908 425 481 595 427 38 787 806 48 858 820 603 613 194 541 742 420 636 440 535 82 257 875 41 290 7 352 90 272 127 678 664 573 153 289 247 285 772 540 684 4 209 137 488 916 834 669 779 
41 679 287 663 567 311 61 829 542 903 120 463 382 504 780 419 884 260 25 967 808 159 640 447 756 980 913 296 935 309 684 379 401 266 475 577 555 803 815 874 765 594 33 333 452 269 992 630 68 829 403 915 934 293 898 132 76 588 115 230 513 803 429 585 202 243 494 933 226 956 262 952 662 207 958 64 788 680 164 408 715 
960 562 810 965 953 533 249 483 76 66 238 402 838 386 69 337 953 751 561 566 337 738 130 341 542 635 675 512 670 69 210 261 947 553 294 144 302 10 779 81 209 789 687 668 623 56 172 271 790 598 485 498 850 280 37 653 51 228 652 729 781 876 378 411 967 772 851 276 172 221 172 669 753 141 691 252 594 595 505 288 
717 680 945 142 988 472 75 172 782 32 781 962 34 554 973 647 448 843 331 935 28 476 719 807 340 619 44 997 289 542 217 366 362 360 702 948 675 843 724 612 500 645 224 399 254 411 123 738 475 418 488 651 645 541 676 136 642 397 931 687 147 205 169 844 342 399 997 284 409 98 693 255 309 773 93 265 844 155 620 151 481 
625 355 924 309 684 971 239 75 359 10 730 286 823 1 347 230 982 95 84 152 304 659 127 372 977 684 366 559 818 989 619 861 214 509 219 558 598 734 386 333 849 207 102 308 592 506 323 997 715 637 916 164 681 477 870 620 63 882 716 79 560 658 364 2 676 782 625 905 166 673 267 793 589 216 776 283 540 103 7 670 
174 290 473 965 217 226 380 15 440 277 413 954 927 10 296 851 886 847 64 299 515 198 693 137 431 815 997 922 731 75 321 443 664 337 204 778 766 457 343 996 231 738 390 653 177 351 209 437 325 681 724 975 418 456 431 851 233 676 984 885 892 67 513 575 341 491 968 518 409 820 59 993 94 801 205 820 625 342 322 794 489 
536 382 258 127 137 303 821 736 581 516 495 91 184 688 38 155 859 589 225 316 858 744 525 864 470 800 925 334 977 749 563 878 366 772 251 564 196 647 213 480 564 881 75 711 348 50 599 388 65 958 746 599 387 854 559 17 151 343 2 322 246 5 208 467 702 50 391 980 40 986 709 119 611 637 188 847 827 846 986 289 
39 91 926 397 287 678 525 983 18 667 386 277 651 71 633 819 241 91 774 297 129 271 690 359 702 101 358 953 317 408 927 806 22 600 551 551 443 175 915 320 176 392 582 178 539 684 729 861 791 452 367 857 566 203 262 570 338 498 233 363 836 645 776 693 166 78 963 340 771 544 502 414 134 518 611 145 217 918 619 761 137 
694 676 431 12 147 989 764 826 469 342 788 568 816 205 542 171 586 690 502 862 371 621 885 255 353 769 83 27 817 443 287 176 630 31 117 983 435 235 230 296 490 517 137 509 346 480 179 653 444 257 229 840 397 504 229 947 730 890 533 352 815 97 572 296 137 446 842 745 336 899 565 585 912 44 344 287 192 944 621 792 
331 980 391 329 492 234 122 297 719 212 981 329 353 765 429 601 523 460 66 149 568 305 14 852 367 188 527 222 761 906 740 141 238 857 725 411 49 642 448 40 803 740 485 850 29 289 179 922 564 607 668 611 716 93 446 26 300 254 130 207 154 835 368 209 118 961 248 321 632 370 72 575 260 282 482 585 360 326 151 148 23 
163 792 362 495 672 60 377 924 66 653 90 406 978 318 143 270 764 403 490 733 51 450 474 950 591 142 724 732 400 578 486 79 8 267 299 879 840 906 704 557 674 142 509 282 233 467 897 513 290 320 50 596 10 931 15 177 101 965 529 114 689 906 505 540 404 837 642 531 836 402 602 382 365 88 547 160 436 320 735 745 
174 476 670 202 485 497 583 186 215 721 744 21 130 753 138 563 769 515 767 150 571 653 662 146 555 238 107 629 108 402 644 397 558 221 668 192 361 528 462 817 171 768 763 94 555 639 468 421 632 766 709 661 379 230 81 89 947 949 771 348 410 10 227 11 595 721 666 566 298 250 199 536 851 194 934 440 323 923 361 574 927 
524 517 431 916 494 229 403 759 923 634 124 512 599 930 476 725 313 478 81 344 9 563 654 786 370 326 381 29 525 153 920 182 545 904 557 322 385 625 659 758 6 707 851 256 1000 934 383 636 552 348 14 553 500 243 868 801 514 506 555 978 925 223 803 438 135 22 688 199 651 480 657 412 273 302 984 410 651 717 583 599 
286 11 948 675 643 655 375 577 313 991 979 985 69 634 60 725 855 986 210 421 619 388 483 327 86 979 470 174 541 649 436 303 489 632 980 704 289 960 253 828 594 574 120 816 990 779 824 384 542 361 710 238 268 937 170 737 872 125 712 548 944 44 920 489 607 667 264 919 329 108 335 657 562 223 150 922 332 277 739 549 397 
6 27 716 225 614 963 396 477 788 806 738 818 797 493 989 147 363 181 394 402 37 826 671 333 515 673 379 386 327 951 631 974 856 742 619 661 250 992 264 112 125 237 617 99 843 431 290 448 566 394 324 965 368 8 73 67 762 706 805 165 777 965 602 942 428 413 789 857 89 112 323 638 921 504 280 973 486 638 234 884 
507 759 508 914 523 185 827 721 826 923 455 142 851 48 709 903 633 152 97 546 344 909 286 547 713 592 106 753 512 510 653 588 568 489 227 25 257 128 768 650 758 170 99 683 240 846 480 903 168 608 224 979 98 161 117 163 696 440 143 976 506 968 771 873 104 855 303 581 27 802 219 414 72 771 193 245 34 693 791 202 434 
222 905 649 771 450 713 464 49 659 556 212 78 126 837 90 229 369 926 545 758 78 635 241 359 318 707 836 416 893 830 439 184 69 358 769 949 191 291 39 150 658 384 507 177 201 297 967 7 981 357 345 997 528 492 158 935 251 992 363 964 38 676 143 656 69 478 802 252 422 309 682 271 656 638 601 646 537 538 204 826 
523 941 10 872 314 119 910 109 452 174 527 59 49 641 962 301 888 291 989 519 67 698 494 593 264 21 582 791 413 692 824 415 680 18 718 126 800 191 23 778 905 909 43 112 413 674 318 528 207 490 366 915 823 996 391 537 181 934 989 583 565 66 993 882 414 812 992 430 409 896 22 968 37 872 927 345 854 902 116 474 661 
541 941 421 160 299 452 481 668 537 349 378 69 332 241 815 177 310 333 97 437 253 104 360 993 540 159 42 635 856 576 783 178 46 167 398 192 1 897 941 442 921 828 211 147 492 877 599 146 270 231 68 640 39 685 947 593 128 664 782 399 155 839 628 562 242 706 67 587 546 406 863 544 48 762 52 284 235 813 878 847 
333 428 773 563 832 702 628 774 658 681 527 708 704 876 143 734 827 586 129 602 316 198 796 423 270 221 283 404 306 317 474 693 93 630 874 933 697 417 364 468 667 156 967 53 179 504 418 958 613 413 325 505 659 768 568 629 49 58 982 261 698 759 370 717 63 696 384 86 212 780 196 761 17 599 103 505 313 933 141 435 252 
543 526 450 430 425 960 880 171 549 964 877 163 7 981 963 20 795 337 772 623 147 759 580 936 802 558 864 300 510 678 195 616 247 754 185 590 727 106 332 335 692 502 164 70 791 194 509 890 381 828 48 407 442 151 285 812 804 964 790 231 839 118 628 291 868 755 535 461 394 155 71 754 725 622 443 41 530 348 273 311 
