80 1000
153 903 856 267 575 475 82 941 534 548 974 639 619 101 875 22 487 371 961 689 553 817 765 868 57 440 116 474 746 740 944 463 207 370 656 911 764 813 705 886 758 175 744 643 975 814 409 332 701 196 179 16 431 805 740 420 869 717 684 349 805 567 505 704 510 169 666 194 861 897 948 648 765 791 69 856 617 303 95 751 
100 44 453 396 762 656 407 324 403 896 948 408 711 624 875 153 514 104 76 124 692 709 484 115 231 726 515 447 651 759 960 157 613 299 234 584 847 577 862 708 801 1 555 715 722 37 18 933 704 658 719 508 222 827 462 443 615 39 605 408 525 689 18 575 45 49 103 752 721 740 339 323 718 56 52 764 163 10 344 496 756 
221 976 470 732 905 745 631 14 875 193 527 812 263 871 232 824 402 190 626 430 564 376 653 36 28 564 872 207 195 295 749 663 844 469 33 887 99 691 380 92 183 140 848 751 377 267 924 4 792 901 63 628 96 190 280 993 946 246 491 427 393 809 298 543 956 531 643 616 739 380 668 349 872 185 402 339 233 434 987 410 
469 95 290 436 479 860 712 315 893 104 286 606 242 530 668 979 995 703 944 813 45 83 466 374 400 22 33 974 465 956 130 64 681 824 116 754 645 218 46 92 920 931 32 245 287 226 267 977 462 483 29 541 180 673 305 78 89 279 477 381 121 84 941 184 859 719 425 392 226 351 526 565 250 501 637 619 240 209 243 672 47 
915 599 141 904 60 415 76 35 926 345 872 796 927 629 266 219 978 481 968 336 326 458 879 424 5 573 506 527 364 492 873 425 110 521 134 799 126 931 630 660 885 939 276 420 502 875 355 874 786 243 455 468 509 952 81 992 979 248 595 1 321 359 50 3 51 864 699 245 138 228 352 654 156 952 390 31 733 437 594 987 
232 227 827 318 393 664 801 156 183 454 451 721 654 948 845 634 369 643 538 394 189 646 231 97 888 161 408 528 888 723 955 964 210 558 223 362 418 317 139 391 867 891 466 300 936 155 300 27 792 647 965 204 123 820 555 912 161 997 327 642 374 242 622 2 105 385 661 374 464 905 712 835 641 765 674 286 935 183 40 671 309 
679 388 227 940 830 661 998 283 927 767 864 801 401 866 443 241 335 354 972 824 63 160 108 501 197 124 977 968 261 185 347 113 225 189 948 285 27 527 179 679 30 454 844 190 858 786 999 99 226 269 359 219 507 443 447 139 930 919 4 385 34 283 291 741 343 881 232 69 12 37 424 972 269 800 952 957 408 485 697 84 
24 135 253 900 859 767 561 385 637 884 276 195 187 364 408 651 541 302 249 657 34 529 177 483 950 561 964 734 87 177 775 853 770 317 2 866 981 524 149 654 3 538 626 871 509 40 536 759 106 920 21 400 149 874 682 744 6 915 207 877 985 762 905 704 901 658 20 47 872 548 818 942 74 560 887 879 235 746 355 896 785 
428 811 313 276 198 9 151 491 527 113 61 730 751 322 475 758 996 130 154 835 2 487 698 664 101 396 1000 849 211 368 642 86 237 62 157 897 497 108 772 603 921 337 687 183 893 188 831 8 419 84 948 667 304 305 399 549 405 489 640 17 710 858 920 84 16 368 350 235 547 502 464 604 284 877 636 137 865 608 975 208 
992 879 427 194 426 486 294 267 322 261 623 4 839 64 759 373 13 917 812 162 914 790 785 373 215 734 108 693 133 590 244 856 957 733 583 666 43 144 973 20 742 664 118 634 707 903 937 795 104 984 398 488 599 384 58 561 832 576 461 753 847 396 604 395 592 715 507 704 297 978 78 396 429 389 379 436 64 519 499 578 938 
399 364 495 74 230 903 935 91 273 524 282 661 787 52 23 548 803 469 185 165 441 665 127 614 249 737 297 874 566 827 565 390 419 165 743 896 376 414 598 916 267 997 577 111 699 87 310 965 622 17 168 765 71 852 508 46 497 72 962 158 649 625 802 965 584 511 799 355 82 968 653 455 524 132 38 699 670 55 471 824 
386 836 268 736 844 726 722 140 658 963 555 446 416 813 995 908 616 521 711 165 420 577 766 508 643 366 892 618 509 638 827 73 459 851 587 293 917 895 962 680 392 640 882 198 682 132 892 317 221 739 209 165 879 355 585 529 382 399 735 148 416 575 585 561 180 628 258 684 502 439 730 614 801 884 197 514 908 304 724 531 967 
623 444 468 168 510 85 286 716 188 896 576 151 3 990 257 231 55 202 750 171 195 439 813 386 618 801 564 715 949 731 904 377 18 453 3 106 378 791 183 224 386 736 641 773 57 667 385 389 342 999 262 507 908 82 182 395 18 974 926 783 330 843 584 181 103 121 32 766 686 885 294 557 742 615 543 995 458 331 185 879 
836 488 3 269 972 746 848 704 495 550 771 503 335 973 5 795 194 2 372 488 673 21 305 1000 847 993 631 868 80 266 456 435 644 822 593 262 509 217 800 775 894 727 230 408 304 776 385 624 861 920 746 153 131 144 163 365 346 905 838 741 51 789 612 520 801 936 246 705 967 975 27 991 11 333 803 948 945 265 731 678 276 
928 61 58 264 109 636 246 377 940 339 855 325 714 184 672 897 284 252 358 567 921 220 294 694 16 25 537 273 199 660 560 330 165 178 760 831 815 708 28 322 973 201 511 173 320 296 988 41 758 409 710 768 844 260 191 867 441 531 507 229 622 904 996 100 518 820 193 963 267 842 894 15 148 622 549 868 664 765 662 334 
888 486 195 435 611 385 30 62 219 809 617 580 609 687 984 960 981 667 679 522 365 808 914 975 375 473 592 717 387 957 316 883 33 478 109 295 621 223 688 752 885 352 159 625 757 962 781 436 742 545 834 789 734 641 217 850 216 719 754 611 793 257 389 7 336 735 491 629 168 438 490 816 912 235 707 939 850 689 456 324 481 
339 861 490 728 823 232 40 660 293 395 52 754 92 760 293 554 410 159 781 656 918 187 77 638 962 842 469 61 138 170 563 589 344 47 30 394 919 908 9 891 795 280 577 786 91 174 914 101 555 86 805 675 472 340 513 671 498 286 481 780 184 743 111 349 474 724 444 639 649 744 42 558 946 29 888 52 306 304 249 251 
232 236 932 303 884 668 130 594 221 85 281 879 517 109 588 350 319 546 902 320 712 106 173 116 414 331 352 993 88 779 235 983 231 330 610 84 896 196 659 698 588 717 961 625 791 694 707 622 978 630 354 922 855 205 429 451 286 103 821 248 637 413 557 826 275 818 292 806 505 171 564 160 808 266 500 232 800 819 878 547 700 
686 782 844 451 397 956 756 738 625 471 409 304 519 708 395 365 855 837 259 551 628 107 435 223 325 662 29 720 396 887 187 485 174 745 150 883 850 561 177 807 660 653 156 487 465 163 526 799 911 197 396 712 840 952 792 191 828 128 367 871 489 944 126 777 830 889 984 970 996 207 722 600 155 547 595 567 104 350 692 984 
722 992 745 566 408 363 99 101 316 270 257 310 278 455 502 51 36 454 265 662 710 878 422 293 11 25 370 235 556 193 1000 726 78 12 837 284 607 244 667 812 469 357 436 845 735 550 703 637 88 643 681 855 650 662 550 223 130 552 763 980 36 762 285 213 657 393 784 90 192 944 959 237 910 887 260 387 119 621 47 728 75 
363 575 686 491 746 44 29 488 985 412 375 686 825 231 595 862 747 269 389 410 264 862 381 82 707 281 712 237 662 18 894 596 56 464 933 52 654 757 181 43 995 551 217 334 177 670 958 196 522 453 405 687 585 644 290 604 122 521 51 821 582 481 837 282 361 244 486 930 346 462 457 496 719 864 948 101 486 348 401 660 
172 869 286 328 400 894 167 101 781 46 684 105 167 147 374 371 825 656 881 151 248 934 439 14 434 505 988 200 330 591 466 640 738 686 639 956 461 530 163 649 646 175 92 491 121 265 903 150 42 469 499 586 677 894 916 740 132 357 391 587 609 35 768 704 684 141 624 255 347 320 981 186 949 823 240 56 95 494 303 698 42 
568 93 769 333 135 396 409 584 224 528 457 517 894 808 2 339 114 502 777 339 658 645 771 675 66 35 463 953 914 537 846 613 936 375 985 400 474 95 753 336 758 396 204 694 286 834 153 192 73 414 787 363 203 349 771 127 439 581 7 900 899 49 452 927 408 519 994 771 672 323 46 844 673 661 525 153 707 623 349 592 
907 597 550 247 404 805 683 67 986 255 234 335 184 804 207 668 949 520 407 579 412 172 536 395 854 957 571 759 193 596 262 785 300 588 940 663 837 36 546 601 744 952 574 661 37 101 190 580 911 811 356 31 330 817 528 401 47 271 436 55 733 106 248 98 973 459 656 540 285 207 682 55 891 950 815 731 67 656 563 866 587 
161 236 822 631 844 31 94 323 32 564 583 572 358 747 864 667 984 948 247 857 929 914 717 47 206 745 497 81 614 433 43 993 207 676 825 966 626 95 436 415 625 61 679 994 776 450 553 976 556 550 136 471 51 807 566 674 18 271 621 795 414 104 473 614 492 744 378 512 823 714 754 444 555 939 317 109 39 332 773 850 
724 846 876 437 295 731 468 603 369 892 530 113 422 308 775 836 705 838 466 484 92 933 19 880 981 582 201 673 553 389 913 253 607 943 458 209 562 366 482 552 531 295 417 448 616 582 444 735 365 264 420 881 54 99 935 878 748 50 268 808 49 404 129 980 611 96 607 475 606 426 324 360 404 199 134 376 525 507 579 702 860 
780 429 422 49 23 652 29 229 549 236 858 665 295 175 166 771 494 980 766 102 57 784 97 496 156 80 995 882 530 783 65 600 576 433 63 282 71 491 262 13 422 981 562 385 56 775 434 438 927 367 13 791 134 426 21 164 810 171 405 891 606 149 681 111 722 901 506 421 159 380 981 445 370 240 831 652 517 807 359 145 
913 686 953 415 304 577 609 198 516 960 300 885 194 256 716 413 759 336 672 176 74 544 254 470 180 593 43 583 256 881 246 481 549 217 951 952 737 799 468 375 724 27 984 979 477 160 711 310 851 577 283 274 321 926 968 184 332 259 388 710 592 49 258 103 266 325 344 51 246 278 782 991 321 381 73 189 965 328 85 80 197 
882 847 755 257 216 270 693 601 867 312 382 701 223 133 188 633 266 129 570 918 228 370 106 824 995 467 374 847 767 669 470 519 663 831 568 833 961 296 614 813 577 975 636 20 154 833 963 247 61 977 499 730 348 484 40 745 827 635 559 691 186 413 696 287 468 362 152 655 735 887 459 327 247 283 20 729 304 634 900 283 
827 976 519 523 677 780 112 975 999 92 251 347 257 860 401 588 979 408 31 442 860 648 678 315 824 559 383 304 927 107 986 717 421 699 283 592 752 487 305 191 212 800 310 106 197 654 107 878 968 791 884 796 271 871 830 667 547 325 625 114 414 541 368 721 652 832 201 690 619 495 837 225 913 41 167 571 165 560 501 275 934 
86 700 930 740 656 856 320 704 977 86 38 592 159 328 568 27 42 115 463 901 947 948 391 78 481 664 444 929 484 182 696 270 826 862 166 558 518 245 401 812 267 122 633 193 549 146 871 39 824 807 27 345 747 642 586 50 576 48 198 579 555 715 659 838 635 829 263 307 129 587 773 469 934 94 109 940 799 918 384 928 
621 702 191 928 623 604 133 511 520 166 700 472 568 622 973 110 437 591 657 369 385 667 844 672 413 752 581 108 24 677 817 253 532 636 84 635 87 553 703 573 795 496 827 508 617 457 117 688 781 2 78 616 70 246 874 329 970 988 447 108 82 194 863 580 942 713 956 741 485 237 262 848 271 526 262 608 136 829 335 777 816 
347 485 328 356 767 301 229 818 948 390 956 83 631 447 451 718 791 693 890 129 582 919 675 589 463 281 499 146 15 265 886 193 185 897 992 875 407 403 846 515 809 599 512 892 671 591 895 825 75 463 703 342 124 757 148 813 475 611 804 354 809 140 476 744 357 831 523 559 955 889 933 566 563 311 973 8 526 43 28 781 
628 788 332 711 949 120 127 850 187 642 358 295 344 132 10 919 420 769 985 245 350 484 366 92 439 190 426 487 439 947 110 597 201 618 715 973 24 864 372 556 392 6 590 409 747 579 94 381 619 470 180 615 906 195 846 482 585 554 612 8 783 593 686 581 758 250 379 87 797 585 129 594 467 256 960 297 64 554 735 235 414 
439 337 808 222 34 647 812 859 272 914 203 889 631 632 29 857 618 259 640 386 569 485 390 566 856 642 343 36 253 139 768 553 974 217 252 255 77 763 297 57 793 71 812 7 980 89 580 551 651 632 432 638 988 430 199 196 993 161 317 877 22 50 490 748 377 215 643 175 233 516 890 895 8 97 162 937 603 766 685 366 
738 634 69 340 860 107 532 531 145 468 182 418 559 533 594 151 999 298 366 241 864 823 476 63 520 398 573 516 528 544 874 458 288 518 937 509 940 539 417 519 394 610 700 538 9 337 452 100 433 608 222 605 420 831 715 573 36 909 815 415 28 426 629 747 695 324 11 196 115 537 263 927 419 776 686 31 307 14 526 695 563 
159 64 872 317 301 166 55 434 210 873 901 785 543 341 667 391 927 326 296 328 212 342 69 850 607 94 350 480 887 907 542 672 616 632 593 695 954 737 949 510 407 260 408 507 96 999 217 300 513 972 17 720 815 626 660 683 943 856 71 909 125 262 417 887 526 70 827 519 729 592 785 458 422 368 519 599 821 87 945 524 
432 284 295 687 115 282 67 537 429 654 273 365 697 464 8 897 194 514 578 1000 789 443 217 555 931 254 424 86 884 968 811 503 122 396 883 966 201 492 865 741 967 199 426 804 104 449 348 428 581 689 919 727 512 371 44 385 755 216 938 377 901 850 30 770 776 646 746 936 309 524 403 648 9 272 418 738 894 728 398 725 757 
325 523 538 640 156 511 714 477 603 823 384 680 981 112 698 530 97 380 718 340 235 478 275 876 568 619 8 245 910 61 262 428 239 701 245 51 801 430 120 298 654 543 116 33 269 72 683 918 716 72 552 893 409 223 532 149 168 409 175 297 446 346 771 539 790 389 440 341 389 752 748 522 586 61 727 778 248 311 520 712 
651 309 36 571 436 281 384 497 344 424 756 467 709 445 407 804 198 709 586 354 941 872 536 525 627 719 884 486 233 892 173 463 896 304 703 995 599 615 575 886 797 274 768 946 705 771 267 425 251 241 969 101 409 101 133 871 774 136 940 8 695 926 937 486 427 349 804 393 150 290 70 343 295 271 816 957 857 484 49 533 984 
536 489 936 467 947 946 52 690 418 84 91 382 236 710 587 261 935 40 208 355 101 249 196 114 794 22 744 319 315 695 295 178 502 973 699 170 797 759 693 991 78 378 169 634 137 288 860 187 765 989 217 507 484 298 522 606 468 342 232 91 710 854 816 258 310 203 46 469 594 997 451 883 38 117 186 478 707 927 922 645 
818 926 133 661 743 22 434 223 131 265 815 28 339 630 760 50 108 742 101 437 345 276 763 334 954 163 73 991 828 483 989 441 727 515 383 826 975 291 742 565 504 441 101 251 105 237 530 685 683 262 514 487 362 448 650 467 614 295 972 555 884 182 994 208 444 781 178 744 501 202 865 531 892 556 316 247 72 557 403 208 2 
939 575 32 865 180 801 710 123 657 657 461 543 246 809 627 186 631 720 736 377 756 628 710 874 505 661 132 989 958 1000 166 882 682 479 830 520 492 396 89 829 997 720 690 726 65 76 388 949 709 545 310 930 702 49 956 44 339 9 632 926 587 779 497 481 829 448 253 283 414 115 852 996 491 345 604 666 886 170 769 714 
980 937 730 431 174 471 469 485 856 155 866 385 723 343 888 951 415 969 983 922 288 129 545 858 361 723 322 175 98 29 898 718 722 99 107 739 33 184 695 603 944 14 724 709 222 624 394 916 889 242 352 268 494 608 85 225 49 844 539 13 807 318 527 644 185 394 651 756 506 392 753 237 864 409 899 208 266 957 132 651 62 
26 533 930 716 475 948 829 815 765 707 820 371 766 131 167 706 511 69 796 240 772 700 254 744 973 10 218 977 704 970 517 400 821 382 42 319 987 885 807 101 520 604 453 927 466 870 219 882 47 809 155 32 755 315 503 484 766 964 436 321 173 123 619 455 629 117 140 54 411 176 516 100 865 462 928 339 281 911 677 683 
562 558 686 736 650 132 780 99 485 835 747 294 697 340 788 989 49 804 950 858 576 479 834 339 773 114 4 552 992 928 13 508 296 171 151 155 110 288 654 356 861 474 129 722 606 260 403 205 746 998 458 487 414 126 856 910 527 117 607 569 122 205 675 962 726 827 83 817 160 740 426 981 712 529 258 265 235 129 485 846 141 
960 867 826 339 728 209 661 81 930 70 480 285 164 784 77 871 595 212 96 536 448 139 770 101 736 973 798 215 273 431 832 281 390 811 850 894 311 998 411 383 810 425 303 137 880 213 711 126 877 942 465 44 637 343 937 373 338 874 434 862 963 455 599 598 904 87 545 252 732 282 55 247 894 62 159 144 596 432 291 811 
444 215 197 863 719 278 438 632 17 977 65 754 119 606 766 713 832 597 574 965 587 23 154 165 318 230 292 610 768 435 221 943 949 40 948 502 39 804 362 118 261 714 546 725 562 668 175 316 288 635 725 242 532 837 477 128 593 355 890 623 983 579 331 82 659 742 298 964 565 847 198 679 664 136 547 904 714 783 689 642 633 
121 912 518 718 237 906 985 991 590 175 933 303 953 291 702 46 325 812 293 795 267 318 274 803 772 204 364 908 193 698 190 538 55 600 574 517 832 863 519 614 925 591 719 762 327 95 882 814 618 812 940 76 873 558 224 880 32 476 620 522 653 182 81 397 386 123 494 724 803 741 55 57 495 440 34 607 995 210 883 43 
635 717 899 397 289 434 782 696 722 971 683 132 899 140 861 439 393 43 504 389 156 388 770 667 743 135 789 106 923 623 775 123 950 363 950 537 403 693 196 5 761 377 735 734 683 490 836 348 781 745 319 51 490 53 527 23 200 223 788 553 48 664 438 288 489 828 707 128 860 743 947 950 406 818 528 543 64 752 645 580 934 
960 119 464 620 976 616 623 386 374 311 133 384 20 621 302 262 335 649 89 628 9 631 433 1 188 316 898 173 645 821 446 300 561 458 22 705 548 788 72 833 847 999 369 138 162 638 891 208 838 329 174 231 658 369 121 675 967 19 327 184 667 831 989 887 578 965 347 788 613 425 842 912 994 194 165 665 944 262 392 904 
587 436 302 890 916 31 394 600 406 996 677 470 352 766 773 216 755 566 711 331 90 664 704 838 257 36 623 311 627 471 923 607 490 300 710 798 84 316 102 540 549 347 748 3 877 403 687 160 314 432 47 53 203 383 519 719 641 211 43 404 435 916 754 730 211 973 633 760 377 577 719 183 35 343 766 349 661 94 879 647 431 
474 996 187 973 479 247 150 478 280 59 626 97 43 504 410 285 989 965 103 110 344 424 760 807 678 414 835 668 874 890 310 322 713 580 784 506 60 69 246 582 107 42 917 588 240 109 283 794 973 130 3 831 250 933 916 351 395 788 95 321 880 821 537 449 969 725 621 661 558 179 17 4 190 110 15 981 340 654 298 807 
101 618 72 647 231 53 785 146 395 724 563 833 217 142 446 410 443 843 725 571 909 796 568 179 164 361 15 241 544 775 840 391 937 905 802 56 106 506 589 980 219 605 279 453 890 441 890 291 40 672 840 258 395 393 137 353 49 737 704 749 657 146 564 274 482 370 501 851 839 45 546 37 39 428 479 574 373 431 686 753 93 
196 130 540 124 658 684 113 759 549 36 363 14 122 107 381 95 758 680 715 834 631 481 760 864 135 780 924 124 546 435 71 935 460 256 798 103 672 380 769 305 286 767 523 895 407 467 900 553 82 457 113 463 226 346 686 86 354 405 593 284 52 18 10 986 546 172 62 123 329 543 737 222 877 93 872 263 318 381 515 454 
893 197 497 274 394 462 375 542 603 585 907 853 580 168 612 124 62 880 868 295 730 67 337 913 992 778 800 795 130 908 359 904 651 837 5 875 20 346 212 309 770 984 445 966 955 673 799 712 878 331 518 819 798 482 37 910 416 762 365 442 346 962 128 877 452 928 327 885 763 897 578 327 789 263 485 800 868 628 710 566 754 
150 90 550 997 363 168 338 680 631 943 330 28 613 428 340 651 144 187 221 709 411 762 571 511 198 312 798 45 302 196 67 800 705 3 18 303 277 688 970 830 551 249 544 347 177 44 702 41 312 19 858 367 964 920 402 226 528 650 225 562 189 201 538 272 570 279 302 883 276 320 937 580 925 904 35 90 926 80 158 562 
540 38 11 963 630 95 959 441 454 485 721 457 680 426 418 787 666 74 19 246 664 532 913 192 686 83 312 251 191 636 226 108 336 374 36 806 360 364 556 439 595 611 43 519 336 375 952 444 528 476 21 618 34 17 574 811 891 759 902 612 334 119 973 335 901 524 489 20 242 258 728 557 534 406 942 205 269 943 820 767 797 
276 639 779 530 164 726 632 906 722 39 413 398 461 808 810 151 579 201 382 518 239 628 95 811 649 840 354 614 771 329 626 867 599 962 773 985 195 158 387 502 216 409 920 143 671 264 470 654 261 34 426 180 149 960 557 909 235 605 52 670 574 266 529 162 716 682 993 770 27 279 856 185 577 677 593 166 143 462 35 878 
163 65 129 983 642 84 707 901 168 194 646 640 228 662 466 640 699 808 87 452 947 669 915 601 623 335 483 226 476 960 145 828 53 812 514 704 758 705 512 398 601 537 925 111 882 847 429 505 129 66 330 71 602 721 230 972 825 992 877 497 970 239 1000 559 511 940 425 233 531 142 13 776 779 734 684 376 114 179 378 701 106 
72 949 95 957 977 677 325 938 388 91 590 941 100 327 527 129 753 167 841 425 544 271 108 208 297 125 452 948 924 152 57 215 684 721 143 255 146 872 341 821 97 362 228 256 580 85 317 621 821 577 397 942 825 27 189 409 749 470 380 289 566 661 336 799 692 768 932 633 369 39 74 41 103 674 750 534 814 560 844 397 
827 662 159 634 777 476 869 425 778 848 84 559 758 640 344 140 694 336 141 88 659 36 559 711 910 810 323 227 894 773 889 96 219 104 942 478 457 71 383 319 965 913 277 494 419 860 119 952 247 17 668 175 713 975 635 623 18 374 567 693 614 928 782 405 377 412 864 109 124 600 634 319 27 271 637 717 718 86 811 435 589 
518 429 886 516 770 485 62 409 52 690 109 531 196 770 661 974 331 176 561 517 156 206 408 379 501 487 782 882 400 182 59 325 692 704 633 483 478 926 443 280 998 77 706 960 528 931 124 673 538 541 872 614 883 798 833 150 825 191 633 994 983 491 567 198 79 492 614 57 410 955 754 858 352 935 34 540 247 897 230 117 
491 859 562 948 212 654 825 804 835 792 561 911 126 674 693 127 339 552 219 637 287 927 273 685 894 459 760 563 604 500 915 5 178 673 895 290 636 369 763 63 634 26 95 519 939 305 915 208 785 326 373 103 514 932 300 510 757 484 906 996 661 988 151 411 534 285 557 553 93 438 895 40 381 614 438 700 545 154 659 645 134 
193 223 420 637 703 616 960 382 439 388 975 925 442 26 758 991 288 748 398 517 834 57 856 289 659 332 477 234 381 269 618 322 280 649 637 288 11 434 749 388 897 610 121 238 471 24 931 133 934 332 304 609 880 259 607 326 292 105 321 562 976 856 283 95 968 242 55 874 733 130 596 280 530 252 534 452 336 116 358 283 
455 306 96 202 334 207 827 350 226 813 143 195 501 162 765 948 138 196 417 409 798 354 449 267 74 576 492 228 27 468 654 341 132 311 371 657 170 835 398 385 750 496 880 30 771 992 307 703 409 993 394 490 478 619 410 557 250 645 458 707 838 177 437 115 300 287 143 929 52 149 550 716 79 209 83 56 433 785 674 115 629 
299 391 120 215 56 379 815 791 758 725 445 386 860 91 972 298 370 68 135 543 192 661 247 164 463 538 780 39 980 901 278 328 491 146 337 784 239 61 752 129 206 459 178 385 747 57 373 571 394 693 858 797 543 737 329 211 618 192 479 564 74 914 987 474 928 966 741 613 60 537 937 115 478 288 102 19 173 188 726 895 
657 628 596 585 399 743 30 116 686 987 570 587 367 996 367 416 498 347 499 560 977 64 341 807 743 324 191 754 613 210 67 72 57 425 837 984 727 715 578 12 683 591 390 641 773 337 94 139 602 68 642 290 1000 606 19 590 554 968 684 401 738 814 496 78 580 279 16 73 953 271 652 204 791 170 445 850 480 106 733 796 79 
790 214 457 850 123 155 727 511 244 300 832 816 210 740 412 128 979 599 145 275 634 760 641 968 82 310 709 61 623 785 970 338 65 103 192 947 371 50 693 644 63 835 766 296 695 528 937 519 379 811 151 285 815 478 959 21 13 385 946 270 981 936 636 347 409 971 415 355 902 80 461 290 608 1 457 99 313 803 799 34 
482 555 739 921 725 88 656 163 83 500 431 618 65 461 282 483 580 576 926 707 566 212 684 378 858 851 433 218 498 906 535 435 64 626 266 479 573 738 707 501 510 824 222 261 643 739 810 717 985 393 567 309 72 208 428 652 27 991 172 178 472 19 789 378 168 607 307 370 181 37 50 208 99 91 802 463 620 510 283 511 454 
816 404 300 116 247 919 593 30 720 21 899 154 261 247 79 144 842 363 714 65 720 641 260 392 29 859 769 559 126 913 408 856 736 749 920 655 884 905 177 901 709 110 553 860 435 199 117 687 632 485 62 654 479 439 643 17 911 689 977 947 129 757 739 339 305 349 644 990 504 974 785 241 270 879 33 402 206 332 917 41 
94 28 876 29 414 983 8 670 398 37 247 510 581 980 504 449 65 235 857 951 534 338 435 28 86 473 237 936 713 755 707 252 289 583 190 760 29 254 435 745 680 371 347 36 829 466 733 373 659 171 82 385 628 32 134 781 957 569 756 797 708 807 479 935 893 373 36 416 746 913 496 48 32 319 471 774 363 206 948 967 86 
679 580 55 681 256 930 366 172 579 879 141 248 681 344 940 249 100 765 179 764 259 15 593 805 236 755 589 394 898 312 107 36 351 545 6 425 387 206 90 987 15 805 692 547 207 438 165 422 194 515 199 198 491 618 855 834 602 745 757 148 935 254 210 345 982 771 212 863 64 957 858 984 481 680 849 431 795 21 524 598 
159 125 595 787 404 226 204 972 302 480 987 582 927 227 717 930 632 81 939 855 218 358 739 242 192 167 752 96 347 182 797 171 928 101 490 903 812 729 691 172 687 261 250 155 872 873 830 192 409 329 770 778 187 974 713 864 520 506 451 193 388 226 700 559 199 328 425 632 704 909 999 837 376 378 555 936 150 309 980 17 514 
381 645 77 184 780 915 949 849 221 869 691 695 456 391 825 378 95 324 888 432 268 329 55 35 456 21 521 880 734 59 559 549 275 262 152 490 353 818 32 581 341 144 245 888 252 498 151 130 695 988 144 242 473 105 151 916 527 180 358 384 518 5 217 192 38 65 903 560 230 645 365 790 790 541 247 978 366 528 907 751 
463 358 211 507 873 410 513 848 685 327 149 849 273 279 933 505 547 135 897 980 783 327 831 163 987 656 408 348 740 136 878 649 867 393 682 624 147 34 976 882 412 79 329 297 952 588 186 615 6 954 93 24 967 507 404 807 497 535 575 703 698 536 327 56 914 793 894 136 696 360 34 978 166 745 795 310 47 964 794 640 872 
73 419 566 473 691 848 195 108 839 653 217 416 824 915 320 270 615 283 184 294 205 757 424 788 708 94 268 959 299 737 827 488 592 75 90 1 199 696 104 569 317 184 906 527 229 93 772 344 822 448 171 592 483 607 8 579 809 394 562 203 142 584 658 943 907 378 991 52 452 980 1000 329 352 241 68 440 359 313 725 537 
488 474 62 280 314 399 391 795 312 414 856 389 659 905 425 450 306 995 816 304 87 455 565 770 85 682 465 482 360 258 859 133 414 974 151 184 964 788 84 222 419 71 925 598 112 868 260 661 667 213 119 180 935 409 517 258 717 972 83 452 850 892 75 594 593 689 670 360 590 42 922 930 412 618 159 190 769 166 843 210 213 
466 99 297 377 28 485 533 998 704 306 682 993 210 273 389 562 884 126 882 303 571 369 637 953 83 124 318 809 110 167 816 687 748 307 943 418 431 890 693 891 111 633 669 632 239 955 547 427 818 574 661 658 54 389 931 373 565 275 560 934 966 564 7 545 416 768 879 793 281 791 640 604 339 471 902 685 979 941 183 505 
612 725 215 62 335 549 732 389 881 338 709 553 216 37 301 799 909 948 910 479 407 607 308 711 385 901 845 378 593 297 774 359 721 133 642 59 601 138 834 699 827 713 322 47 250 827 391 118 587 637 866 762 82 378 137 890 835 395 886 414 760 773 765 609 330 563 863 418 392 660 545 963 264 342 758 778 605 551 744 440 243 
743 358 484 960 783 25 763 153 852 495 996 501 796 303 472 761 302 142 468 868 817 56 166 846 94 15 808 721 929 720 169 909 318 847 36 171 850 121 588 342 598 958 428 796 901 874 641 836 483 129 252 57 798 666 795 559 482 88 549 705 779 215 336 114 145 521 738 758 193 577 709 869 541 821 865 652 534 804 914 89 
144 344 988 127 160 204 758 325 28 101 518 731 453 455 383 235 969 904 401 97 55 625 383 531 41 844 253 197 650 162 185 955 699 676 884 681 268 11 498 779 938 164 512 587 111 966 290 312 256 21 548 859 223 132 593 336 32 897 558 233 777 952 465 785 304 796 128 623 319 828 368 365 529 471 286 307 520 729 20 551 950 
333 600 981 937 319 112 78 103 532 315 804 329 740 677 89 938 60 290 533 335 669 173 86 383 367 229 626 390 223 496 406 268 710 628 758 746 299 278 570 549 827 617 941 425 221 779 872 228 976 869 585 718 460 470 508 338 442 562 299 737 522 335 957 136 254 968 206 392 836 152 283 700 180 122 321 282 627 144 188 436 
169 657 829 444 389 943 672 55 572 564 667 884 815 457 945 66 920 296 738 915 372 728 608 50 466 737 8 194 52 260 622 274 803 657 285 281 727 426 445 222 42 585 294 643 855 388 94 561 911 915 558 490 997 377 343 108 149 2 295 280 4 716 767 93 482 401 402 210 332 200 367 544 576 92 292 707 345 956 392 400 848 
742 354 129 490 515 388 352 505 524 4 21 236 726 771 49 621 771 883 26 345 501 581 735 300 17 172 587 782 280 609 485 197 690 524 373 331 440 756 216 141 184 619 97 560 87 440 728 923 139 539 610 597 79 318 941 489 20 81 646 596 300 741 626 245 557 411 947 331 971 362 487 755 7 764 986 457 943 219 23 270 
850 905 574 753 360 948 754 285 172 632 502 662 804 276 648 47 485 8 150 635 535 601 998 679 511 208 901 411 561 786 210 107 238 221 988 698 249 23 86 599 541 809 32 676 598 315 772 942 147 432 313 551 275 486 938 187 541 277 254 305 740 649 381 718 192 971 447 541 692 846 254 555 568 258 311 159 777 560 685 20 208 
297 514 71 384 44 470 965 604 505 646 734 842 372 233 395 194 249 269 720 942 612 45 719 362 350 571 615 765 616 71 369 308 116 765 674 381 486 535 740 764 465 379 330 730 460 328 912 261 214 620 790 612 375 464 326 832 957 41 853 265 544 930 792 298 858 260 397 852 165 174 489 668 994 920 129 156 135 274 68 567 
9 876 963 424 498 958 300 712 906 721 630 815 570 776 248 355 503 673 982 736 366 488 239 732 837 764 43 733 892 111 991 84 728 105 788 563 403 937 895 661 614 79 951 493 160 545 514 138 70 356 521 954 582 990 478 117 534 625 400 9 889 422 360 583 958 947 293 208 368 497 700 408 832 311 787 914 658 727 811 616 890 
392 845 529 811 19 781 126 427 552 417 948 994 138 616 561 505 794 244 882 904 307 775 162 418 885 515 897 14 182 814 783 673 646 322 350 882 828 286 150 855 191 390 62 913 476 551 964 943 567 351 181 556 912 262 667 336 226 125 64 229 871 884 475 836 546 302 729 295 896 7 648 467 493 215 19 29 428 702 323 184 
420 73 368 144 782 511 816 481 894 42 807 799 837 420 116 457 851 515 216 115 910 169 647 394 872 983 857 708 1000 633 434 487 320 726 828 536 747 453 969 938 184 319 981 35 674 427 313 956 70 366 396 141 534 797 739 17 777 977 971 433 977 667 302 71 847 378 460 317 303 320 141 109 566 264 85 196 327 269 728 266 367 
906 946 930 355 509 533 585 304 44 799 719 254 233 252 85 508 131 600 306 295 486 53 326 195 59 801 225 37 192 527 787 443 846 433 323 162 297 889 169 288 99 128 211 693 112 561 738 397 458 286 123 785 592 113 250 949 373 592 987 37 852 21 218 752 747 660 167 17 650 789 316 8 931 807 984 693 403 558 356 640 
639 391 275 725 220 790 372 603 767 186 299 379 557 701 511 298 368 379 293 933 381 325 895 125 216 657 751 831 33 697 554 936 702 809 655 294 940 156 509 377 290 243 31 725 278 989 678 622 56 618 265 883 496 11 946 568 481 911 751 656 338 42 277 616 806 492 604 831 29 987 206 683 941 790 556 241 179 949 630 310 538 
978 13 838 65 434 232 940 632 288 326 464 440 436 526 695 152 753 593 769 293 260 61 828 445 694 883 5 314 75 704 740 856 539 582 524 857 541 436 403 587 493 572 438 397 309 352 229 889 688 628 955 887 552 341 360 155 453 386 99 41 972 456 948 642 927 259 98 766 180 3 497 908 821 920 968 745 52 820 3 434 
908 152 261 677 144 443 961 177 969 687 390 337 71 385 670 85 475 375 838 341 779 412 781 658 661 182 391 264 568 57 109 632 846 450 521 916 790 741 217 767 350 167 456 262 841 700 891 214 274 145 262 381 599 274 18 119 8 253 151 419 343 495 548 926 802 765 919 100 477 549 304 290 450 532 915 401 111 459 805 482 146 
572 25 959 999 904 37 287 378 988 733 187 766 676 573 930 852 40 260 655 6 755 102 484 219 39 907 710 973 502 426 919 546 474 82 591 976 828 500 34 786 324 255 891 591 884 497 671 523 930 206 953 395 371 712 5 165 578 878 603 882 403 440 587 416 32 86 110 111 477 174 179 147 316 579 481 402 984 885 620 299 
770 259 351 548 389 975 552 515 163 522 878 413 628 921 305 49 944 712 769 459 171 652 81 734 721 236 473 346 686 893 204 406 81 522 657 169 649 5 983 974 756 442 879 50 680 90 476 593 977 560 651 799 977 108 212 177 296 509 682 33 575 427 254 243 3 146 404 890 516 324 601 5 140 373 73 923 143 870 954 705 716 
502 302 431 197 257 430 903 488 88 619 341 29 475 979 1 294 616 649 147 365 296 252 109 941 701 956 847 156 400 15 526 67 543 173 443 822 923 6 434 797 57 676 141 955 500 144 937 897 478 982 805 907 673 334 100 104 279 683 474 477 717 628 863 751 950 853 472 816 829 37 498 487 364 33 669 404 568 305 953 15 
915 290 16 341 505 310 874 457 668 232 507 449 465 33 968 185 729 935 800 19 473 939 709 659 990 393 559 702 348 34 697 511 523 214 743 421 701 516 669 159 805 618 911 893 301 487 868 976 122 464 810 427 94 769 268 377 431 488 402 76 730 705 251 731 257 57 889 114 156 966 185 718 384 452 562 304 465 531 363 239 686 
224 370 626 161 818 200 798 479 134 122 625 985 374 65 991 154 780 308 370 465 691 450 661 113 723 386 992 236 31 640 186 417 496 541 546 158 564 125 774 507 612 240 45 448 983 193 781 341 79 789 94 719 414 681 333 560 329 814 566 705 806 871 173 661 731 521 839 368 704 364 902 261 690 944 9 491 862 270 229 199 
476 456 311 92 567 804 748 183 489 16 901 661 1000 453 744 801 612 794 875 31 548 264 603 782 688 299 294 191 647 698 705 887 367 409 848 435 709 699 31 939 733 992 38 688 558 664 391 573 210 487 73 804 340 435 316 645 181 834 112 62 492 372 179 315 875 701 628 345 659 340 764 852 184 820 124 306 305 454 980 694 592 
622 135 909 451 270 592 333 715 141 647 575 712 256 940 823 599 703 141 348 981 530 942 307 702 770 982 628 306 609 252 378 407 741 311 44 41 727 559 168 860 321 154 402 537 980 932 943 38 933 586 954 662 217 657 228 53 23 300 453 171 606 313 494 800 699 663 17 889 53 690 132 535 886 547 542 941 458 598 174 664 
694 1 955 677 531 693 288 106 601 864 500 368 99 376 979 751 59 724 827 469 708 653 339 800 737 128 708 800 89 297 60 392 104 448 145 977 135 919 127 809 412 454 562 147 541 292 357 149 610 414 800 983 147 670 610 78 882 46 563 122 231 682 702 440 193 987 168 121 62 375 494 667 474 513 516 602 882 434 346 414 632 
496 876 178 467 246 855 2 902 226 123 496 764 243 480 361 464 500 780 83 292 543 551 571 25 593 2 518 726 870 515 421 783 457 3 562 233 14 136 866 181 487 169 904 361 429 218 215 602 377 613 14 719 592 869 797 959 287 537 814 711 336 42 663 265 261 834 676 668 615 712 463 34 456 530 510 130 355 166 170 703 
993 874 676 217 496 381 930 345 226 160 420 934 755 62 101 28 832 483 559 850 702 749 40 998 784 106 358 447 881 194 356 565 41 289 67 116 891 259 643 394 35 344 174 356 842 387 958 111 383 309 43 423 630 411 514 767 870 252 606 469 435 833 506 622 800 348 313 886 534 763 714 128 780 503 929 932 903 477 982 266 482 
83 665 475 131 847 543 950 894 5 322 387 547 90 268 616 737 34 262 409 263 715 658 105 397 270 932 311 608 84 716 784 781 411 649 565 341 165 531 763 134 846 123 813 839 428 753 419 305 829 758 17 532 633 615 667 209 634 2 431 758 418 951 901 492 352 41 215 138 902 14 828 618 816 274 974 365 344 288 917 42 
992 34 927 442 535 184 234 354 903 702 388 257 577 865 211 910 324 644 736 52 376 943 924 30 717 38 958 730 321 387 64 915 192 397 556 822 327 156 244 492 664 464 20 707 952 252 876 665 932 875 514 656 76 501 462 871 129 173 825 238 589 384 204 875 374 473 334 675 626 513 475 417 971 776 705 175 549 614 37 675 489 
730 580 638 819 301 136 580 219 718 670 105 869 419 524 519 103 762 221 1000 258 67 33 155 766 881 570 989 442 293 893 726 13 934 363 515 527 681 779 457 347 258 729 817 884 408 579 677 428 949 865 744 767 262 24 157 469 201 842 250 418 431 305 714 440 741 622 893 920 291 530 822 101 235 521 34 759 734 939 317 96 
890 712 37 686 86 834 94 993 735 390 340 46 974 330 625 406 968 240 76 381 66 161 242 51 806 706 210 777 267 872 512 504 557 987 755 632 731 69 445 903 450 765 321 540 73 877 99 328 543 361 637 642 531 233 877 860 80 910 309 953 693 514 194 252 532 12 474 689 996 11 355 62 175 462 587 404 665 573 686 483 765 
182 430 210 130 568 545 277 204 669 345 615 184 462 442 803 724 311 45 99 776 326 677 241 305 778 829 930 517 408 316 796 792 400 622 271 691 119 745 690 459 747 820 587 111 159 721 248 159 902 617 514 320 531 862 292 405 121 511 96 52 487 932 386 373 108 805 668 471 412 449 251 602 915 36 97 758 458 886 341 825 
798 118 140 155 708 843 452 158 889 228 521 821 155 275 406 318 66 74 239 313 169 340 111 853 702 767 223 804 346 488 926 891 898 387 981 706 577 604 313 176 534 686 324 382 750 986 849 832 65 24 916 650 240 360 943 872 967 39 716 704 413 88 355 685 248 527 97 266 763 273 258 393 715 73 764 943 228 460 960 508 59 
419 475 865 952 796 205 745 917 157 228 165 496 443 592 774 218 932 866 56 500 175 177 614 109 360 915 69 648 879 398 947 709 446 504 971 510 549 962 143 694 137 440 838 766 647 520 791 430 221 197 296 44 10 795 864 706 26 286 88 833 406 18 619 257 122 996 167 481 256 825 216 930 541 873 83 730 355 640 248 966 
270 322 341 8 799 961 561 200 246 614 380 431 819 866 920 746 96 902 812 615 982 463 529 918 607 98 729 126 866 305 874 313 906 451 423 588 393 334 148 693 19 6 492 809 565 655 632 631 969 367 913 623 57 517 612 446 481 334 720 369 527 906 236 742 528 2 869 509 344 442 476 822 36 369 395 472 616 186 1000 919 927 
914 345 324 494 605 934 729 732 685 945 640 701 560 931 805 923 349 744 383 398 524 369 474 769 665 269 677 182 815 601 817 751 789 614 1000 996 202 326 693 74 198 940 106 27 151 890 736 37 898 100 799 474 37 54 742 807 546 471 434 231 204 646 783 135 565 188 182 480 567 872 298 611 465 522 229 702 554 993 187 85 
763 840 318 513 438 32 497 614 965 119 42 250 963 67 736 91 226 626 622 597 641 79 564 519 265 258 394 330 693 32 741 91 518 502 258 449 445 879 387 270 414 691 867 277 471 804 132 739 224 577 722 552 538 917 578 84 621 878 269 563 406 42 6 529 262 489 472 428 511 328 98 316 491 500 980 325 574 448 941 125 814 
762 453 674 132 77 124 372 915 434 433 348 75 8 126 151 581 523 733 924 926 70 109 145 486 351 47 164 583 934 967 228 775 409 808 813 501 417 832 907 709 72 538 534 511 30 66 617 754 976 143 744 810 28 899 434 265 413 896 254 312 641 372 377 99 574 990 930 383 647 288 103 23 301 281 800 968 801 931 810 187 
292 441 175 365 177 69 24 907 522 897 752 519 228 134 196 611 809 516 224 136 942 577 465 414 612 793 663 359 966 66 858 928 876 388 67 760 943 903 103 925 145 424 363 256 201 53 131 348 522 802 989 121 212 86 4 19 468 71 708 525 534 733 604 131 166 873 187 261 900 379 695 775 313 7 330 628 7 31 248 788 123 
378 975 902 630 922 80 242 659 23 223 21 179 42 162 402 742 119 314 961 679 807 323 724 998 49 699 212 633 987 143 669 550 214 348 702 418 61 787 762 10 202 797 135 856 334 61 118 535 567 643 958 806 187 23 583 901 381 175 414 801 118 114 186 18 361 310 190 1 385 796 334 310 83 419 494 1 162 789 650 634 
551 378 276 408 369 192 849 271 521 921 779 177 950 49 853 310 815 460 852 665 498 652 115 91 179 668 389 941 174 849 727 294 26 921 24 747 937 238 134 531 922 16 308 291 52 288 307 314 886 803 998 122 617 497 944 600 332 735 110 234 631 738 832 830 577 517 860 718 29 919 700 35 129 924 747 522 14 198 567 561 159 
208 393 765 977 525 342 164 542 964 218 128 594 731 260 785 266 348 919 666 412 307 38 62 192 883 100 127 296 296 592 692 600 626 731 379 953 959 319 93 311 664 354 711 717 894 694 700 257 881 476 333 404 819 751 651 893 93 509 726 793 842 293 353 75 170 373 650 81 75 795 624 219 493 314 416 140 470 490 807 723 
616 917 257 633 185 865 657 884 914 621 596 587 450 864 415 275 303 945 985 689 803 349 138 361 917 663 40 773 493 244 369 456 173 507 675 572 901 958 503 629 812 441 60 808 610 276 264 134 579 364 976 472 926 388 732 178 503 679 450 220 230 426 27 932 280 687 568 614 327 164 442 148 513 966 897 108 802 169 18 546 759 
982 564 718 508 641 311 725 105 377 365 48 949 840 177 65 73 908 992 849 129 903 693 668 992 506 18 761 81 852 481 524 585 302 723 339 153 546 156 63 250 720 833 518 383 250 742 9 944 37 749 396 24 981 493 627 204 891 761 931 81 896 866 169 885 421 494 686 556 916 187 134 453 587 983 846 515 447 5 494 480 
640 249 595 527 292 868 782 34 58 348 510 648 927 883 313 218 359 97 998 136 828 408 416 658 441 798 745 67 396 436 751 393 651 86 575 158 623 391 592 330 290 393 45 378 986 448 269 284 793 68 263 253 703 101 468 193 641 371 276 705 944 848 491 333 801 721 565 537 532 343 990 1 58 340 488 728 114 299 507 887 574 
821 508 447 125 695 796 748 119 922 94 988 486 896 566 622 96 25 898 174 728 224 915 670 933 445 100 550 138 535 816 517 352 755 889 987 207 541 297 272 452 562 658 699 382 46 397 4 333 503 125 183 562 490 611 34 64 612 925 41 804 932 979 755 451 92 160 65 318 296 496 673 179 171 123 10 707 866 272 801 182 
790 995 202 117 800 764 254 999 388 74 614 81 895 96 140 918 784 498 923 837 351 923 996 55 942 270 429 74 763 154 128 336 855 511 531 590 154 889 586 116 463 280 587 535 878 430 23 615 149 970 210 946 643 182 84 660 212 46 925 703 545 263 751 403 777 463 689 434 554 997 657 267 780 258 994 9 581 112 763 345 439 
800 516 142 517 529 492 393 84 636 688 864 432 809 466 880 552 154 552 836 787 605 659 874 604 213 518 674 934 970 576 258 110 814 850 349 157 104 660 28 258 397 296 266 209 16 964 94 413 127 687 271 78 31 466 34 184 107 68 368 557 431 486 154 121 220 76 643 918 736 570 169 851 986 246 826 825 717 506 175 125 
678 234 389 20 757 304 954 629 122 473 182 214 454 286 616 86 550 747 437 116 873 437 584 618 549 334 429 414 243 140 219 28 325 719 733 132 711 891 757 369 859 46 239 856 192 345 790 857 11 400 130 748 145 213 149 599 506 893 164 559 17 703 952 124 452 350 676 987 919 188 886 997 187 937 996 687 110 270 75 746 618 
712 874 431 291 151 309 256 820 645 370 905 981 742 829 435 867 68 464 150 139 911 624 477 945 346 307 989 22 524 798 353 131 234 363 137 91 194 598 398 322 545 599 975 148 63 184 597 525 772 766 996 905 275 771 153 521 318 316 882 881 209 590 960 598 507 931 457 138 625 917 985 575 65 631 371 391 97 803 71 730 
791 852 478 5 26 206 313 51 82 740 811 833 704 378 553 537 670 780 79 433 2 389 611 473 519 573 534 156 386 473 243 703 353 858 703 435 813 854 799 229 235 938 80 387 541 317 791 531 642 505 943 825 907 28 620 992 413 755 354 951 833 839 506 767 49 640 961 445 409 510 620 874 51 461 967 978 82 517 127 439 847 
866 405 172 952 938 766 12 685 268 399 10 241 395 713 360 636 11 954 679 264 202 139 561 783 365 989 445 966 599 460 868 50 7 935 521 632 686 411 191 815 313 87 755 402 842 906 712 744 949 763 927 876 680 296 171 541 353 839 171 158 958 946 655 576 573 731 33 285 116 215 802 319 328 609 801 320 196 617 286 629 
253 530 357 583 290 466 957 627 856 124 337 58 19 868 483 752 602 911 433 155 166 858 648 342 35 928 212 3 517 963 646 68 97 863 557 839 678 443 305 68 877 790 482 878 169 594 789 232 826 98 862 591 606 758 755 986 2 848 887 435 619 148 222 849 833 572 239 138 588 403 547 442 858 713 782 688 320 218 744 427 427 
859 721 152 586 748 302 875 934 70 729 868 57 967 202 387 803 73 524 623 585 840 33 857 5 978 355 670 899 483 221 44 30 876 129 474 54 492 265 447 868 21 734 544 327 466 797 204 812 677 115 232 239 22 206 865 495 389 726 722 475 871 823 704 253 660 585 242 502 499 11 634 675 664 247 221 681 709 989 611 586 
268 448 937 740 48 751 187 213 442 18 66 778 719 225 965 660 790 122 500 232 660 411 480 787 988 628 290 465 844 430 574 721 405 246 356 53 180 217 271 986 73 536 923 899 866 178 355 114 307 814 979 95 161 118 259 408 413 341 973 44 709 328 364 135 25 854 476 648 337 269 804 817 668 526 173 116 30 500 700 555 647 
630 851 271 214 509 411 978 516 630 131 704 242 673 968 943 391 199 684 263 438 736 97 276 211 607 220 545 329 403 426 342 450 388 401 264 374 12 643 899 141 615 178 260 848 413 433 971 454 351 326 302 250 237 257 313 191 950 254 61 468 502 597 904 935 580 151 561 857 667 664 801 717 203 709 991 738 843 323 998 300 
26 482 765 416 622 352 762 208 62 208 666 883 718 204 13 389 743 893 894 360 748 9 745 168 596 708 668 581 916 1000 762 767 910 1 75 65 2 695 619 595 380 963 957 294 422 81 625 260 116 438 240 917 52 943 310 914 883 861 405 911 46 615 667 595 439 613 103 965 731 901 298 504 749 796 804 964 410 290 111 36 924 
587 239 144 214 129 388 87 440 433 748 345 730 27 14 222 326 111 373 608 919 177 1000 898 968 201 386 633 194 397 693 500 698 172 790 477 366 729 365 600 933 147 517 76 871 436 594 316 882 54 380 552 527 991 746 998 497 224 796 518 752 278 240 595 984 169 671 669 162 224 899 756 738 796 171 730 877 123 624 616 161 
188 62 313 555 93 191 377 163 697 915 522 606 87 924 489 86 429 441 694 164 293 121 433 734 817 723 811 977 813 738 695 594 2 334 754 689 265 401 428 451 829 906 701 424 25 17 314 941 644 882 63 530 598 519 898 817 771 38 143 550 593 585 485 746 263 341 626 696 487 939 968 737 164 885 745 433 417 865 974 539 828 
287 315 946 827 56 225 575 300 198 550 791 158 977 57 109 16 206 867 239 206 142 656 101 553 486 572 468 533 845 526 926 430 965 67 109 769 410 692 356 566 895 182 775 513 489 325 748 943 166 472 574 727 17 619 131 565 54 352 519 153 508 905 670 253 742 736 205 570 533 593 650 232 85 351 656 572 593 350 688 901 
143 591 405 715 28 731 190 151 362 543 854 384 350 980 503 701 84 700 167 949 23 863 375 447 422 737 561 113 386 175 360 44 902 420 750 812 419 384 892 92 84 584 236 897 143 205 375 895 162 413 975 522 76 898 879 107 354 155 774 489 99 832 178 39 125 618 252 743 719 189 826 256 527 325 873 668 123 675 999 399 280 
688 265 631 419 485 799 651 992 395 246 857 805 494 852 671 681 522 161 775 570 883 289 576 542 105 854 894 478 791 349 531 93 437 91 482 852 533 570 637 984 414 702 197 603 982 916 351 487 315 535 230 294 671 863 544 33 717 159 767 998 81 714 748 409 341 414 345 921 944 642 389 16 455 519 223 688 918 970 500 840 
889 643 166 10 461 384 491 95 201 23 162 618 732 510 495 843 283 734 259 726 307 189 382 923 640 280 259 310 191 784 683 645 926 297 829 879 986 564 613 9 224 2 69 65 954 213 492 16 817 499 740 973 376 573 663 47 513 224 955 751 303 327 260 617 90 553 976 379 197 601 461 114 862 133 736 23 26 814 562 703 397 
164 260 396 907 635 941 622 483 930 254 812 914 784 622 869 557 864 213 838 279 294 891 538 85 422 406 334 619 916 609 657 853 388 197 15 626 765 822 887 345 552 363 391 696 265 12 843 439 4 547 422 71 818 503 411 193 266 45 730 709 683 977 400 871 317 282 537 910 186 768 272 713 730 257 80 427 83 953 287 541 
196 836 735 171 741 401 772 207 40 783 219 854 238 462 295 434 918 662 675 622 545 319 995 902 472 837 574 676 985 56 586 602 999 805 567 862 92 555 867 232 639 742 394 932 952 344 23 882 930 900 916 423 480 514 784 487 768 444 481 423 221 535 998 167 381 331 164 205 382 997 913 446 367 821 961 984 884 25 771 398 646 
2 388 230 954 288 892 336 117 877 481 382 251 767 634 796 739 621 99 339 50 349 272 124 901 319 60 480 862 620 96 530 912 673 165 183 757 925 611 870 708 749 909 98 376 350 906 618 870 922 285 422 956 176 667 724 391 544 862 95 943 716 720 32 563 300 811 538 556 40 242 625 547 994 505 665 855 511 203 118 309 
531 244 522 440 406 641 246 794 835 234 337 659 274 832 559 44 575 4 77 719 783 110 44 807 598 911 67 527 310 941 1000 244 315 490 413 978 401 221 680 664 786 412 945 272 793 164 590 973 768 878 370 80 327 422 876 852 104 861 628 415 99 229 279 429 674 190 119 947 19 909 99 942 680 66 138 981 832 699 26 708 750 
206 89 102 322 297 826 174 619 202 727 868 704 647 460 968 512 311 436 167 672 954 536 31 273 525 838 678 670 297 255 44 691 373 170 60 569 126 129 742 312 363 931 559 979 488 971 64 301 575 810 765 718 1000 946 582 953 250 520 996 749 39 518 442 706 479 5 145 755 312 24 496 240 489 54 913 944 60 377 428 768 
734 81 252 509 630 95 968 522 854 526 564 16 359 191 721 493 113 174 132 967 87 185 249 781 312 423 946 577 332 809 499 496 833 25 368 618 722 565 651 15 52 667 530 321 362 47 710 747 609 438 627 629 295 702 987 57 896 854 293 933 202 358 575 234 887 748 756 945 728 765 252 174 265 335 135 623 369 399 61 58 248 
962 542 449 745 88 143 336 964 235 8 522 697 757 368 591 988 652 777 334 108 845 756 952 177 998 513 821 689 924 127 548 474 854 643 480 474 16 720 616 273 371 181 805 584 67 574 200 391 769 282 819 711 503 286 223 84 430 181 190 681 256 56 174 844 5 870 250 199 233 451 432 173 877 675 281 375 952 316 83 411 
624 762 534 927 555 899 191 6 26 510 943 794 864 835 274 397 32 165 897 578 457 637 109 561 961 153 38 978 811 627 959 402 952 732 678 165 528 108 483 612 512 290 465 925 419 969 64 431 131 541 175 617 273 481 232 547 278 821 420 87 542 614 523 235 52 130 391 140 445 694 468 551 184 421 202 113 197 917 109 85 937 
209 233 581 828 244 551 602 320 396 427 736 417 283 23 930 554 264 446 113 483 860 125 444 181 584 583 950 485 914 633 170 790 353 369 577 920 18 491 53 715 349 760 836 160 555 39 672 882 529 784 636 585 368 417 328 374 285 436 902 181 295 268 581 473 554 606 516 784 360 447 113 558 754 469 810 35 936 280 45 77 
991 123 604 311 146 503 669 825 881 18 873 71 341 346 938 1000 704 421 341 211 758 722 28 375 595 705 451 383 433 997 200 859 583 603 997 453 207 436 890 710 306 871 739 657 345 552 758 36 80 816 278 686 422 451 35 244 428 576 50 187 622 254 368 432 814 514 848 959 830 798 77 750 646 316 635 253 608 640 155 218 247 
132 624 591 480 251 31 171 353 594 758 985 997 60 557 647 279 646 56 626 137 564 941 240 435 542 853 611 544 336 628 708 57 871 600 504 133 355 204 184 336 249 84 829 327 697 960 288 788 895 424 795 956 544 585 933 221 949 875 280 82 815 130 890 541 815 757 525 923 910 315 413 552 954 10 738 239 794 163 439 868 
973 464 393 977 880 559 340 750 398 236 18 344 4 313 136 832 701 175 447 351 129 188 235 496 675 188 293 579 376 976 112 978 217 728 21 441 177 778 363 418 864 33 391 772 275 177 75 188 425 453 655 61 975 348 987 334 421 94 94 786 271 982 869 247 179 608 807 610 469 781 499 35 521 485 502 684 203 380 817 856 913 
246 584 413 172 995 208 365 777 465 77 142 578 434 614 991 828 638 39 902 41 761 664 567 385 849 300 392 753 552 488 794 549 864 27 564 652 441 38 964 26 393 202 171 232 424 546 35 78 982 337 159 755 645 826 914 637 990 734 649 564 872 395 899 401 396 193 588 715 672 957 104 273 617 121 463 598 769 286 564 324 
514 385 977 487 291 349 137 239 941 546 563 879 192 986 802 323 240 406 637 836 730 479 183 251 687 210 325 778 466 343 818 94 272 129 892 135 253 900 540 714 26 670 972 979 919 200 520 380 342 293 545 373 78 522 982 332 235 99 44 72 97 661 994 850 402 533 387 339 956 7 343 562 751 777 391 890 579 963 385 784 816 
448 572 94 654 690 305 178 916 795 30 934 183 32 784 404 636 431 839 801 655 227 264 465 948 770 20 124 91 647 902 331 314 45 313 851 88 97 508 104 230 873 388 409 508 124 518 851 290 662 330 744 193 169 344 610 404 129 52 334 675 472 307 259 567 771 344 331 474 35 285 260 937 910 787 301 373 649 288 276 930 
962 252 917 935 649 718 385 948 745 720 84 652 54 910 879 72 740 74 758 765 851 128 78 600 202 264 366 90 915 159 88 418 703 398 754 77 422 875 776 102 296 601 722 888 128 832 498 98 214 500 892 823 308 675 745 550 957 308 829 774 636 293 426 285 188 161 270 655 913 811 801 402 895 513 468 159 352 131 627 263 621 
559 405 476 466 748 684 614 309 171 170 663 413 510 54 617 162 644 727 55 174 67 397 625 140 790 862 444 396 669 697 999 802 561 97 337 172 542 40 198 181 423 564 807 338 26 117 652 760 985 391 777 505 782 597 186 569 391 604 177 73 110 622 141 132 528 521 731 692 200 220 779 13 313 775 241 253 151 878 205 113 
520 841 429 929 951 380 30 390 326 565 34 954 157 659 869 453 838 647 657 971 642 638 61 352 646 267 755 220 863 644 65 416 31 87 337 600 586 228 898 518 761 43 561 815 964 78 124 745 158 573 686 831 400 110 761 482 101 128 777 75 456 616 581 266 670 562 408 379 698 247 504 248 256 520 561 462 293 523 596 520 419 
582 126 261 63 861 135 338 349 65 623 440 517 982 832 167 513 791 767 516 826 980 652 369 810 958 282 653 322 873 718 126 349 452 993 166 121 969 798 116 354 250 369 759 69 169 638 493 702 800 750 156 828 613 73 997 501 527 696 564 11 478 637 915 707 349 94 37 833 160 45 1 681 30 288 325 467 494 293 663 916 
629 404 959 173 729 226 271 716 540 179 638 577 675 156 241 177 937 958 111 653 476 662 890 30 267 139 410 88 755 549 799 410 611 481 346 240 105 407 382 432 575 889 977 1000 111 389 616 993 203 467 214 850 857 797 836 163 364 30 976 696 371 262 272 242 645 785 698 105 106 397 182 37 20 236 898 698 51 367 827 254 573 
838 736 538 134 142 170 529 234 517 905 504 357 681 345 967 147 230 752 750 590 910 108 699 821 399 941 489 617 102 784 710 645 88 322 734 349 858 939 259 577 261 720 838 33 676 574 699 37 382 632 916 734 771 490 893 218 706 403 273 642 736 286 772 576 906 458 169 159 954 366 874 670 744 747 292 98 931 993 399 22 
